0 Untitled
0 Name: esfera2.ldr
0 Author: CPCBEGIN
0 Unofficial Model
0 ROTATION CENTER 0 0 0 1 "Custom" 
0 ROTATION CONFIG 0 0
0 MLCAD BTG 2
1 1 -5 0 22 1 0 0 0 0 1 0 -1 0 chimenea.dat
0 MLCAD BTG 2
1 1 -5.5 0 36 0.980785 0.19509 0 0 0 1 0.19509 -0.980785 0 chimenea.dat
0 MLCAD BTG 2
1 1 -8.819 0 49.237 0.92388 0.382683 0 0 0 1 0.382683 -0.92388 0 chimenea.dat
0 MLCAD BTG 2
1 1 -14.656 0 61.573 0.83147 0.55557 0 0 0 1 0.55557 -0.83147 0 chimenea.dat
0 MLCAD BTG 2
1 1 -22.788 0 72.533 0.707107 0.707107 0 0 0 1 0.707107 -0.707107 0 chimenea.dat
0 MLCAD BTG 2
1 1 -32.901 0 81.695 0.55557 0.83147 0 0 0 1 0.83147 -0.55557 0 chimenea.dat
0 MLCAD BTG 2
1 1 -44.608 0 88.71 0.382683 0.92388 0 0 0 1 0.92388 -0.382683 0 chimenea.dat
0 MLCAD BTG 2
1 1 -57.459 0 93.306 0.19509 0.980785 0 0 0 1 0.980785 -0.19509 0 chimenea.dat
0 MLCAD BTG 1
1 1 -103.372 0 95.784 0 1 0 0 0 1 1 0 0 chimenea.dat
0 MLCAD BTG 1
1 1 -117.372 0 95.284 -0.19509 0.980785 0 0 0 1 0.980785 0.19509 0 chimenea.dat
0 MLCAD BTG 1
1 1 -130.609 0 91.965 -0.382683 0.92388 0 0 0 1 0.92388 0.382683 0 chimenea.dat
0 MLCAD BTG 1
1 1 -142.945 0 86.128 -0.55557 0.83147 0 0 0 1 0.83147 0.55557 0 chimenea.dat
0 MLCAD BTG 1
1 1 -153.905 0 77.996 -0.707107 0.707107 0 0 0 1 0.707107 0.707107 0 chimenea.dat
0 MLCAD BTG 1
1 1 -163.067 0 67.883 -0.83147 0.55557 0 0 0 1 0.55557 0.83147 0 chimenea.dat
0 MLCAD BTG 1
1 1 -170.082 0 56.176 -0.92388 0.382683 0 0 0 1 0.382683 0.92388 0 chimenea.dat
0 MLCAD BTG 1
1 1 -174.678 0 43.325 -0.980785 0.19509 0 0 0 1 0.19509 0.980785 0 chimenea.dat
0 MLCAD BTG 1
1 1 -177.372 0 30.284 -1 0 0 0 0 1 0 1 0 chimenea.dat
0 MLCAD BTG 1
1 1 -176.872 0 16.284 -0.980785 -0.19509 0 0 0 1 -0.19509 0.980785 0 chimenea.dat
0 MLCAD BTG 1
1 1 -173.553 0 3.047 -0.92388 -0.382683 0 0 0 1 -0.382683 0.92388 0 chimenea.dat
0 MLCAD BTG 1
1 1 -167.716 0 -9.289 -0.83147 -0.55557 0 0 0 1 -0.55557 0.83147 0 chimenea.dat
0 MLCAD BTG 1
1 1 -159.584 0 -20.249 -0.707107 -0.707107 0 0 0 1 -0.707107 0.707107 0 chimenea.dat
0 MLCAD BTG 1
1 1 -149.471 0 -29.411 -0.55557 -0.83147 0 0 0 1 -0.83147 0.55557 0 chimenea.dat
0 MLCAD BTG 1
1 1 -137.764 0 -36.426 -0.382683 -0.92388 0 0 0 1 -0.92388 0.382683 0 chimenea.dat
0 MLCAD BTG 1
1 1 -124.913 0 -41.022 -0.19509 -0.980785 0 0 0 1 -0.980785 0.19509 0 chimenea.dat
0 GROUP 16 1
0 MLCAD BTG 2
1 1 -79 0 -43.5 0 -1 0 0 0 1 -1 0 0 chimenea.dat
0 MLCAD BTG 2
1 1 -65 0 -43 0.19509 -0.980785 0 0 0 1 -0.980785 -0.19509 0 chimenea.dat
0 MLCAD BTG 2
1 1 -51.762 0 -39.681 0.382683 -0.92388 0 0 0 1 -0.92388 -0.382683 0 chimenea.dat
0 MLCAD BTG 2
1 1 -39.427 0 -33.844 0.55557 -0.83147 0 0 0 1 -0.83147 -0.55557 0 chimenea.dat
0 MLCAD BTG 2
1 1 -28.467 0 -25.712 0.707107 -0.707107 0 0 0 1 -0.707107 -0.707107 0 chimenea.dat
0 MLCAD BTG 2
1 1 -19.305 0 -15.599 0.83147 -0.55557 0 0 0 1 -0.55557 -0.83147 0 chimenea.dat
0 MLCAD BTG 2
1 1 -12.29 0 -3.892 0.92388 -0.382683 0 0 0 1 -0.382683 -0.92388 0 chimenea.dat
0 MLCAD BTG 2
1 1 -7.694 0 8.959 0.980785 -0.19509 0 0 0 1 -0.19509 -0.980785 0 chimenea.dat
0 GROUP 16 2
1 4 -103.018 10 -33.645 0 -1 0 0 0 -1 1 0 0 enganch2.dat
1 1 -103.018 -10 -33.645 0 -1 0 0 0 1 -1 0 0 enganch2.dat
1 1 -111 0 -43.5 0 -1 0 0 0 -1 1 0 0 chimplac.dat
1 4 -79.018 10 86.355 0 1 0 0 0 -1 -1 0 0 enganch2.dat
1 1 -79.018 -10 86.355 0 1 0 0 0 1 1 0 0 enganch2.dat
1 1 -71.036 0 96.21 0 1 0 0 0 -1 -1 0 0 chimplac.dat
0
