0 Untitled
0 Name: esfera1.ldr
0 Author: CPCBEGIN
0 Unofficial Model
0 ROTATION CENTER 0 0 0 1 "Custom" 
0 ROTATION CONFIG 0 0
1 1 -5 0 22 1 0 0 0 0 1 0 -1 0 chimenea.dat
1 1 -5.5 0 36 0.980785 0.19509 0 0 0 1 0.19509 -0.980785 0 chimenea.dat
1 1 -8.819 0 49.237 0.92388 0.382683 0 0 0 1 0.382683 -0.92388 0 chimenea.dat
1 1 -14.656 0 61.573 0.83147 0.55557 0 0 0 1 0.55557 -0.83147 0 chimenea.dat
1 1 -22.788 0 72.533 0.707107 0.707107 0 0 0 1 0.707107 -0.707107 0 chimenea.dat
1 1 -32.901 0 81.695 0.55557 0.83147 0 0 0 1 0.83147 -0.55557 0 chimenea.dat
1 1 -44.608 0 88.71 0.382683 0.92388 0 0 0 1 0.92388 -0.382683 0 chimenea.dat
1 1 -57.459 0 93.306 0.19509 0.980785 0 0 0 1 0.980785 -0.19509 0 chimenea.dat
1 1 -71 0 95.5 0 1 0 0 0 1 1 0 0 chimenea.dat
1 1 -85 0 95 -0.19509 0.980785 0 0 0 1 0.980785 0.19509 0 chimenea.dat
1 1 -98.237 0 91.681 -0.382683 0.92388 0 0 0 1 0.92388 0.382683 0 chimenea.dat
1 1 -110.573 0 85.844 -0.55557 0.83147 0 0 0 1 0.83147 0.55557 0 chimenea.dat
1 1 -121.533 0 77.712 -0.707107 0.707107 0 0 0 1 0.707107 0.707107 0 chimenea.dat
1 1 -130.695 0 67.599 -0.83147 0.55557 0 0 0 1 0.55557 0.83147 0 chimenea.dat
1 1 -137.71 0 55.892 -0.92388 0.382683 0 0 0 1 0.382683 0.92388 0 chimenea.dat
1 1 -142.306 0 43.041 -0.980785 0.19509 0 0 0 1 0.19509 0.980785 0 chimenea.dat
1 1 -145 0 30 -1 0 0 0 0 1 0 1 0 chimenea.dat
1 1 -144.5 0 16 -0.980785 -0.19509 0 0 0 1 -0.19509 0.980785 0 chimenea.dat
1 1 -141.181 0 2.763 -0.92388 -0.382683 0 0 0 1 -0.382683 0.92388 0 chimenea.dat
1 1 -135.344 0 -9.573 -0.83147 -0.55557 0 0 0 1 -0.55557 0.83147 0 chimenea.dat
1 1 -127.212 0 -20.533 -0.707107 -0.707107 0 0 0 1 -0.707107 0.707107 0 chimenea.dat
1 1 -117.099 0 -29.695 -0.55557 -0.83147 0 0 0 1 -0.83147 0.55557 0 chimenea.dat
1 1 -105.392 0 -36.71 -0.382683 -0.92388 0 0 0 1 -0.92388 0.382683 0 chimenea.dat
1 1 -92.541 0 -41.306 -0.19509 -0.980785 0 0 0 1 -0.980785 0.19509 0 chimenea.dat
1 1 -79 0 -43.5 0 -1 0 0 0 1 -1 0 0 chimenea.dat
1 1 -65 0 -43 0.19509 -0.980785 0 0 0 1 -0.980785 -0.19509 0 chimenea.dat
1 1 -51.762 0 -39.681 0.382683 -0.92388 0 0 0 1 -0.92388 -0.382683 0 chimenea.dat
1 1 -39.427 0 -33.844 0.55557 -0.83147 0 0 0 1 -0.83147 -0.55557 0 chimenea.dat
1 1 -28.467 0 -25.712 0.707107 -0.707107 0 0 0 1 -0.707107 -0.707107 0 chimenea.dat
1 1 -19.305 0 -15.599 0.83147 -0.55557 0 0 0 1 -0.55557 -0.83147 0 chimenea.dat
1 1 -12.29 0 -3.892 0.92388 -0.382683 0 0 0 1 -0.382683 -0.92388 0 chimenea.dat
1 1 -7.694 0 8.959 0.980785 -0.19509 0 0 0 1 -0.19509 -0.980785 0 chimenea.dat
1 1 -95.018 -10 26.355 1 0 0 0 0 1 0 -1 0 enganch2.dat
1 1 -95.018 10 26.355 1 0 0 0 0 -1 0 1 0 enganch2.dat
1 1 -55.018 -10 26.355 -1 0 0 0 0 1 0 1 0 enganch2.dat
1 1 -76 -10 25.5 1 0 0 0 1 0 0 0 1 semicupg.dat
1 1 -76 -10 25.5 -1 0 0 0 1 0 0 0 -1 semicupg.dat
1 1 -76 8 25.5 1 0 0 0 -1 0 0 0 -1 semicupg.dat
1 1 -76 8 25.5 -1 0 0 0 -1 0 0 0 1 semicupg.dat
1 1 -55.018 10 26.355 -1 0 0 0 0 -1 0 -1 0 enganch2.dat
1 1 -55 -10 50.5 0 0 -1 1 0 0 0 -1 0 bald2.dat
1 1 -95 -10 2.5 0 0 1 1 0 0 0 1 0 bald2.dat
0
