0 Untitled
0 Name: esfera3.ldr
0 Author: MLCad
0 Unofficial Model
0 ROTATION CENTER 0 0 0 1 "Custom" 
0 ROTATION CONFIG 0 0
0 MLCAD BTG lamina8
1 4 -20 0 -10 -1 0 0 0 1 0 0 0 -1 popa6p.dat
0 MLCAD BTG lamina8
1 4 -20 -16 -10 1 0 0 0 1 0 0 0 1 bisnraba.dat
0 MLCAD BTG lamina8
1 4 -20 8 -10 1 0 0 0 1 0 0 0 1 bisnrarr.dat
0 MLCAD BTG lamina8
1 4 -20 8 -10 1 0 0 0 1 0 0 0 1 bisnreje.dat
0 MLCAD BTG lamina8
1 4 -20 -23.144 -12.304 -1 0 0 0 0.965926 0.258819 0 0.258819 -0.965926 popa6p.dat
0 MLCAD BTG lamina8
1 4 -20 -38.599 -16.445 1 0 0 0 0.965926 -0.258819 0 0.258819 0.965926 bisnraba.dat
0 MLCAD BTG lamina8
1 4 -20 -15.417 -10.233 1 0 0 0 0.965926 -0.258819 0 0.258819 0.965926 bisnrarr.dat
0 MLCAD BTG lamina8
1 4 -20 -15.417 -10.233 1 0 0 0 0.965926 -0.258819 0 0.258819 0.965926 bisnreje.dat
0 MLCAD BTG lamina8
1 4 -20 -44.991 -19.57 -1 0 0 0 0.866025 0.5 0 0.5 -0.866025 popa6p.dat
0 MLCAD BTG lamina8
1 4 -20 -58.848 -27.57 1 0 0 0 0.866025 -0.5 0 0.5 0.866025 bisnraba.dat
0 MLCAD BTG lamina8
1 4 -20 -38.063 -15.57 1 0 0 0 0.866025 -0.5 0 0.5 0.866025 bisnrarr.dat
0 MLCAD BTG lamina8
1 4 -20 -38.063 -15.57 1 0 0 0 0.866025 -0.5 0 0.5 0.866025 bisnreje.dat
0 MLCAD BTG lamina8
1 4 -20 -63.882 -33.138 -1 0 0 0 0.707107 0.707107 0 0.707107 -0.707107 popa6p.dat
0 MLCAD BTG lamina8
1 4 -20 -75.196 -44.452 1 0 0 0 0.707107 -0.707107 0 0.707107 0.707107 bisnraba.dat
0 MLCAD BTG lamina8
1 4 -20 -58.226 -27.48 1 0 0 0 0.707107 -0.707107 0 0.707107 0.707107 bisnrarr.dat
0 MLCAD BTG lamina8
1 4 -20 -58.226 -27.48 1 0 0 0 0.707107 -0.707107 0 0.707107 0.707107 bisnreje.dat
0 MLCAD BTG lamina8
1 4 -20 -79.542 -51.422 -1 0 0 0 0.5 0.866025 0 0.866025 -0.5 popa6p.dat
0 MLCAD BTG lamina8
1 4 -20 -87.542 -65.279 1 0 0 0 0.5 -0.866025 0 0.866025 0.5 bisnraba.dat
0 MLCAD BTG lamina8
1 4 -20 -75.542 -44.494 1 0 0 0 0.5 -0.866025 0 0.866025 0.5 bisnrarr.dat
0 MLCAD BTG lamina8
1 4 -20 -75.542 -44.494 1 0 0 0 0.5 -0.866025 0 0.866025 0.5 bisnreje.dat
0 MLCAD BTG lamina8
1 4 -20 -89.118 -72.618 -1 0 0 0 0.258819 0.965926 0 0.965926 -0.258819 popa6p.dat
0 MLCAD BTG lamina8
1 4 -20 -93.259 -88.073 1 0 0 0 0.258819 -0.965926 0 0.965926 0.258819 bisnraba.dat
0 MLCAD BTG lamina8
1 4 -20 -87.049 -64.89 1 0 0 0 0.258819 -0.965926 0 0.965926 0.258819 bisnrarr.dat
0 MLCAD BTG lamina8
1 4 -20 -87.049 -64.89 1 0 0 0 0.258819 -0.965926 0 0.965926 0.258819 bisnreje.dat
0 MLCAD BTG lamina8
1 4 -20 -93.749 -95.17 -1 0 0 0 0 1 0 1 0 popa6p.dat
0 MLCAD BTG lamina8
1 4 -20 -93.75 -111.171 1 0 0 0 0 -1 0 1 0 bisnraba.dat
0 MLCAD BTG lamina8
1 4 -20 -93.749 -87.171 1 0 0 0 0 -1 0 1 0 bisnrarr.dat
0 MLCAD BTG lamina8
1 4 -20 -93.749 -87.171 1 0 0 0 0 -1 0 1 0 bisnreje.dat
0 MLCAD BTG lamina8
1 4 -20 -91.446 -118.314 -1 0 0 0 -0.258819 0.965926 0 0.965926 0.258819 popa6p.dat
0 MLCAD BTG lamina8
1 4 -20 -87.304 -133.77 1 0 0 0 -0.258819 -0.965926 0 0.965926 -0.258819 bisnraba.dat
0 MLCAD BTG lamina8
1 4 -20 -93.517 -110.587 1 0 0 0 -0.258819 -0.965926 0 0.965926 -0.258819 bisnrarr.dat
0 MLCAD BTG lamina8
1 4 -20 -93.517 -110.587 1 0 0 0 -0.258819 -0.965926 0 0.965926 -0.258819 bisnreje.dat
0 GROUP 32 lamina8
1 4 -20 72.006 -147.659 -1 0 0 0 -0.5 -0.866025 0 -0.866025 0.5 popa6p.dat
1 4 -20 80.006 -133.802 1 0 0 0 -0.5 0.866025 0 -0.866025 -0.5 bisnraba.dat
1 4 -20 68.006 -154.588 1 0 0 0 -0.5 0.866025 0 -0.866025 -0.5 bisnrarr.dat
1 4 -20 68.006 -154.588 1 0 0 0 -0.5 0.866025 0 -0.866025 -0.5 bisnreje.dat
1 4 -20 81.584 -126.465 -1 0 0 0 -0.258819 -0.965926 0 -0.965926 0.258819 popa6p.dat
1 4 -20 85.723 -111.009 1 0 0 0 -0.258819 0.965926 0 -0.965926 -0.258819 bisnraba.dat
1 4 -20 79.513 -134.191 1 0 0 0 -0.258819 0.965926 0 -0.965926 -0.258819 bisnrarr.dat
1 4 -20 79.513 -134.191 1 0 0 0 -0.258819 0.965926 0 -0.965926 -0.258819 bisnreje.dat
1 4 -20 86.215 -103.91 -1 0 0 0 0 -1 0 -1 0 popa6p.dat
1 4 -20 86.214 -87.91 1 0 0 0 0 1 0 -1 0 bisnraba.dat
1 4 -20 86.214 -111.909 1 0 0 0 0 1 0 -1 0 bisnrarr.dat
1 4 -20 86.214 -111.909 1 0 0 0 0 1 0 -1 0 bisnreje.dat
1 4 -20 83.91 -80.767 -1 0 0 0 0.258819 -0.965926 0 -0.965926 -0.258819 popa6p.dat
1 4 -20 79.768 -65.311 1 0 0 0 0.258819 0.965926 0 -0.965926 0.258819 bisnraba.dat
1 4 -20 85.981 -88.494 1 0 0 0 0.258819 0.965926 0 -0.965926 0.258819 bisnrarr.dat
1 4 -20 85.981 -88.494 1 0 0 0 0.258819 0.965926 0 -0.965926 0.258819 bisnreje.dat
1 4 -20 75.904 -58.064 -1 0 0 0 0.5 -0.866025 0 -0.866025 -0.5 popa6p.dat
1 4 -20 67.904 -44.206 1 0 0 0 0.5 0.866025 0 -0.866025 0.5 bisnraba.dat
1 4 -20 79.902 -64.99 1 0 0 0 0.5 0.866025 0 -0.866025 0.5 bisnrarr.dat
1 4 -20 79.902 -64.99 1 0 0 0 0.5 0.866025 0 -0.866025 0.5 bisnreje.dat
1 4 -20 62.337 -39.173 -1 0 0 0 0.707107 -0.707107 0 -0.707107 -0.707107 popa6p.dat
1 4 -20 51.022 -27.858 1 0 0 0 0.707107 0.707107 0 -0.707107 0.707107 bisnraba.dat
1 4 -20 67.994 -44.828 1 0 0 0 0.707107 0.707107 0 -0.707107 0.707107 bisnrarr.dat
1 4 -20 67.994 -44.828 1 0 0 0 0.707107 0.707107 0 -0.707107 0.707107 bisnreje.dat
1 4 -20 45.121 -23.885 -1 0 0 0 0.866025 -0.5 0 -0.5 -0.866025 popa6p.dat
1 4 -20 31.265 -15.883 1 0 0 0 0.866025 0.5 0 -0.5 0.866025 bisnraba.dat
1 4 -20 52.05 -27.884 1 0 0 0 0.866025 0.5 0 -0.5 0.866025 bisnrarr.dat
1 4 -20 52.05 -27.884 1 0 0 0 0.866025 0.5 0 -0.5 0.866025 bisnreje.dat
1 4 -20 23.927 -14.306 -1 0 0 0 0.965926 -0.258819 0 -0.258819 -0.965926 popa6p.dat
1 4 -20 8.469 -10.168 1 0 0 0 0.965926 0.258819 0 -0.258819 0.965926 bisnraba.dat
1 4 -20 31.653 -16.379 1 0 0 0 0.965926 0.258819 0 -0.258819 0.965926 bisnrarr.dat
1 4 -20 31.653 -16.379 1 0 0 0 0.965926 0.258819 0 -0.258819 0.965926 bisnreje.dat
1 4 -20 -84.011 -140.488 -1 0 0 0 -0.5 0.866025 0 0.866025 0.5 popa6p.dat
1 4 -20 -76.011 -154.345 1 0 0 0 -0.5 -0.866025 0 0.866025 -0.5 bisnraba.dat
1 4 -20 -88.011 -133.559 1 0 0 0 -0.5 -0.866025 0 0.866025 -0.5 bisnrarr.dat
1 4 -20 -88.011 -133.559 1 0 0 0 -0.5 -0.866025 0 0.866025 -0.5 bisnreje.dat
1 4 -20 -70.442 -159.379 -1 0 0 0 -0.707107 0.707107 0 0.707107 0.707107 popa6p.dat
1 4 -20 -59.129 -170.692 1 0 0 0 -0.707107 -0.707107 0 0.707107 -0.707107 bisnraba.dat
1 4 -20 -76.101 -153.723 1 0 0 0 -0.707107 -0.707107 0 0.707107 -0.707107 bisnrarr.dat
1 4 -20 -76.101 -153.723 1 0 0 0 -0.707107 -0.707107 0 0.707107 -0.707107 bisnreje.dat
1 4 -20 -53.228 -174.665 -1 0 0 0 -0.866025 0.5 0 0.5 0.866025 popa6p.dat
1 4 -20 -39.371 -182.667 1 0 0 0 -0.866025 -0.5 0 0.5 -0.866025 bisnraba.dat
1 4 -20 -60.155 -170.666 1 0 0 0 -0.866025 -0.5 0 0.5 -0.866025 bisnrarr.dat
1 4 -20 -60.155 -170.666 1 0 0 0 -0.866025 -0.5 0 0.5 -0.866025 bisnreje.dat
1 4 -20 -32.032 -184.243 -1 0 0 0 -0.965926 0.258819 0 0.258819 0.965926 popa6p.dat
1 4 -20 -16.577 -188.384 1 0 0 0 -0.965926 -0.258819 0 0.258819 -0.965926 bisnraba.dat
1 4 -20 -39.76 -182.173 1 0 0 0 -0.965926 -0.258819 0 0.258819 -0.965926 bisnrarr.dat
1 4 -20 -39.76 -182.173 1 0 0 0 -0.965926 -0.258819 0 0.258819 -0.965926 bisnreje.dat
1 4 -20 -8.366 -188.662 -1 0 0 0 -1 0 0 0 1 popa6p.dat
1 4 -20 7.633 -188.662 1 0 0 0 -1 0 0 0 -1 bisnraba.dat
1 4 -20 -16.368 -188.66 1 0 0 0 -1 0 0 0 -1 bisnrarr.dat
1 4 -20 -16.368 -188.66 1 0 0 0 -1 0 0 0 -1 bisnreje.dat
1 4 -20 14.776 -186.359 -1 0 0 0 -0.965926 -0.258819 0 -0.258819 0.965926 popa6p.dat
1 4 -20 30.232 -182.216 1 0 0 0 -0.965926 0.258819 0 -0.258819 -0.965926 bisnraba.dat
1 4 -20 7.049 -188.429 1 0 0 0 -0.965926 0.258819 0 -0.258819 -0.965926 bisnrarr.dat
1 4 -20 7.049 -188.429 1 0 0 0 -0.965926 0.258819 0 -0.258819 -0.965926 bisnreje.dat
1 4 -20 36.623 -179.092 -1 0 0 0 -0.866025 -0.5 0 -0.5 0.866025 popa6p.dat
1 4 -20 50.481 -171.094 1 0 0 0 -0.866025 0.5 0 -0.5 -0.866025 bisnraba.dat
1 4 -20 29.695 -183.09 1 0 0 0 -0.866025 0.5 0 -0.5 -0.866025 bisnrarr.dat
1 4 -20 29.695 -183.09 1 0 0 0 -0.866025 0.5 0 -0.5 -0.866025 bisnreje.dat
1 4 -20 55.513 -165.526 -1 0 0 0 -0.707107 -0.707107 0 -0.707107 0.707107 popa6p.dat
1 4 -20 66.829 -154.208 1 0 0 0 -0.707107 0.707107 0 -0.707107 -0.707107 bisnraba.dat
1 4 -20 49.859 -171.184 1 0 0 0 -0.707107 0.707107 0 -0.707107 -0.707107 bisnrarr.dat
1 4 -20 49.859 -171.184 1 0 0 0 -0.707107 0.707107 0 -0.707107 -0.707107 bisnreje.dat
0
