0 Untitled
0 Name: MazingerZ.ldr
0 Author: MLCad
0 Unofficial Model
0 !COLOUR Kaki CODE 77 VALUE #424510 EDGE #222222 ALPHA 255
0 ROTATION CENTER 0 0 0 1 "Custom" 
0 ROTATION CONFIG 0 0
1 4 20 -50 0 1 0 0 0 1 0 0 0 1 Planeador3.ldr
1 7 -212.287 343.948 149.999 0.584249 0.811575 0 -0.811574 0.584249 0 0 0 1 alaafmed.dat
1 7 -124 235.001 150 0 0 1 0 -1 0 1 0 0 bisnraba.dat
1 7 -64 218.001 130 -1 0 0 0 -1 0 0 0 1 placa2x3.dat
1 7 164 218.001 130 -1 0 0 0 -1 0 0 0 1 placa2x3.dat
1 7 -54 234.001 190 0 0 -1 0 -1 0 -1 0 0 placa2x3.dat
1 7 -54 234.001 130 0 0 -1 0 -1 0 -1 0 0 placa2x2.dat
1 7 -74 242.001 170 0.859406 0 0.511293 0 -1 0 0.511293 0 -0.859406 soprtmar.dat
1 7 -87.707 250.001 173.482 0.859406 0 0.511293 0 -1 0 0.511293 0 -0.859406 enganch2.dat
1 7 -113.489 250.001 158.143 0.859406 0.511293 0 0 0 1 0.511293 -0.859406 0 placa4.dat
1 7 -108.985 260.001 170.13 0.859406 0.511293 0 0 0 1 0.511293 -0.859406 0 tubo.dat
1 7 -57.421 260.001 200.807 0.859406 0.511293 0 0 0 1 0.511293 -0.859406 0 tubo.dat
1 7 -64.579 260.001 212.839 0.859406 0.511293 0 0 0 1 0.511293 -0.859406 0 soprtmar.dat
1 7 -116.143 260.001 182.161 0.859406 0.511293 0 0 0 1 0.511293 -0.859406 0 soprtmar.dat
1 7 -74 242.001 130 -0.859406 0 0.511293 0 -1 0 0.511293 0 0.859406 soprtmar.dat
1 7 -70.518 250.001 116.293 -0.859406 0 0.511293 0 -1 0 0.511293 0 0.859406 enganch2.dat
1 7 -44.737 250.001 100.954 -0.859406 0.511293 0 0 0 1 0.511293 0.859406 0 placa4.dat
1 7 -57.421 260.001 99.193 -0.859406 0.511293 0 0 0 1 0.511293 0.859406 0 tubo.dat
1 7 -108.985 260.001 129.87 -0.859406 0.511293 0 0 0 1 0.511293 0.859406 0 tubo.dat
1 7 -116.655 260.001 116.979 -0.859406 0.511293 0 0 0 1 0.511293 0.859406 0 soprtmar.dat
1 7 -65.091 260.001 86.301 -0.859406 0.511293 0 0 0 1 0.511293 0.859406 0 soprtmar.dat
1 7 114 242.001 130 -0.859406 0 -0.511293 0 -1 0 -0.511293 0 0.859406 soprtmar.dat
1 7 127.708 250.001 126.518 -0.859406 0 -0.511293 0 -1 0 -0.511293 0 0.859406 enganch2.dat
1 7 153.49 250.001 141.858 -0.859406 -0.511293 0 0 0 1 -0.511293 0.859406 0 placa4.dat
1 7 148.986 260.001 129.869 -0.859406 -0.511293 0 0 0 1 -0.511293 0.859406 0 tubo.dat
1 7 97.42 260.001 99.193 -0.859406 -0.511293 0 0 0 1 -0.511293 0.859406 0 tubo.dat
1 7 105.09 260.001 86.3 -0.859406 -0.511293 0 0 0 1 -0.511293 0.859406 0 soprtmar.dat
1 7 156.654 260.001 116.978 -0.859406 -0.511293 0 0 0 1 -0.511293 0.859406 0 soprtmar.dat
1 7 114 242.001 170 0.859406 0 -0.511293 0 -1 0 -0.511293 0 -0.859406 soprtmar.dat
1 7 110.518 250.001 183.707 0.859406 0 -0.511293 0 -1 0 -0.511293 0 -0.859406 enganch2.dat
1 7 84.737 250.001 199.046 0.859406 -0.511293 0 0 0 1 -0.511293 -0.859406 0 placa4.dat
1 7 97.421 260.001 200.807 0.859406 -0.511293 0 0 0 1 -0.511293 -0.859406 0 tubo.dat
1 7 148.985 260.001 170.13 0.859406 -0.511293 0 0 0 1 -0.511293 -0.859406 0 tubo.dat
1 7 156.655 260.001 183.021 0.859406 -0.511293 0 0 0 1 -0.511293 -0.859406 0 soprtmar.dat
1 7 105.091 260.001 213.699 0.859406 -0.511293 0 0 0 1 -0.511293 -0.859406 0 soprtmar.dat
1 7 134 234.001 190 0 0 -1 0 -1 0 -1 0 0 placa2x3.dat
1 7 134 234.001 130 0 0 -1 0 -1 0 -1 0 0 placa2x2.dat
1 7 -64 226.001 170 0 0 -1 0 -1 0 -1 0 0 placa4.dat
1 7 -94 226.001 190 1 0 0 0 -1 0 0 0 -1 placa2.dat
1 7 -74 218.001 170 1 0 0 0 -1 0 0 0 -1 popa6p.dat
1 7 124 226.001 170 0 0 -1 0 -1 0 -1 0 0 placa4.dat
1 7 94 226.001 190 1 0 0 0 -1 0 0 0 -1 placa2.dat
1 7 114 218.001 170 1 0 0 0 -1 0 0 0 -1 popa6p.dat
1 7 -84 218.001 90 -1 0 0 0 -1 0 0 0 1 bald2x2.dat
1 7 164 218.001 90 -1 0 0 0 -1 0 0 0 1 bald2x2.dat
1 7 -124 235.001 150 0 0.811574 -0.58425 0 0.58425 0.811574 1 0 0 bisnrarr.dat
1 7 -100.733 259.271 219.261 0.859406 0.413645 -0.30053 0 0.587785 0.809017 0.511293 -0.695274 0.505146 bispqarr.dat
1 383 -100.733 259.271 219.26 0.859406 0.413645 -0.30053 0 0.587785 0.809017 0.511293 -0.695274 0.505146 eje45.dat
1 7 -124 235.001 150 0 0 1 0 -1 0 1 0 0 bisnreje.dat
1 7 -136.86 343.948 279.983 0.298722 0.414953 0.859406 -0.811574 0.584249 0 -0.502107 -0.697473 0.511293 alaafmed.dat
1 383 -101.102 259.091 80.043 -0.859406 0 0.511293 0 -1 0 0.511293 0 0.859406 eje45.dat
1 7 -100.977 259.271 80.252 -0.859406 0.413645 -0.30053 0 0.587785 0.809017 0.511293 0.695274 -0.505146 bispqarr.dat
1 7 -137.102 343.948 19.53 0.298722 0.414953 -0.859406 -0.811574 0.584249 0 0.502107 0.697473 0.511293 alaafmed.dat
1 7 252.287 343.948 150.001 -0.584249 -0.811575 0 -0.811574 0.584249 0 0 0 -1 alaafmed.dat
1 7 164 235.001 150 0 0 -1 0 -1 0 -1 0 0 bisnraba.dat
1 7 164 235.001 150 0 -0.811574 0.58425 0 0.58425 0.811574 -1 0 0 bisnrarr.dat
1 7 140.733 259.271 80.739 -0.859406 -0.413645 0.30053 0 0.587785 0.809017 -0.511293 0.695274 -0.505146 bispqarr.dat
1 383 140.732 259.271 80.74 -0.859406 -0.413645 0.30053 0 0.587785 0.809017 -0.511293 0.695274 -0.505146 eje45.dat
1 7 164 235.001 150 0 0 -1 0 -1 0 -1 0 0 bisnreje.dat
1 7 176.86 343.948 20.016 -0.298722 -0.414953 -0.859406 -0.811574 0.584249 0 0.502107 0.697473 -0.511293 alaafmed.dat
1 383 141.961 259.091 219.446 0.859406 0 -0.511293 0 -1 0 -0.511293 0 -0.859406 eje45.dat
1 7 140.977 259.271 219.749 0.859406 -0.413645 0.30053 0 0.587785 0.809017 -0.511293 -0.695274 0.505146 bispqarr.dat
1 7 177.102 343.948 280.47 -0.298722 -0.414953 0.859406 -0.811574 0.584249 0 -0.502107 -0.697473 -0.511293 alaafmed.dat
0 STEP
0 WRITE MAZINGER
1 4 20 50 80 1 0 0 0 1 0 0 0 1 skycab.dat
1 4 20 34 40 -1 0 0 0 -1 0 0 0 1 bisnraba.dat
1 4 20 34 40 -1 0 0 0 -1 0 0 0 1 bisnreje.dat
1 4 20 34 40 1 0 0 0 1 0 0 0 1 bisnraba.dat
1 0 30 146 80 1 0 0 0 1 0 0 0 1 placa4x6.dat
1 0 -110 146 80 1 0 0 0 1 0 0 0 1 placa4x6.dat
1 14 -87.854 86 23.866 0.19509 0.980785 0 0 0 1 0.980785 -0.19509 0 pico.dat
1 1 -129.036 66 21.861 0.19509 -0.980785 0 0 0 -1 0.980785 0.19509 0 pico.dat
1 1 -121.233 106 61.093 -0.19509 -0.980785 0 0 0 1 -0.980785 0.19509 0 pico.dat
1 1 43.496 66 -3.11 -0.19509 -0.980785 0 0 0 -1 0.980785 -0.19509 0 pico.dat
1 1 35.693 106 36.12 0.19509 -0.980785 0 0 0 1 -0.980785 -0.19509 0 pico.dat
1 1 20 86 33 0 -0.980785 0.19509 -1 0 0 0 -0.19509 -0.980785 bisnrarr.dat
1 1 -3.496 106 -3.11 0.19509 0.980785 0 0 0 1 0.980785 -0.19509 0 pico.dat
1 1 4.308 66 36.123 -0.19509 0.980785 0 0 0 -1 -0.980785 -0.19509 0 pico.dat
1 1 169.036 106 21.862 -0.19509 0.980785 0 0 0 1 0.980785 0.19509 0 pico.dat
1 1 184.772 66 65.775 0 0.980785 0.19509 1 0 0 0 0.19509 -0.980785 cuna.dat
1 1 196.52 66 47.721 -0.19509 0.980785 0 0 0 1 0.980785 0.19509 0 placa2x3.dat
1 1 180.87 106 85.391 0 0.980785 -0.19509 -1 0 0 0 0.19509 0.980785 placa2.dat
1 1 174.976 106 74.022 0 0.980785 -0.19509 -1 0 0 0 0.19509 0.980785 placa2x2.dat
1 1 167.128 106 72.462 0 0.980785 -0.19509 -1 0 0 0 0.19509 0.980785 jacena2.dat
1 1 143.59 106 67.779 0 0.980785 -0.19509 -1 0 0 0 0.19509 0.980785 jacena2.dat
1 1 120.052 106 63.097 0 0.980785 -0.19509 -1 0 0 0 0.19509 0.980785 jacena2.dat
1 1 161.233 66 61.094 0.19509 0.980785 0 0 0 -1 -0.980785 0.19509 0 pico.dat
1 1 20 86 33 0 0.980785 -0.19509 1 0 0 0 -0.19509 -0.980785 bisnrarr.dat
1 1 20 86 33 0 0.980785 -0.19509 1 0 0 0 -0.19509 -0.980785 bisnreje.dat
1 1 19.957 106 73.792 -0.19509 0.980785 0 0 0 -1 -0.980785 -0.19509 0 placa4.dat
1 1 19.957 86 73.792 -0.19509 0.980785 0 0 0 -1 -0.980785 -0.19509 0 placa4.dat
1 1 8.209 106 55.737 0 0.980785 0.19509 -1 0 0 0 -0.19509 0.980785 placa2.dat
1 1 -1.588 106 47.49 0 0.980785 0.19509 -1 0 0 0 -0.19509 0.980785 placa2x2.dat
1 1 -7.483 96 58.859 0 0.980785 0.19509 -1 0 0 0 -0.19509 0.980785 cilindro.dat
1 1 -3.581 96 78.475 0 0.980785 0.19509 -1 0 0 0 -0.19509 0.980785 cilindro.dat
1 1 -7.483 76 58.859 0 0.980785 0.19509 -1 0 0 0 -0.19509 0.980785 cilindro.dat
1 1 -3.581 76 78.475 0 0.980785 0.19509 -1 0 0 0 -0.19509 0.980785 cilindro.dat
1 1 27.889 106 75.353 0 -0.980785 0.19509 -1 0 0 0 -0.19509 -0.980785 placa2.dat
1 1 33.784 106 86.721 0 -0.980785 0.19509 -1 0 0 0 -0.19509 -0.980785 placa2x2.dat
1 1 43.581 76 78.475 0 -0.980785 0.19509 -1 0 0 0 -0.19509 -0.980785 cilindro.dat
1 1 47.483 76 58.859 0 -0.980785 0.19509 -1 0 0 0 -0.19509 -0.980785 cilindro.dat
1 1 43.581 96 78.475 0 -0.980785 0.19509 -1 0 0 0 -0.19509 -0.980785 cilindro.dat
1 1 47.483 96 58.859 0 -0.980785 0.19509 -1 0 0 0 -0.19509 -0.980785 cilindro.dat
1 1 20.043 66 73.792 0.19509 -0.980785 0 0 0 1 -0.980785 -0.19509 0 placa4.dat
1 1 20.043 86 73.792 0.19509 -0.980785 0 0 0 1 -0.980785 -0.19509 0 placa4.dat
1 14 -32.973 86 53.733 -0.19509 -0.980785 0 0 0 1 -0.980785 0.19509 0 pico.dat
1 14 -48.708 66 97.647 -0.19509 -0.980785 0 0 0 1 -0.980785 0.19509 0 jacen2x4.dat
1 0 -81.98 96 32.894 -0.19509 -0.980785 0 0 0 1 -0.980785 0.19509 0 tuboruta.dat
1 0 -78.078 96 52.51 -0.19509 -0.980785 0 0 0 1 -0.980785 0.19509 0 tuboruta.dat
1 1 -36.929 96 85.108 0 0.980785 0.19509 -1 0 0 0 -0.19509 0.980785 soprtmar.dat
1 1 -36.929 76 85.108 0 0.980785 0.19509 -1 0 0 0 -0.19509 0.980785 soprtmar.dat
1 1 0 98 -6 1 0 0 0 1 0 0 0 1 pico.dat
1 1 60 66 0 0 0 -1 0 1 0 1 0 0 placa4x6.dat
1 0 -40 58 40 1 0 0 0 1 0 0 0 1 placa4x6.dat
1 0 90 186 110 0 0 -1 0 1 0 1 0 0 enganch2.dat
1 0 90 186 90 0 0 -1 0 1 0 1 0 0 enganch2.dat
1 0 90 226 110 0 0 -1 0 1 0 1 0 0 enganch2.dat
1 0 -10 226 100 1 0 0 0 1 0 0 0 1 enganch2.dat
1 0 10 226 100 1 0 0 0 1 0 0 0 1 enganch2.dat
1 0 -10 226 120 1 0 0 0 1 0 0 0 1 jacena2.dat
1 0 30 226 140 0 0 1 0 1 0 -1 0 0 jacena2.dat
1 0 10 206 84 0 0 -1 1 0 0 0 -1 0 enganc2.dat
1 0 30 206 84 0 0 -1 1 0 0 0 -1 0 enganc2.dat
1 0 30 226 76 -1 0 0 0 0 -1 0 -1 0 placa2.dat
1 0 90 226 90 0 0 -1 0 1 0 1 0 0 enganch2.dat
1 0 -50 226 130 0 0 1 0 1 0 -1 0 0 enganch2.dat
1 0 -50 226 110 0 0 1 0 1 0 -1 0 0 enganch2.dat
1 0 -50 186 110 0 0 1 0 1 0 -1 0 0 enganch2.dat
1 0 40 186 44 -1 0 0 0 1 0 0 0 -1 enganch2.dat
1 0 20 186 44 -1 0 0 0 1 0 0 0 -1 enganch2.dat
1 0 20 186 60 1 0 0 0 1 0 0 0 1 enganch2.dat
1 0 0 186 60 1 0 0 0 1 0 0 0 1 enganch2.dat
1 0 10 146 60 1 0 0 0 1 0 0 0 1 enganch2.dat
1 0 20 146 44 -1 0 0 0 1 0 0 0 -1 enganch2.dat
1 0 40 146 44 -1 0 0 0 1 0 0 0 -1 enganch2.dat
1 0 40 146 52 0 0 -1 -1 0 0 0 1 0 bisnraba.dat
1 0 40 146 52 0 0 -1 1 0 0 0 -1 0 bisnraba.dat
1 0 40 146 52 0 0 -1 1 0 0 0 -1 0 bisnreje.dat
1 0 0 186 52 0 0 1 1 0 0 0 1 0 bisnraba.dat
1 0 0 186 52 0 0 1 -1 0 0 0 -1 0 bisnraba.dat
1 0 0 186 52 0 0 1 -1 0 0 0 -1 0 bisnreje.dat
1 1 40 114 -6 -1 0 0 0 1 0 0 0 -1 placa2.dat
1 1 40 106 -6 -1 0 0 0 1 0 0 0 -1 placa2.dat
1 1 40 178 -6 -1 0 0 0 1 0 0 0 -1 jacena2.dat
1 0 40 170 4 0 0 -1 0 1 0 1 0 0 enganch2.dat
1 1 80 147.601 7.197 0 -1 0 -0.96005 0 -0.279829 0.279829 0 -0.96005 bispqaba.dat
1 1 64 172.399 20.803 0 -1 0 -0.96005 0 -0.279829 0.279829 0 -0.96005 placa2.dat
1 1 40 172.399 20.803 0 -1 0 -0.96005 0 -0.279829 0.279829 0 -0.96005 jacena2.dat
1 1 80 147.601 7.197 0 -0.19509 -0.980786 -0.96005 0.274452 -0.0545918 0.279829 0.941603 -0.187296 bispqarr.dat
1 1 61.945 105.912 7.114 0 -0.19509 0.980786 0.96005 0.274452 0.0545918 -0.279829 0.941603 0.187296 baldc4in.dat
1 1 42.329 181.624 -19.019 0.980786 -0.19509 0 0.0545918 0.274452 -0.96005 0.187296 0.941603 0.279829 baldc2.dat
1 1 42.329 143.223 -7.827 0.980786 -0.19509 0 0.0545918 0.274452 -0.96005 0.187296 0.941603 0.279829 baldc2.dat
1 1 40.769 183.819 -11.488 0.980786 -0.19509 0 0.0545918 0.274452 -0.96005 0.187296 0.941603 0.279829 placa2.dat
1 1 40.769 126.216 5.301 0.980786 -0.19509 0 0.0545918 0.274452 -0.96005 0.187296 0.941603 0.279829 placa4.dat
1 0 0 170 24 0 0 1 0 1 0 -1 0 0 enganch2.dat
1 1 0 134.076 32.11 0 1 0 0.95882 0 -0.284015 -0.284015 0 -0.95882 jacena2.dat
1 1 -40 147.569 7.251 0 1 0 0.95882 0 -0.284015 -0.284015 0 -0.95882 bispqaba.dat
1 1 -40 147.569 7.251 0 0.19509 0.980785 0.95882 0.278558 -0.0554086 -0.284015 0.940396 -0.187056 bispqarr.dat
1 1 -21.945 105.882 7.348 -0.980785 0.19509 0 0.0554086 0.278558 0.95882 0.187056 0.940396 -0.284015 baldc4in.dat
1 1 -2.329 104.773 3.607 -0.980785 0.19509 0 0.0554086 0.278558 0.95882 0.187056 0.940396 -0.284015 baldc2.dat
1 1 -2.329 143.126 -7.752 -0.980785 0.19509 0 0.0554086 0.278558 0.95882 0.187056 0.940396 -0.284015 baldc2.dat
1 1 -0.769 164.53 -5.911 -0.980785 0.19509 0 0.0554086 0.278558 0.95882 0.187056 0.940396 -0.284015 placa2.dat
1 1 -0.769 107.003 11.13 -0.980785 0.19509 0 0.0554086 0.278558 0.95882 0.187056 0.940396 -0.284015 placa4.dat
1 1 -24 134.076 32.11 0 1 0 0.95882 0 -0.284015 -0.284015 0 -0.95882 placa2.dat
1 0 -50 186 130 0 0 1 0 1 0 -1 0 0 enganch2.dat
1 0 30 146 80 0 0 -1 0 1 0 1 0 0 placa4.dat
1 0 90 162 60 0 0 -1 0 1 0 1 0 0 placa4.dat
1 0 -30 162 60 0 0 -1 0 1 0 1 0 0 placa4.dat
1 0 -30 194 90 0 0 -1 0 1 0 1 0 0 placa2.dat
1 0 -30 202 90 0 0 -1 0 1 0 1 0 0 placa2.dat
1 0 90 202 90 0 0 -1 0 1 0 1 0 0 placa2.dat
1 0 90 194 90 0 0 -1 0 1 0 1 0 0 placa2.dat
1 0 50 154 100 -1 0 0 0 1 0 0 0 -1 placa2x3.dat
1 0 50 162 100 -1 0 0 0 1 0 0 0 -1 placa2x3.dat
1 0 50 154 140 -1 0 0 0 1 0 0 0 -1 placa2x3.dat
1 0 90 242 140 -1 0 0 0 1 0 0 0 -1 placa2x3.dat
1 7 100 322 290 -1 0 0 0 1 0 0 0 -1 pico.dat
1 7 100 298 270 -1 0 0 0 1 0 0 0 -1 pico.dat
1 7 100 274 250 -1 0 0 0 1 0 0 0 -1 pico.dat
1 7 100 250 230 -1 0 0 0 1 0 0 0 -1 pico.dat
1 7 60 322 290 -1 0 0 0 1 0 0 0 -1 pico.dat
1 7 60 298 270 -1 0 0 0 1 0 0 0 -1 pico.dat
1 7 60 274 250 -1 0 0 0 1 0 0 0 -1 pico.dat
1 7 60 250 230 -1 0 0 0 1 0 0 0 -1 pico.dat
1 7 20 322 290 -1 0 0 0 1 0 0 0 -1 pico.dat
1 7 20 298 270 -1 0 0 0 1 0 0 0 -1 pico.dat
1 7 20 274 250 -1 0 0 0 1 0 0 0 -1 pico.dat
1 7 20 250 230 -1 0 0 0 1 0 0 0 -1 pico.dat
1 7 -20 322 290 -1 0 0 0 1 0 0 0 -1 pico.dat
1 7 -20 298 270 -1 0 0 0 1 0 0 0 -1 pico.dat
1 7 -20 274 250 -1 0 0 0 1 0 0 0 -1 pico.dat
1 7 -20 250 230 -1 0 0 0 1 0 0 0 -1 pico.dat
1 7 -40 258 250 0 0 1 0 1 0 -1 0 0 placa6x8.dat
1 7 -40 266 250 0 0 1 0 1 0 -1 0 0 placa6x8.dat
1 7 -40 274 250 0 0 1 0 1 0 -1 0 0 placa6x8.dat
1 7 -60 314 15 1 0 0 0 -1 0 0 0 -1 jacena8.dat
1 7 -60 338 -5 0 0 1 0 -1 0 1 0 0 bald2.dat
1 7 -20 338 -5 0 0 1 0 -1 0 1 0 0 bald2.dat
1 7 20 338 -5 0 0 1 0 -1 0 1 0 0 bald2.dat
1 7 60 338 -5 0 0 1 0 -1 0 1 0 0 bald2.dat
1 7 -60 346 270 1 0 0 0 1 0 0 0 1 jacen2x8.dat
1 7 -60 346 230 1 0 0 0 1 0 0 0 1 jacen2x8.dat
1 7 -60 322 250 1 0 0 0 1 0 0 0 1 jacen2x8.dat
1 7 -60 298 230 1 0 0 0 1 0 0 0 1 jacen2x8.dat
1 7 -60 346 130 1 0 0 0 1 0 0 0 1 jacen2x8.dat
1 7 -60 306 -35 0 0 1 0 -1 0 1 0 0 baldc4x8.dat
1 7 -60 322 130 1 0 0 0 1 0 0 0 1 jacen2x8.dat
1 7 -60 298 130 1 0 0 0 1 0 0 0 1 jacen2x8.dat
1 7 -40 250 110 1 0 0 0 1 0 0 0 1 placa2.dat
1 7 40 250 110 1 0 0 0 1 0 0 0 1 placa2.dat
1 0 10 242 140 -1 0 0 0 1 0 0 0 -1 placa2x3.dat
1 0 50 154 140 0 0 1 0 1 0 -1 0 0 placa2x2.dat
1 0 50 234 140 -1 0 0 0 1 0 0 0 -1 placa2x3.dat
1 0 50 202 140 -1 0 0 0 1 0 0 0 -1 jacen2x3.dat
1 0 50 178 140 -1 0 0 0 1 0 0 0 -1 jacen2x3.dat
1 0 -50 234 150 0 0 1 0 1 0 -1 0 0 placa2x3.dat
1 0 50 234 150 0 0 1 0 1 0 -1 0 0 placa2x3.dat
1 0 50 154 100 0 0 1 0 1 0 -1 0 0 placa2x2.dat
1 0 -50 154 140 0 0 1 0 1 0 -1 0 0 placa2x2.dat
1 0 -50 154 100 0 0 1 0 1 0 -1 0 0 placa2x2.dat
1 0 0 58 140 -1 0 0 0 1 0 0 0 -1 tejado.dat
1 0 40 58 140 -1 0 0 0 1 0 0 0 -1 tejado.dat
1 0 80 58 140 -1 0 0 0 1 0 0 0 -1 tejado.dat
1 7 0 58 180 0 0 -1 0 1 0 1 0 0 pinzastr.dat
1 7 40 58 180 0 0 -1 0 1 0 1 0 0 pinzastr.dat
1 0 0 90 180 1 0 0 0 1 0 0 0 1 jacena2.dat
1 0 0 98 180 1 0 0 0 1 0 0 0 1 placa2.dat
1 7 80 58 180 0 0 -1 0 1 0 1 0 0 pinzastr.dat
1 0 -40 58 40 0 0 1 0 1 0 -1 0 0 baldc2x2.dat
1 0 0 58 40 0 0 1 0 1 0 -1 0 0 baldc2x2.dat
1 0 40 58 40 0 0 1 0 1 0 -1 0 0 baldc2x2.dat
1 0 -40 50 160 0 0 1 0 1 0 -1 0 0 baldc4x6.dat
1 0 160 50 170 -1 0 0 0 1 0 0 0 -1 baldc4x6.dat
1 0 -40 50 170 -1 0 0 0 1 0 0 0 -1 baldc4x6.dat
1 0 -120 50 120 -1 0 0 0 1 0 0 0 -1 baldc2.dat
1 0 -120 50 160 -1 0 0 0 1 0 0 0 -1 baldc2.dat
1 0 180 50 120 -1 0 0 0 1 0 0 0 -1 baldc2.dat
1 0 180 50 160 -1 0 0 0 1 0 0 0 -1 baldc2.dat
1 0 180 58 140 -1 0 0 0 1 0 0 0 -1 placa2x2.dat
1 0 -100 58 140 -1 0 0 0 1 0 0 0 -1 placa2x2.dat
1 0 -120 50 190 0 0 1 0 1 0 -1 0 0 baldc2.dat
1 0 120 50 190 0 0 1 0 1 0 -1 0 0 baldc2.dat
1 0 80 50 190 0 0 1 0 1 0 -1 0 0 baldc2.dat
1 0 -80 50 190 0 0 1 0 1 0 -1 0 0 baldc2.dat
1 0 80 58 70 0 0 -1 0 1 0 1 0 0 proa4p.dat
1 0 -40 58 70 0 0 1 0 1 0 -1 0 0 proa4p.dat
1 0 80 58 170 0 0 -1 0 1 0 1 0 0 proa4p.dat
1 0 -40 58 170 0 0 1 0 1 0 -1 0 0 proa4p.dat
1 0 -80 66 180 0 0 1 0 1 0 -1 0 0 placa2x2.dat
1 0 80 66 180 0 0 1 0 1 0 -1 0 0 placa2x2.dat
1 0 -40 66 120 1 0 0 0 1 0 0 0 1 placa4x6.dat
1 0 -100 90 140 1 0 0 0 1 0 0 0 1 jacen2x4.dat
1 0 40 90 100 0 0 -1 0 1 0 1 0 0 jacen2x4.dat
1 0 30 114 100 0 0 -1 0 1 0 1 0 0 jacena2.dat
1 0 60 90 140 1 0 0 0 1 0 0 0 1 jacen2x4.dat
1 7 148 98 160 0 -1 0 -1 0 0 0 0 -1 pico.dat
1 7 140 138 180 0 -1 0 -1 0 0 0 0 -1 placa4.dat
1 7 124 198 180 0 -1 0 -1 0 0 0 0 -1 jacen2x2.dat
1 7 124 158 140 0 -1 0 0 0 1 -1 0 0 jacen2x3.dat
1 7 148 178 100 0 -1 0 1 0 0 0 0 1 pico.dat
1 7 148 138 100 0 -1 0 1 0 0 0 0 1 pico.dat
1 7 148 158 120 0 -1 0 0 0 1 -1 0 0 enganch2.dat
1 7 148 158 140 0 -1 0 0 0 1 -1 0 0 enganch2.dat
1 7 116 158 160 0 -1 0 0 0 1 -1 0 0 placa2x3.dat
1 7 148 178 160 0 -1 0 0 0 1 -1 0 0 placa2x3.dat
1 7 156 178 140 0 -1 0 0 0 1 -1 0 0 placa2x2.dat
1 7 164 178 140 0 -1 0 0 0 1 -1 0 0 placa2x2.dat
1 7 156 198 160 0 -1 0 0 0 1 -1 0 0 placa1.dat
1 7 164 118 160 0 -1 0 0 0 1 -1 0 0 placa1.dat
1 7 172 118 160 0 -1 0 0 0 1 -1 0 0 bald2.dat
1 7 172 158 160 0 -1 0 0 0 1 -1 0 0 bald2.dat
1 7 172 158 140 0 -1 0 0 0 1 -1 0 0 bald2x2.dat
1 7 172 198 100 0 -1 0 1 0 0 0 0 1 bald2.dat
1 7 172 198 140 0 -1 0 1 0 0 0 0 1 bald1.dat
1 7 164 138 140 0 -1 0 1 0 0 0 0 1 placa4.dat
1 7 156 118 140 0 -1 0 1 0 0 0 0 1 placa4.dat
1 7 124 138 180 0 -1 0 -1 0 0 0 0 -1 placa2.dat
1 7 132 138 180 0 -1 0 -1 0 0 0 0 -1 placa2.dat
1 7 100 98 180 0 -1 0 0 0 1 -1 0 0 enganch2.dat
1 7 100 68 190 0 -1 0 0 0 1 -1 0 0 jacena1.dat
1 7 100 78 180 0 -1 0 1 0 0 0 0 1 jacena2.dat
1 7 100 118 160 0 -1 0 1 0 0 0 0 1 jacen2x3.dat
1 7 100 178 160 0 -1 0 1 0 0 0 0 1 jacen2x2.dat
1 7 60 58 220 0 -1 0 0 0 1 -1 0 0 enganch2.dat
1 7 20 58 220 0 -1 0 0 0 1 -1 0 0 enganch2.dat
1 7 20 98 200 0 -1 0 0 0 1 -1 0 0 enganch2.dat
1 7 20 118 180 0 -1 0 1 0 0 0 0 1 jacena4.dat
1 7 -20 58 200 0 1 0 0 0 1 1 0 0 enganch2.dat
1 7 -60 58 180 0 1 0 0 0 1 1 0 0 enganch2.dat
1 7 -60 118 180 0 1 0 -1 0 0 0 0 1 jacena2.dat
1 7 -60 178 160 0 1 0 -1 0 0 0 0 1 jacen2x3.dat
1 7 -60 218 160 0 1 0 -1 0 0 0 0 1 jacen2x2.dat
1 7 -84 198 140 0 1 0 -1 0 0 0 0 1 jacen2x2.dat
1 7 -84 198 140 0 1 0 -1 0 0 0 0 1 jacen2x2.dat
1 7 -116 198 140 0 1 0 -1 0 0 0 0 1 placa4.dat
1 7 -124 218 140 0 1 0 -1 0 0 0 0 1 placa4.dat
1 7 -108 178 100 0 1 0 0 0 1 1 0 0 placa2x3.dat
1 7 -116 178 100 0 1 0 0 0 1 1 0 0 placa2x2.dat
1 7 -124 178 100 0 1 0 0 0 1 1 0 0 placa2x2.dat
1 7 -116 198 140 0 1 0 0 0 1 1 0 0 placa1.dat
1 7 -124 118 140 0 1 0 0 0 1 1 0 0 placa1.dat
1 7 -132 118 140 0 1 0 0 0 1 1 0 0 bald2.dat
1 7 -132 198 140 0 1 0 1 0 0 0 0 -1 bald2.dat
1 7 -132 158 140 0 1 0 0 0 1 1 0 0 bald2.dat
1 7 -132 158 100 0 1 0 0 0 1 1 0 0 bald2x2.dat
1 7 -132 198 140 0 1 0 0 0 1 1 0 0 bald1.dat
1 7 -98 158 140 -1 0 0 0 1 0 0 0 -1 bald2x2.dat
1 7 178 158 140 -1 0 0 0 1 0 0 0 -1 bald2x2.dat
1 7 -76 158 100 0 1 0 0 0 1 1 0 0 placa2x3.dat
1 7 -84 218 160 0 1 0 0 0 -1 -1 0 0 enganch2.dat
1 7 -84 218 130 0 1 0 0 0 -1 -1 0 0 enganch2.dat
1 7 -20 218 200 0 1 0 0 0 -1 -1 0 0 enganch2.dat
1 7 -84 208 170 0 1 0 0 0 -1 -1 0 0 jacena1.dat
1 7 124 218 140 0 -1 0 0 0 -1 1 0 0 enganch2.dat
1 7 60 218 180 0 -1 0 0 0 -1 1 0 0 enganch2.dat
1 7 124 218 110 0 -1 0 0 0 -1 1 0 0 enganch2.dat
1 7 124 208 170 0 -1 0 0 0 -1 1 0 0 jacena1.dat
1 7 100 208 150 0 -1 0 0 0 -1 1 0 0 jacena1.dat
1 7 92 218 140 0 -1 0 0 0 -1 1 0 0 placa2x2.dat
1 7 -60 208 150 0 1 0 0 0 -1 -1 0 0 jacena1.dat
1 7 -52 218 180 0 1 0 0 0 -1 -1 0 0 placa2x2.dat
1 7 -84 158 80 0 1 0 0 0 1 1 0 0 jacen2x3.dat
1 7 -108 218 100 0 1 0 -1 0 0 0 0 1 pico.dat
1 7 -108 158 120 0 1 0 0 0 1 1 0 0 enganch2.dat
1 7 -108 158 100 0 1 0 0 0 1 1 0 0 enganch2.dat
1 7 -108 178 100 0 1 0 -1 0 0 0 0 1 pico.dat
1 7 -84 148 170 0 1 0 -1 0 0 0 0 1 jacena1.dat
1 7 -84 138 160 0 1 0 -1 0 0 0 0 1 placa2.dat
1 7 -92 138 160 0 1 0 -1 0 0 0 0 1 placa2.dat
1 7 -100 138 160 0 1 0 -1 0 0 0 0 1 placa4.dat
1 7 20 58 200 0 1 0 0 0 1 1 0 0 enganch2.dat
1 7 20 98 180 0 1 0 0 0 1 1 0 0 enganch2.dat
1 7 20 118 200 0 1 0 1 0 0 0 0 -1 jacena4.dat
1 7 -20 78 180 0 1 0 1 0 0 0 0 -1 jacena6.dat
1 7 124 98 180 0 -1 0 -1 0 0 0 0 -1 pico.dat
1 7 100 98 200 0 -1 0 -1 0 0 0 0 -1 pico.dat
1 7 148 138 160 0 -1 0 -1 0 0 0 0 -1 pico.dat
1 7 124 138 180 0 -1 0 -1 0 0 0 0 -1 pico.dat
1 7 100 138 200 0 -1 0 -1 0 0 0 0 -1 pico.dat
1 7 148 178 160 0 -1 0 -1 0 0 0 0 -1 pico.dat
1 7 124 178 180 0 -1 0 -1 0 0 0 0 -1 pico.dat
1 7 100 178 200 0 -1 0 -1 0 0 0 0 -1 pico.dat
1 7 148 218 160 0 -1 0 -1 0 0 0 0 -1 pico.dat
1 7 124 218 180 0 -1 0 -1 0 0 0 0 -1 pico.dat
1 7 100 218 200 0 -1 0 -1 0 0 0 0 -1 pico.dat
1 7 84 218 220 0 -1 0 -1 0 0 0 0 -1 placa2x8.dat
1 7 92 218 220 0 -1 0 -1 0 0 0 0 -1 placa2x8.dat
1 7 44 218 220 0 -1 0 -1 0 0 0 0 -1 placa2x8.dat
1 7 52 218 220 0 -1 0 -1 0 0 0 0 -1 placa2x8.dat
1 7 -60 218 220 0 0 1 -1 0 0 0 -1 0 baldgord.dat
1 7 -60 178 220 0 0 1 -1 0 0 0 -1 0 baldgord.dat
1 7 -60 138 220 0 0 1 -1 0 0 0 -1 0 baldgord.dat
1 7 -60 98 220 0 0 1 -1 0 0 0 -1 0 baldgord.dat
1 7 100 58 220 0 0 -1 1 0 0 0 -1 0 baldgord.dat
1 7 100 98 220 0 0 -1 1 0 0 0 -1 0 baldgord.dat
1 7 100 138 220 0 0 -1 1 0 0 0 -1 0 baldgord.dat
1 7 100 178 220 0 0 -1 1 0 0 0 -1 0 baldgord.dat
1 7 60 58 220 0 0 -1 1 0 0 0 -1 0 placa4x8.dat
1 7 60 58 228 0 0 -1 1 0 0 0 -1 0 bald2x2.dat
1 7 20 58 228 0 0 -1 1 0 0 0 -1 0 bald2x2.dat
1 7 60 98 228 0 0 -1 1 0 0 0 -1 0 bald2x2.dat
1 7 20 98 228 0 0 -1 1 0 0 0 -1 0 bald2x2.dat
1 7 60 138 228 0 0 -1 1 0 0 0 -1 0 bald2x2.dat
1 7 20 138 228 0 0 -1 1 0 0 0 -1 0 bald2x2.dat
1 7 60 178 228 0 0 -1 1 0 0 0 -1 0 bald2x2.dat
1 7 20 178 228 0 0 -1 1 0 0 0 -1 0 bald2x2.dat
1 7 60 218 220 0 -1 0 -1 0 0 0 0 -1 enganch2.dat
1 7 60 198 180 0 -1 0 -1 0 0 0 0 -1 jacena6.dat
1 7 60 198 220 0 -1 0 -1 0 0 0 0 -1 enganch2.dat
1 7 60 178 220 0 -1 0 -1 0 0 0 0 -1 enganch2.dat
1 7 60 158 220 0 -1 0 -1 0 0 0 0 -1 enganch2.dat
1 7 60 138 220 0 -1 0 -1 0 0 0 0 -1 enganch2.dat
1 7 60 118 220 0 -1 0 -1 0 0 0 0 -1 enganch2.dat
1 7 60 98 220 0 -1 0 -1 0 0 0 0 -1 enganch2.dat
1 7 20 218 220 0 -1 0 -1 0 0 0 0 -1 enganch2.dat
1 7 20 198 220 0 -1 0 -1 0 0 0 0 -1 enganch2.dat
1 7 20 178 220 0 -1 0 -1 0 0 0 0 -1 enganch2.dat
1 7 20 158 220 0 -1 0 -1 0 0 0 0 -1 enganch2.dat
1 7 20 138 220 0 -1 0 -1 0 0 0 0 -1 enganch2.dat
1 7 20 118 220 0 -1 0 -1 0 0 0 0 -1 enganch2.dat
1 7 20 98 220 0 -1 0 -1 0 0 0 0 -1 enganch2.dat
1 7 -108 178 160 0 1 0 1 0 0 0 0 -1 pico.dat
1 7 -83.999 178 180 0 1 0 1 0 0 0 0 -1 pico.dat
1 7 -60 178 200 0 1 0 1 0 0 0 0 -1 pico.dat
1 7 -108 138 160 0 1 0 1 0 0 0 0 -1 pico.dat
1 7 -83.999 138 180 0 1 0 1 0 0 0 0 -1 pico.dat
1 7 -60 138 200 0 1 0 1 0 0 0 0 -1 pico.dat
1 7 -108 98 160 0 1 0 1 0 0 0 0 -1 pico.dat
1 7 -83.999 98 180 0 1 0 1 0 0 0 0 -1 pico.dat
1 7 -60 98 200 0 1 0 1 0 0 0 0 -1 pico.dat
1 7 -108 58 160 0 1 0 1 0 0 0 0 -1 pico.dat
1 7 -83.999 58 180 0 1 0 1 0 0 0 0 -1 pico.dat
1 7 -60 58 200 0 1 0 1 0 0 0 0 -1 pico.dat
1 7 -52 58 220 0 1 0 1 0 0 0 0 -1 placa2x8.dat
1 7 -4 58 220 0 1 0 1 0 0 0 0 -1 placa2x8.dat
1 7 -12 58 220 0 1 0 1 0 0 0 0 -1 placa2x8.dat
1 7 -44 58 220 0 1 0 1 0 0 0 0 -1 placa2x8.dat
1 7 -20.001 198 219.999 0 1 0 1 0 0 0 0 -1 enganch2.dat
1 7 -20.001 178 219.999 0 1 0 1 0 0 0 0 -1 enganch2.dat
1 7 -20.001 158 219.999 0 1 0 1 0 0 0 0 -1 enganch2.dat
1 7 -20.001 138 219.999 0 1 0 1 0 0 0 0 -1 enganch2.dat
1 7 -20.001 118 219.999 0 1 0 1 0 0 0 0 -1 enganch2.dat
1 7 -20.001 98 219.999 0 1 0 1 0 0 0 0 -1 enganch2.dat
1 7 -20.001 78 219.999 0 1 0 1 0 0 0 0 -1 enganch2.dat
1 7 19.999 198 219.999 0 1 0 1 0 0 0 0 -1 enganch2.dat
1 7 19.999 178 219.999 0 1 0 1 0 0 0 0 -1 enganch2.dat
1 7 19.999 158 219.999 0 1 0 1 0 0 0 0 -1 enganch2.dat
1 7 19.999 138 219.999 0 1 0 1 0 0 0 0 -1 enganch2.dat
1 7 19.999 118 219.999 0 1 0 1 0 0 0 0 -1 enganch2.dat
1 7 19.999 98 219.999 0 1 0 1 0 0 0 0 -1 enganch2.dat
1 7 19.999 78 219.999 0 1 0 1 0 0 0 0 -1 enganch2.dat
1 1 0 122 -26 1 0 0 0 1 0 0 0 1 pico.dat
1 1 40 146 -46 0 0 -1 0 1 0 1 0 0 jacen2x2.dat
1 1 0 146 -46 1 0 0 0 1 0 0 0 1 pico.dat
1 7 60 286 -14.4 0 -1 0 -1 0 0 0 0 -1 placa2x2.dat
1 7 60 246 -14.4 0 -1 0 -1 0 0 0 0 -1 placa2x2.dat
1 7 68.008 226 45.605 0 -1 0 1 0 0 0 0 1 bisnraba.dat
1 7 68.008 226 45.605 0 -1 0 1 0 0 0 0 1 bisnreje.dat
1 7 68.008 266 45.605 0 -1 0 1 0 0 0 0 1 bisnraba.dat
1 7 36.008 246 15.605 0 -1 0 1 0 0 0 0 1 bisnrarr.dat
1 7 36.008 246 15.605 0 1 0 -1 0 0 0 0 1 bisnrarr.dat
1 7 36.008 246 15.605 0 1 0 -1 0 0 0 0 1 bisnreje.dat
1 7 68 266 -34.4 0 -1 0 1 0 0 0 0 1 pico.dat
1 7 68 226 -34.4 0 -1 0 1 0 0 0 0 1 pico.dat
1 7 68 186 -34.4 0 -1 0 1 0 0 0 0 1 pico.dat
1 7 68 226 -34.4 0 -1 0 -1 0 0 0 0 -1 pico.dat
1 7 -20 206 -14.4 0 1 0 1 0 0 0 0 -1 placa2x2.dat
1 7 -20 246 -14.4 0 1 0 1 0 0 0 0 -1 placa2x2.dat
1 7 12 246 5.6 0 1 0 0 0 -1 -1 0 0 placa2x3.dat
1 7 44 246 5.6 0 1 0 0 0 -1 -1 0 0 placa2x3.dat
1 7 44 286 5.6 0 1 0 0 0 -1 -1 0 0 placa2x3.dat
1 7 12 286 5.6 0 1 0 0 0 -1 -1 0 0 placa2x3.dat
1 7 -28 226 -34.4 0 1 0 -1 0 0 0 0 1 pico.dat
1 7 -28 186 -34.4 0 1 0 1 0 0 0 0 -1 pico.dat
1 7 -27.999 266 -34.4 0 1 0 -1 0 0 0 0 1 pico.dat
1 7 -28 306 -34.4 0 1 0 -1 0 0 0 0 1 pico.dat
1 7 -4 306 -14.4 0 1 0 0 0 -1 -1 0 0 jacena2.dat
1 7 20 296 -44.4 0 1 0 0 0 -1 -1 0 0 jacena1.dat
1 7 44 306 -54.4 0 -1 0 0 0 -1 1 0 0 jacena2.dat
1 7 20 296 -44.4 0 -1 0 0 0 -1 1 0 0 jacena1.dat
1 7 20 304 -34.4 0 -1 0 0 0 -1 1 0 0 enganch2.dat
1 7 20 304 -14.4 0 1 0 0 0 -1 -1 0 0 enganch2.dat
1 7 20 206 -14.4 0 1 0 0 0 -1 -1 0 0 jacena2.dat
1 7 -4 206 -14.4 0 1 0 0 0 -1 -1 0 0 jacena2.dat
1 0 40 196 -24.4 0 1 0 0 0 -1 -1 0 0 tuboruta.dat
1 0 40 196 -44.4 0 1 0 0 0 -1 -1 0 0 tuboruta.dat
1 0 40 296 -44.4 0 1 0 0 0 -1 -1 0 0 tuboruta.dat
1 0 40 296 -24.4 0 1 0 0 0 -1 -1 0 0 tuboruta.dat
1 7 44 206 -54.4 0 -1 0 0 0 -1 1 0 0 jacena2.dat
1 7 20 206 -54.4 0 -1 0 0 0 -1 1 0 0 jacena2.dat
1 0 20.001 206 -24.4 0 1 0 1 0 0 0 0 -1 placa4.dat
1 7 20.001 206 -4.4 0 1 0 1 0 0 0 0 -1 placa4.dat
1 0 52.001 206 -44.4 0 -1 0 1 0 0 0 0 1 placa4.dat
1 7 52.001 206 55.6 0 -1 0 1 0 0 0 0 1 placa4.dat
1 7 -27.992 266 45.605 0 1 0 -1 0 0 0 0 1 bisnraba.dat
1 7 -27.992 226 45.605 0 1 0 -1 0 0 0 0 1 bisnraba.dat
1 7 -11.985 286 55.6 0 1 0 -1 0 0 0 0 1 placa4.dat
1 7 20.015 206 75.6 0 1 0 1 0 0 0 0 -1 enganche.dat
1 0 44.001 206 75.6 0 -1 0 0 0 1 -1 0 0 placa4x6.dat
1 0 28.001 286 75.6 0 1 0 0 0 -1 -1 0 0 placa4x6.dat
1 0 -3.999 286 75.6 0 1 0 0 0 -1 -1 0 0 placa4x6.dat
1 0 -11.999 206 -24.4 0 1 0 1 0 0 0 0 -1 placa4.dat
1 7 4.001 206 -14.4 0 1 0 1 0 0 0 0 -1 placa4.dat
1 7 36.001 206 -14.4 0 1 0 1 0 0 0 0 -1 placa4.dat
1 7 36.001 206 -54.4 0 1 0 0 0 1 1 0 0 bald2.dat
1 7 36.001 246 -54.4 0 1 0 0 0 1 1 0 0 bald2.dat
1 7 4.001 206 -54.4 0 1 0 0 0 1 1 0 0 bald2.dat
1 7 4.001 246 -54.4 0 1 0 0 0 1 1 0 0 bald2.dat
1 1 40 178 -26 -1 0 0 0 1 0 0 0 -1 cuna.dat
1 1 0 154 -6 0 0 1 0 1 0 -1 0 0 placa2x3.dat
1 1 0 122 54 0 0 1 0 1 0 -1 0 0 placa4.dat
1 1 20 122 54 0 0 1 0 1 0 -1 0 0 placa4.dat
1 1 0 114 34 0 0 1 0 1 0 -1 0 0 bald2x2.dat
1 1 0 114 54 0 0 1 0 1 0 -1 0 0 bald2.dat
1 0 40 162 44 -1 0 0 0 1 0 0 0 -1 placa2.dat
1 0 40 178 24 -1 0 0 0 1 0 0 0 -1 placa2.dat
1 0 40 186 24 -1 0 0 0 1 0 0 0 -1 placa2.dat
1 0 40 194 44 -1 0 0 0 1 0 0 0 -1 placa2x2.dat
1 0 40 194 80 -1 0 0 0 1 0 0 0 -1 placa2.dat
1 0 40 154 44 -1 0 0 0 1 0 0 0 -1 placa2.dat
1 0 40 146 24 -1 0 0 0 1 0 0 0 -1 jacena2.dat
1 1 0 186 -6 0 0 1 0 1 0 -1 0 0 placa2x2.dat
1 14 -40.777 86 14.501 0.19509 -0.980785 0 0 0 -1 0.980785 0.19509 0 pico.dat
1 14 -80.052 86 63.097 -0.19509 0.980785 0 0 0 -1 -0.980785 -0.19509 0 pico.dat
1 14 -56.512 106 58.415 -0.19509 0.980785 0 0 0 -1 -0.980785 -0.19509 0 jacena2.dat
1 1 -60.414 66 38.799 0.19509 0.980785 0 0 0 1 0.980785 -0.19509 0 enganch2.dat
1 14 -64.316 66 19.184 0.19509 0.980785 0 0 0 1 0.980785 -0.19509 0 enganch2.dat
1 1 -144.772 106 65.775 0 -0.980785 -0.19509 -1 0 0 0 0.19509 -0.980785 cuna.dat
1 1 -156.52 106 47.72 0.19509 -0.980785 0 0 0 -1 0.980785 0.19509 0 placa2x3.dat
1 1 -136.968 106 105.007 0 -0.980785 -0.19509 -1 0 0 0 0.19509 -0.980785 placa2.dat
1 1 -127.171 106 113.254 0 -0.980785 -0.19509 -1 0 0 0 0.19509 -0.980785 placa2x2.dat
1 1 -76.149 106 82.713 0 -0.980785 -0.19509 -1 0 0 0 0.19509 -0.980785 jacena2.dat
1 1 -99.688 106 87.395 0 -0.980785 -0.19509 -1 0 0 0 0.19509 -0.980785 jacena2.dat
1 1 -123.227 106 92.077 0 -0.980785 -0.19509 -1 0 0 0 0.19509 -0.980785 jacena2.dat
1 0 -60 138 90 1 0 0 0 1 0 0 0 1 chimtubo.dat
1 1 -105.497 66 17.179 0.980785 0 0.19509 0 1 0 -0.19509 0 0.980785 baldc4in.dat
1 1 145.497 66 17.18 -0.19509 0 -0.980785 0 1 0 0.980785 0 -0.19509 baldc4in.dat
1 383 -60 96 90 0 0 1 -1 0 0 0 -1 0 eje26.dat
1 383 100 98 90 0 0 1 -1 0 0 0 -1 0 eje26.dat
1 0 80 138 90 1 0 0 0 1 0 0 0 1 chimtubo.dat
1 0 30 138 60 1 0 0 0 1 0 0 0 1 jacena4.dat
1 0 -70 138 60 1 0 0 0 1 0 0 0 1 jacena4.dat
1 0 -10 138 140 1 0 0 0 1 0 0 0 1 jacen2x3.dat
1 0 50 138 140 1 0 0 0 1 0 0 0 1 jacen2x2.dat
1 0 -50 138 140 1 0 0 0 1 0 0 0 1 jacen2x2.dat
1 0 -10 138 100 1 0 0 0 1 0 0 0 1 jacen2x3.dat
1 0 -60 114 140 1 0 0 0 1 0 0 0 1 jacen2x8.dat
1 0 10 114 60 0 0 -1 0 1 0 1 0 0 bald2.dat
1 0 -30 114 60 0 0 -1 0 1 0 1 0 0 bald2.dat
1 0 70 114 60 0 0 -1 0 1 0 1 0 0 bald2.dat
1 0 110 114 60 0 0 -1 0 1 0 1 0 0 bald2.dat
1 0 30 146 60 1 0 0 0 1 0 0 0 1 placa4.dat
1 0 -70 146 60 1 0 0 0 1 0 0 0 1 placa4.dat
1 14 -213 120 120 0 0 1 0 1 0 -1 0 0 cilindr.dat
1 14 -253 100 120 0 1 0 1 0 0 0 0 -1 remtcoht.dat
1 14 80.777 86 14.501 -0.19509 0.980785 0 0 0 1 0.980785 0.19509 0 pico.dat
1 14 120.052 86 63.097 0.19509 -0.980785 0 0 0 1 -0.980785 -0.19509 0 pico.dat
1 14 127.854 86 23.866 -0.19509 -0.980785 0 0 0 -1 0.980785 -0.19509 0 pico.dat
1 14 72.973 86 53.733 0.19509 0.980785 0 0 0 -1 -0.980785 0.19509 0 pico.dat
1 14 88.708 106 97.646 0.19509 0.980785 0 0 0 -1 -0.980785 0.19509 0 jacen2x4.dat
1 0 121.98 96 32.893 0.19509 0.980785 0 0 0 -1 -0.980785 0.19509 0 tuboruta.dat
1 0 118.078 96 52.509 0.19509 0.980785 0 0 0 -1 -0.980785 0.19509 0 tuboruta.dat
1 1 76.928 96 85.106 0 -0.980785 -0.19509 1 0 0 0 -0.19509 0.980785 soprtmar.dat
1 1 76.928 76 85.106 0 -0.980785 -0.19509 1 0 0 0 -0.19509 0.980785 soprtmar.dat
1 14 96.512 86 58.415 0.19509 -0.980785 0 0 0 1 -0.980785 -0.19509 0 jacena2.dat
1 1 96.512 66 58.415 0.19509 -0.980785 0 0 0 1 -0.980785 -0.19509 0 enganch2.dat
1 14 100.415 66 38.799 0.19509 -0.980785 0 0 0 1 -0.980785 -0.19509 0 enganch2.dat
1 7 -223.812 -98.109 80 0 0.992546 0.121869 0 -0.121869 0.992546 1 0 0 bispqaba.dat
1 7 -213.433 -79.233 20 -0.121869 0.992546 0 -0.992546 -0.121869 0 0 0 1 bald2x2.dat
1 7 -218.309 -118.934 220 0.121869 0.992546 0 0.992546 -0.121869 0 0 0 -1 bald2x2.dat
1 7 -228.058 -198.339 220 0.121869 0.992546 0 0.992546 -0.121869 0 0 0 -1 baldc4x6.dat
1 7 -223.182 -158.637 60 0.121869 0.992546 0 0.992546 -0.121869 0 0 0 -1 baldc4.dat
1 7 -194.485 -121.858 40 -0.121869 0.992546 0 -0.992546 -0.121869 0 0 0 1 bisnrarr.dat
1 7 -194.486 -121.858 40 -0.121869 0.992546 0 -0.992546 -0.121869 0 0 0 1 bisnreje.dat
1 7 -194.486 -121.858 200 0.121869 0.992546 0 0.992546 -0.121869 0 0 0 -1 bisnrarr.dat
1 7 -194.486 -121.858 200 0.121869 0.992546 0 0.992546 -0.121869 0 0 0 -1 bisnreje.dat
1 7 -204.865 -140.736 40 0 0.992546 0.121869 0 -0.121869 0.992546 1 0 0 placa2x8.dat
1 7 -220.118 -199.312 40 0 0.992546 0.121869 0 -0.121869 0.992546 1 0 0 placa4x8.dat
1 7 -210.368 -119.91 40 0 0.992546 0.121869 0 -0.121869 0.992546 1 0 0 placa4.dat
1 7 -210.368 -119.91 120 0 0.992546 0.121869 0 -0.121869 0.992546 1 0 0 placa4.dat
1 7 -223.812 -98.109 160 0 0.992546 0.121869 0 -0.121869 0.992546 1 0 0 bispqaba.dat
1 7 -223.812 -98.109 80 0 -0.861629 0.507538 0 -0.507538 -0.861629 1 0 0 bispqarr.dat
1 7 -223.812 -98.109 120 0 0.992546 0.121869 0 -0.121869 0.992546 1 0 0 bispqaba.dat
1 7 -223.812 -98.109 120 0 -0.861629 0.507538 0 -0.507538 -0.861629 1 0 0 bispqarr.dat
1 7 -223.812 -98.109 160 0 -0.861629 0.507538 0 -0.507538 -0.861629 1 0 0 bispqarr.dat
1 0 -110 98 140 0 0 -1 0 1 0 1 0 0 bispqaba.dat
1 0 -70 106 100 0 0 -1 0 1 0 1 0 0 bald2.dat
1 0 150 106 100 0 0 -1 0 1 0 1 0 0 bald2.dat
1 0 -70 130 160 -1 0 0 0 1 0 0 0 -1 jacena2.dat
1 0 -70 130 100 0 0 -1 0 1 0 1 0 0 jacena2.dat
1 0 -70 106 120 0 0 -1 0 1 0 1 0 0 placa2.dat
1 0 130 106 120 0 0 -1 0 1 0 1 0 0 placa2.dat
1 0 140 98 120 0 0 -1 0 1 0 1 0 0 placa2x3.dat
1 0 -60 98 120 0 0 -1 0 1 0 1 0 0 placa2x3.dat
1 0 130 130 100 0 0 -1 0 1 0 1 0 0 jacena2.dat
1 0 150 138 100 0 0 -1 0 1 0 1 0 0 placa2x3.dat
1 0 -70 138 100 0 0 -1 0 1 0 1 0 0 placa2x3.dat
1 0 -110 130 120 0 0 1 0 1 0 -1 0 0 enganch2.dat
1 0 -110 130 140 0 0 1 0 1 0 -1 0 0 enganch2.dat
1 7 -134 130 140 0 1 0 0 0 -1 -1 0 0 placa2.dat
1 7 -142 130 140 0 1 0 0 0 -1 -1 0 0 placa2.dat
1 7 -134 150 100 0 1 0 -1 0 0 0 0 1 bald2.dat
1 0 -110 150 140 0 1 0 0 0 -1 -1 0 0 jacen2x2.dat
1 7 -150 100 120 0 1 0 -1 0 0 0 0 1 popa4p.dat
1 7 -150 100 120 0 1 0 1 0 0 0 0 -1 popa4p.dat
1 7 -158 120 140 0 1 0 0 0 -1 -1 0 0 respirad.dat
1 14 253 120 120 0 0 -1 0 1 0 1 0 0 cilindr.dat
1 14 293 100 120 0 -1 0 1 0 0 0 0 1 remtcoht.dat
1 0 150 150 100 0 -1 0 0 0 -1 1 0 0 jacen2x2.dat
1 7 182 130 100 0 -1 0 0 0 -1 1 0 0 placa2.dat
1 7 174 130 100 0 -1 0 0 0 -1 1 0 0 placa2.dat
1 7 174 150 140 0 -1 0 -1 0 0 0 0 -1 bald2.dat
1 7 190 100 120 0 -1 0 -1 0 0 0 0 -1 popa4p.dat
1 7 190 100 120 0 -1 0 1 0 0 0 0 1 popa4p.dat
1 7 198 120 100 0 -1 0 0 0 -1 1 0 0 respirad.dat
1 0 110 130 140 1 0 0 0 1 0 0 0 1 jacena2.dat
1 0 150 130 120 0 0 -1 0 1 0 1 0 0 enganch2.dat
1 0 150 130 100 0 0 -1 0 1 0 1 0 0 enganch2.dat
1 0 -110 98 140 0 0.492423 0.870356 0 0.870356 -0.492423 -1 0 0 bispqarr.dat
1 7 -122.644 95.961 130 0 0.492423 0.870356 0 0.870356 -0.492423 -1 0 0 tubo.dat
1 7 -122.644 95.961 150 0 0.492423 0.870356 0 0.870356 -0.492423 -1 0 0 tubo.dat
1 7 -130.523 82.037 129.999 0 0.492423 0.870356 0 0.870356 -0.492423 -1 0 0 soprtmar.dat
1 7 -130.523 82.037 149.999 0 0.492423 0.870356 0 0.870356 -0.492423 -1 0 0 soprtmar.dat
1 7 -227.091 -76.754 121 -0.50829 -0.861186 0 0.861186 -0.50829 0 0 0 1 alaafgrn.dat
1 7 -94.165 -114.028 -35.486 -0.916994 0.379832 0.121869 0.112593 -0.0466374 0.992546 0.382684 0.92388 0 bispqaba.dat
1 7 -36.707 -100.932 -58.447 -0.121869 0.379832 -0.916994 -0.992546 -0.0466374 0.112593 0 0.92388 0.382684 bald2x2.dat
1 7 -224.983 -118.115 18.089 0.121869 0.379832 0.916994 0.992546 -0.0466374 -0.112593 0 0.92388 -0.382684 bald2x2.dat
1 7 -234.733 -197.518 18.089 0.121869 0.379832 0.916994 0.992546 -0.0466374 -0.112593 0 0.92388 -0.382684 baldc4x6.dat
1 7 -114.943 -131.627 -27.832 0.916994 0.379832 -0.121869 -0.112593 -0.0466374 -0.992546 -0.382684 0.92388 0 baldc4in.dat
1 7 -194.485 -121.858 40 0.121869 0.379832 0.916994 0.992546 -0.0466374 -0.112593 0 0.92388 -0.382684 bisnrarr.dat
1 7 -199.962 -141.337 32.609 0.121869 0.379832 0.916994 0.992546 -0.0466374 -0.112593 0 0.92388 -0.382684 placa2x2.dat
1 7 -56.284 -158.98 -36.011 -0.916994 0.379832 0.121869 0.112593 -0.0466374 0.992546 0.382684 0.92388 0 placa2x8.dat
1 7 -33.669 -101.305 -51.055 -0.121869 0.379832 -0.916994 -0.992546 -0.0466374 0.112593 0 0.92388 0.382684 placa2x3.dat
1 7 -180.387 -83.291 10.174 -0.121869 0.379832 -0.916994 -0.992546 -0.0466374 0.112593 0 0.92388 0.382684 placa4.dat
1 7 -80.097 -176.205 -35.748 -0.916994 0.379832 0.121869 0.112593 -0.0466374 0.992546 0.382684 0.92388 0 placa2x3.dat
1 7 -135.116 -169.449 -12.789 -0.916994 0.379832 0.121869 0.112593 -0.0466374 0.992546 0.382684 0.92388 0 placa2x3.dat
1 7 -167.523 -105.02 -4.872 -0.916994 0.379832 0.121869 0.112593 -0.0466374 0.992546 0.382684 0.92388 0 bispqaba.dat
1 7 -94.165 -114.028 -35.486 -0.916994 -0.375529 0.134541 0.112593 -0.567223 -0.815831 0.382684 -0.732963 0.562422 bispqarr.dat
1 7 -130.843 -109.524 -20.178 -0.916994 0.379832 0.121869 0.112593 -0.0466374 0.992546 0.382684 0.92388 0 bispqaba.dat
1 7 -130.843 -109.524 -20.178 -0.916994 -0.375529 0.134541 0.112593 -0.567223 -0.815831 0.382684 -0.732963 0.562422 bispqarr.dat
1 7 -167.523 -105.02 -4.872 -0.916994 -0.375529 0.134541 0.112593 -0.567223 -0.815831 0.382684 -0.732963 0.562422 bispqarr.dat
1 7 -131.453 -88.497 -25.208 -0.134869 -0.375412 -0.916994 0.815336 -0.567935 0.112593 -0.563061 -0.732472 0.382684 alaafgrn.dat
1 7 -167.522 -105.02 244.872 0.916994 0.379832 0.121869 -0.112593 -0.0466374 0.992546 0.382684 -0.92388 0 bispqaba.dat
1 7 -220.108 -78.413 221.911 -0.121869 0.379832 0.916994 -0.992546 -0.0466374 -0.112593 0 -0.92388 0.382684 bald2x2.dat
1 7 -41.583 -140.634 298.446 0.121869 0.379832 -0.916994 0.992546 -0.0466374 0.112593 0 -0.92388 -0.382684 bald2x2.dat
1 7 -124.694 -211.031 267.83 0.121869 0.379832 -0.916994 0.992546 -0.0466374 0.112593 0 -0.92388 -0.382684 baldc4x6.dat
1 7 -114.944 -131.627 267.832 -0.121869 0.379832 0.916994 -0.992546 -0.0466374 -0.112593 0 -0.92388 0.382684 baldc4in.dat
1 7 -194.486 -121.858 200 -0.121869 0.379832 0.916994 -0.992546 -0.0466374 -0.112593 0 -0.92388 0.382684 bisnrarr.dat
1 7 -195.089 -101.635 207.391 -0.121869 0.379832 0.916994 -0.992546 -0.0466374 -0.112593 0 -0.92388 0.382684 placa2x2.dat
1 7 -190.138 -162.694 229.825 0.916994 0.379832 0.121869 -0.112593 -0.0466374 0.992546 0.382684 -0.92388 0 placa2x3.dat
1 7 -135.116 -169.449 252.789 0.916994 0.379832 0.121869 -0.112593 -0.0466374 0.992546 0.382684 -0.92388 0 placa2x3.dat
1 7 -198.727 -81.038 222.174 -0.121869 0.379832 0.916994 -0.992546 -0.0466374 -0.112593 0 -0.92388 0.382684 placa4.dat
1 7 -70.348 -96.802 275.747 -0.121869 0.379832 0.916994 -0.992546 -0.0466374 -0.112593 0 -0.92388 0.382684 placa2x3.dat
1 7 -203.001 -140.963 214.78 0.916994 0.379832 0.121869 -0.112593 -0.0466374 0.992546 0.382684 -0.92388 0 placa2x8.dat
1 7 -94.165 -114.028 275.487 0.916994 0.379832 0.121869 -0.112593 -0.0466374 0.992546 0.382684 -0.92388 0 bispqaba.dat
1 7 -167.522 -105.02 244.872 0.916994 -0.375529 0.134541 -0.112593 -0.567223 -0.815831 0.382684 0.732963 -0.562422 bispqarr.dat
1 7 -130.844 -109.524 260.18 0.916994 0.379832 0.121869 -0.112593 -0.0466374 0.992546 0.382684 -0.92388 0 bispqaba.dat
1 7 -130.844 -109.524 260.18 0.916994 -0.375529 0.134541 -0.112593 -0.567223 -0.815831 0.382684 0.732963 -0.562422 bispqarr.dat
1 7 -94.165 -114.028 275.487 0.916994 -0.375529 0.134541 -0.112593 -0.567223 -0.815831 0.382684 0.732963 -0.562422 bispqarr.dat
1 7 -129.622 -88.722 265.973 -0.134869 -0.375412 0.916994 0.815336 -0.567935 -0.112593 0.563061 0.732472 0.382684 alaafgrn.dat
1 0 150 98 140 0 0 1 0 1 0 -1 0 0 bispqaba.dat
1 0 150 98 140 0 -0.492423 -0.870356 0 0.870356 -0.492423 1 0 0 bispqarr.dat
1 7 263.812 -98.109 160 0 -0.992546 -0.121869 0 -0.121869 0.992546 -1 0 0 bispqaba.dat
1 7 253.433 -79.233 220 0.121869 -0.992546 0 -0.992546 -0.121869 0 0 0 -1 bald2x2.dat
1 7 258.309 -118.934 20 -0.121869 -0.992546 0 0.992546 -0.121869 0 0 0 1 bald2x2.dat
1 7 268.058 -198.339 20 -0.121869 -0.992546 0 0.992546 -0.121869 0 0 0 1 baldc4x6.dat
1 7 263.182 -158.637 180 -0.121869 -0.992546 0 0.992546 -0.121869 0 0 0 1 baldc4.dat
1 7 234.485 -121.858 199.999 0.121869 -0.992546 0 -0.992546 -0.121869 0 0 0 -1 bisnrarr.dat
1 7 234.486 -121.858 200 0.121869 -0.992546 0 -0.992546 -0.121869 0 0 0 -1 bisnreje.dat
1 7 234.486 -121.858 40 -0.121869 -0.992546 0 0.992546 -0.121869 0 0 0 1 bisnrarr.dat
1 7 234.486 -121.858 40 -0.121869 -0.992546 0 0.992546 -0.121869 0 0 0 1 bisnreje.dat
1 7 244.865 -140.736 200 0 -0.992546 -0.121869 0 -0.121869 0.992546 -1 0 0 placa2x8.dat
