0 Untitled
0 Name: Planeador3.ldr
0 Author: MLCad
0 Unofficial Model
0 !COLOUR Kaki CODE 77 VALUE #424510 EDGE #222222 ALPHA 255
0 ROTATION CENTER 0 0 0 1 "Custom" 
0 ROTATION CONFIG 0 0
1 0 0 0 60 1 0 0 0 1 0 0 0 1 popa6rem.dat
1 0 0 -12 88 1 0 0 0 0 1 0 -1 0 popa6rem.dat
1 0 -10 -8 30 -0.980785 0 -0.19509 0 1 0 0.19509 0 -0.980785 canonpeq.dat
1 0 10 -8 30 -0.980785 0 0.19509 0 1 0 -0.19509 0 -0.980785 canonpeq.dat
1 0 -30 -8 30 0 0 1 0 1 0 -1 0 0 chimenea.dat
1 0 30 -8 30 0 0 1 0 1 0 -1 0 0 chimenea.dat
1 4 52 -32 104 0 1 0 1 0 0 0 0 -1 proa4qui.dat
1 4 -52 -32 104 0 -1 0 -1 0 0 0 0 -1 proa4qui.dat
1 0 -28 -32 144 0 -1 0 -1 0 0 0 0 -1 proa4rmt.dat
1 4 -28 -42 114 0 -1 0 0 0 -1 1 0 0 chimplac.dat
1 4 -28 -52 104 0 -1 0 0 0 -1 1 0 0 placa2.dat
1 4 -20 -52 144 0 -1 0 -1 0 0 0 0 -1 bald2.dat
1 4 28 -52 144 0 1 0 0 0 -1 -1 0 0 placa2.dat
1 4 28 -42 134 0 1 0 0 0 -1 -1 0 0 chimplac.dat
1 4 20 -52 104 0 1 0 -1 0 0 0 0 1 bald2.dat
1 4 -52 -12 124 0 -1 0 -1 0 0 0 0 -1 placa2.dat
1 4 -44 -32 124 0 -1 0 -1 0 0 0 0 -1 enganc2.dat
1 4 52 -12 104 0 1 0 -1 0 0 0 0 1 placa2.dat
1 4 44 -32 104 0 1 0 -1 0 0 0 0 1 enganc2.dat
1 4 0 -42 114 1 0 0 0 0.734323 -0.6788 0 0.6788 0.734323 eje28.dat
1 4 0 -42 134 1 0 0 0 0.734323 -0.6788 0 0.6788 0.734323 eje28.dat
1 8 0 -22 154 1 0 0 0 -1 0 0 0 -1 eje15.dat
1 0 28 -32 144 0 1 0 1 0 0 0 0 -1 proa4rmt.dat
1 4 4 -32 164 0 1 0 1 0 0 0 0 -1 proa4p.dat
1 4 -4 -32 204 0 1 0 1 0 0 0 0 -1 enganc2.dat
1 4 -4 -32 184 0 1 0 1 0 0 0 0 -1 enganc2.dat
1 4 -4 -52 184 0 1 0 1 0 0 0 0 -1 enganc2.dat
1 4 -4 -52 204 0 1 0 1 0 0 0 0 -1 enganc2.dat
1 4 -4 -42 214 0 1 0 1 0 0 0 0 -1 chimplac.dat
1 4 12 -12 224 0 1 0 0 0 -1 -1 0 0 placa2x3.dat
1 4 20 -12 204 0 1 0 0 0 -1 -1 0 0 placa2x2.dat
1 4 20 -22 214 0 1 0 -1 0 0 0 0 1 chimplac.dat
1 4 0 20 60 -1 0 0 0 -1 0 0 0 1 popa6p.dat
1 4 -20 20 60 1 0 0 0 0 -1 0 1 0 enganch2.dat
1 4 0 20 60 1 0 0 0 0 -1 0 1 0 enganch2.dat
1 4 -20 0 60 -1 0 0 0 0 1 0 1 0 enganch2.dat
1 4 -40 0 60 -1 0 0 0 0 1 0 1 0 enganch2.dat
1 4 -20 0 36 -1 0 0 0 0 1 0 1 0 placa2.dat
1 4 60 0 36 -1 0 0 0 0 1 0 1 0 placa4.dat
1 4 60 0 60 -1 0 0 0 0 1 0 1 0 enganch2.dat
1 4 40 0 60 -1 0 0 0 0 1 0 1 0 enganch2.dat
1 14 0 10 4 -1 0 0 0 0 1 0 1 0 pastilla.dat
1 14 30 10 20 -1 0 0 0 0 1 0 1 0 chimenea.dat
1 14 -30 10 20 1 0 0 0 0 -1 0 1 0 chimenea.dat
1 4 -50 10 28 1 0 0 0 0 -1 0 1 0 chimplac.dat
1 4 30 10 28 1 0 0 0 0 -1 0 1 0 chimplac.dat
1 4 20 0 28 -1 0 0 0 0 1 0 1 0 jacena2.dat
1 4 0 28 80 -1 0 0 0 -1 0 0 0 1 popa_6.dat
1 4 40 20 120 1 0 0 0 -1 0 0 0 -1 proa4qui.dat
1 4 40 44 160 1 0 0 0 -1 0 0 0 -1 proa4p.dat
1 4 40 44 160 1 0 0 0 -1 0 0 0 -1 bald2x2.dat
1 4 -80 44 160 1 0 0 0 -1 0 0 0 -1 bald2x2.dat
1 4 -40 44 160 1 0 0 0 -1 0 0 0 -1 placa4.dat
1 4 -40 44 140 1 0 0 0 -1 0 0 0 -1 placa4.dat
1 4 -40 44 160 1 0 0 0 -1 0 0 0 -1 proa4p.dat
1 4 -40 20 120 1 0 0 0 -1 0 0 0 -1 proa4qui.dat
1 4 -40 12 120 0 0 -1 0 -1 0 -1 0 0 cuna.dat
1 4 -50 -12 70 1 0 0 0 -1 0 0 0 -1 jacena1.dat
1 4 50 -12 70 1 0 0 0 -1 0 0 0 -1 jacena1.dat
1 4 -40 -12 80 1 0 0 0 -1 0 0 0 -1 enganche.dat
1 4 60 20 60 -1 0 0 0 -1 0 0 0 1 placa2.dat
1 4 40 8 88 -1 0 0 0 0 -1 0 -1 0 placa4.dat
1 4 -30 -2 80 -0.979925 0 -0.199368 0.199368 0 -0.979925 0 -1 0 chimplac.dat
1 7 -49.883 2.092 89.891 0.139173 -0.00432085 0.990258 -0.990268 -0.000607255 0.139172 0 -0.99999 -0.00436331 trfposte.dat
1 4 0 -32 104 1 0 0 0 0 1 0 -1 0 bisnraba.dat
1 4 0 -32 104 -1 0 0 0 0 1 0 1 0 bisnraba.dat
1 4 20 -32 120 -1 0 0 0 0 1 0 1 0 placa2x2.dat
1 4 0 -22 144 1 0 0 0 0 -1 0 1 0 jacena1.dat
1 4 0 8 144 1 0 0 0 0 -1 0 1 0 enganch2.dat
1 4 -20 8 144 1 0 0 0 0 -1 0 1 0 enganch2.dat
1 4 0 -32 104 -1 0 0 0 0 1 0 1 0 bisnreje.dat
1 4 0 -22 130 1 0 0 0 0 1 0 -1 0 soprtmar.dat
1 4 0 -58.291 131.622 1 0 0 0 -0.6788 -0.734323 0 0.734323 -0.6788 soprtmar.dat
1 4 10 -72.179 102.449 0 0 -1 0.734323 0.6788 0 0.6788 -0.734323 0 jacena2.dat
1 4 10 -93.899 125.947 0 0 -1 0.734323 0.6788 0 0.6788 -0.734323 0 jacena2.dat
1 4 10 -110.19 143.57 0 0 -1 0.734323 0.6788 0 0.6788 -0.734323 0 bald1.dat
1 4 10 -88.468 120.072 0 0 -1 0.734323 0.6788 0 0.6788 -0.734323 0 placa2.dat
1 4 0 -80.817 170.723 1 0 0 0 0.6788 0.734323 0 -0.734323 0.6788 helala.dat
1 4 60 12 60 -1 0 0 0 -1 0 0 0 1 placa2.dat
1 4 -20 12 60 -1 0 0 0 -1 0 0 0 1 placa2.dat
1 4 -20 20 60 -1 0 0 0 -1 0 0 0 1 placa2.dat
1 4 20 20 120 0 0 -1 0 -1 0 -1 0 0 placa2x3.dat
1 4 20 28 120 0 0 -1 0 -1 0 -1 0 0 jacen2x2.dat
1 4 -20 44 120 0 0 -1 0 -1 0 -1 0 0 placa2.dat
1 4 -20 28 120 0 0 -1 0 -1 0 -1 0 0 placa2.dat
1 4 -20 20 120 0 0 -1 0 -1 0 -1 0 0 placa2.dat
1 4 40 44 120 0 0 -1 0 -1 0 -1 0 0 placa2.dat
1 4 0 -4 70 -1 0 0 0 -1 0 0 0 1 cilindro.dat
1 4 -60 36 120 0 0 -1 0 -1 0 -1 0 0 placa2.dat
1 4 -20 36 120 0 0 -1 0 -1 0 -1 0 0 bald2x2.dat
1 4 0 12 120 0 0 -1 0 -1 0 -1 0 0 placa2x2.dat
1 4 -53.947 1.427 174 0.139173 0.990268 0 -0.990268 0.139173 0 0 0 1 cilindr.dat
1 4 -73.752 -1.355 134 -0.139173 0 0.990268 0.990268 0 0.139173 0 1 0 remtcoht.dat
1 15 -73.752 -1.355 209 0.990268 0 -0.139173 0.139173 0 0.990268 0 -1 0 llantnq.dat
1 4 20 -12 80 1 0 0 0 -1 0 0 0 -1 enganche.dat
1 4 30 -2 80 0.981627 0 -0.190809 0.190809 0 0.981627 0 -1 0 chimplac.dat
1 7 49.934 1.829 89.891 0.147809 0.00431539 -0.989006 0.989016 -0.00064494 0.147808 0 -0.99999 -0.00436331 trfposte.dat
1 4 54.02 1.311 174 0.147809 -0.989016 0 0.989016 0.147809 0 0 0 1 cilindr.dat
1 4 73.799 -1.648 134 -0.147809 0 -0.989016 -0.989016 0 0.147809 0 1 0 remtcoht.dat
1 15 73.799 -1.648 209 -0.989016 0 -0.147809 0.147809 0 -0.989016 0 -1 0 llantnq.dat
1 4 -56 64 120 0 1 0 0 0 -1 -1 0 0 vntscorp.dat
1 4 -96 44 100 0 1 0 0 0 -1 -1 0 0 bispqaba.dat
1 4 -80 64 120 0 1 0 0 0 -1 -1 0 0 placa2.dat
1 4 -48 64 120 0 1 0 0 0 -1 -1 0 0 placa2.dat
1 4 -40 64 120 0 1 0 0 0 -1 -1 0 0 placa2.dat
1 4 -96 44 100 0 0 1 0 1 0 -1 0 0 bispqarr.dat
1 4 -96 36 80 0 0 -1 0 1 0 1 0 0 placa2.dat
1 4 40 52 80 1 0 0 0 -1 0 0 0 -1 baldc4in.dat
1 4 -40 52 80 0 0 -1 0 -1 0 -1 0 0 baldc4in.dat
1 4 0 52 20 -1 0 0 0 -1 0 0 0 1 popa4p.dat
1 4 0 52 20 0 0 1 0 -1 0 1 0 0 tejado8.dat
1 4 0 52 180 0 0 -1 0 -1 0 -1 0 0 tejado8.dat
1 4 -20 8 164 1 0 0 0 -1 0 0 0 -1 bald2x2r.dat
1 4 20 60 0 -1 0 0 0 -1 0 0 0 1 bald2x2r.dat
1 4 20 60 140 -1 0 0 0 -1 0 0 0 1 bald2x2.dat
1 4 -60 52 220 1 0 0 0 -1 0 0 0 -1 bald2x2r.dat
1 4 20 52 220 1 0 0 0 -1 0 0 0 -1 bald2x2r.dat
1 4 40 52 180 1 0 0 0 -1 0 0 0 -1 bald2.dat
1 4 -60 52 180 1 0 0 0 -1 0 0 0 -1 bald2.dat
1 4 20 60 100 -1 0 0 0 -1 0 0 0 1 bald2x2.dat
1 4 20 60 100 0 0 -1 0 -1 0 -1 0 0 bald2.dat
1 4 20 60 80 0 0 -1 0 -1 0 -1 0 0 respirad.dat
1 4 0 38 70 1 0 0 0 1 0 0 0 1 htittron.dat
1 4 0 -33.559 2.094 1 0 0 0 -0.052336 0.99863 0 -0.99863 -0.052336 htitbrzd.dat
1 4 0 -33.506 3.092 1 0 0 0 -0.052336 0.99863 0 -0.99863 -0.052336 htitmand.dat
1 4 0 -33.506 3.092 1 0 0 0 -0.052336 0.99863 0 -0.99863 -0.052336 htitmani.dat
1 4 0 -33.559 2.094 1 0 0 0 -0.052336 0.99863 0 -0.99863 -0.052336 htitbrzi.dat
1 4 0 -42 70 1 0 0 0 1 0 0 0 1 htitcab2.dat
1 47 0 24 88 1 0 0 0 1 0 0 0 1 skycabcr.dat
1 4 -106 28.002 100 1 0 0 0 1 0 0 0 1 helala.dat
1 15 -106 -106 150 0 0 -1 0 -1 0 -1 0 0 soprtmar.dat
1 4 -116.001 -86 160 0 0 1 0 1 0 -1 0 0 enganch2.dat
1 4 -106.001 -110 150 0 0 1 0 1 0 -1 0 0 piquito.dat
1 15 -116 -106 150 0 1 0 0 0 -1 -1 0 0 popa6rem.dat
1 15 -116 -106 150 0 1 0 0 0 1 1 0 0 popa6rem.dat
1 15 -124.001 -126 130 0 1 0 0 0 1 1 0 0 respirad.dat
1 0 -144.001 -106 150 1 0 0 0 -0.707107 0.707107 0 -0.707107 -0.707107 helirotr.dat
1 15 123.999 -85.999 130 0 -1 0 0 0 -1 1 0 0 respirad.dat
1 0 144.001 -106 150 -1 0 0 0 0.707107 0.707107 0 0.707107 -0.707107 helirotr.dat
1 4 115.999 -86.001 140 0 0 -1 0 1 0 1 0 0 enganch2.dat
1 4 106.001 -110 150 0 0 -1 0 1 0 1 0 0 piquito.dat
1 15 106 -106 150 0 0 1 0 -1 0 1 0 0 soprtmar.dat
1 15 116 -106 150 0 -1 0 0 0 -1 1 0 0 popa6rem.dat
1 15 116 -106 150 0 -1 0 0 0 1 -1 0 0 popa6rem.dat
1 4 40 12 80 0 0 1 0 -1 0 1 0 0 cuna.dat
1 4 20 28 80 0 0 1 0 -1 0 1 0 0 placa2.dat
1 4 20 20 80 0 0 1 0 -1 0 1 0 0 placa2.dat
1 4 60 36 80 0 0 1 0 -1 0 1 0 0 placa2.dat
1 4 20 36 80 0 0 1 0 -1 0 1 0 0 bald2x2.dat
1 4 0 12 80 0 0 1 0 -1 0 1 0 0 placa2x2.dat
1 4 56 64 80 0 -1 0 0 0 -1 1 0 0 vntscorp.dat
1 4 96 44 100 0 -1 0 0 0 -1 1 0 0 bispqaba.dat
1 4 80 64 80 0 -1 0 0 0 -1 1 0 0 placa2.dat
1 4 48 64 80 0 -1 0 0 0 -1 1 0 0 placa2.dat
1 4 40 64 80 0 -1 0 0 0 -1 1 0 0 placa2.dat
1 4 96 44 100 0 0 -1 0 1 0 1 0 0 bispqarr.dat
1 4 96 36 120 0 0 1 0 1 0 -1 0 0 placa2.dat
1 4 106.001 28.001 100 1 0 0 0 1 0 0 0 1 helala.dat
0
