0 Explorador detector
0 Name: Astro_0552_exploradordetector.ldr
0 Author: cpcbegin
0 Tente astro: Los vehiculos de las galaxias
0 ROTATION CENTER 0 0 0 1 "Custom" 
0 ROTATION CONFIG 0 0
1 0 30 0 -50 0 0 -1 0 1 0 1 0 0 placa2x8.dat
1 4 0 8 -10 -1 0 0 0 1 0 0 0 -1 rueastro.dat
1 4 0 8 110 -1 0 0 0 1 0 0 0 -1 rueastro.dat
1 4 0 8 50 -1 0 0 0 1 0 0 0 -1 rueastro.dat
1 0 -30 -8 150 0 0 1 0 1 0 -1 0 0 placa4x8.dat
1 0 -50 -16 150 0 0 1 0 1 0 -1 0 0 placa6x8.dat
1 15 -50 -24 150 0 0 1 0 1 0 -1 0 0 jacena8.dat
1 15 -50.2 -24 -11 0 0 -1 0 1 0 1 0 0 explore.dat
1 15 70.2 -24 149 0 0 1 0 1 0 -1 0 0 explore.dat
1 15 50 -24 150 0 0 1 0 1 0 -1 0 0 jacena8.dat
1 15 -30 -48 150 0 0 1 0 1 0 -1 0 0 rallado2.dat
1 0 10 -24 130 -1 0 0 0 1 0 0 0 -1 rallado2.dat
1 0 50 -24 130 -1 0 0 0 1 0 0 0 -1 rallado2.dat
1 0 10 -48 130 -1 0 0 0 1 0 0 0 -1 rallado2.dat
1 0 50 -48 130 -1 0 0 0 1 0 0 0 -1 rallado2.dat
1 15 50 -48 110 0 0 -1 0 1 0 1 0 0 rallado2.dat
1 15 50 -24 10 -1 0 0 0 1 0 0 0 -1 jacena4.dat
1 15 50 -48 10 -1 0 0 0 1 0 0 0 -1 jacena4.dat
1 0 70 -48 110 0 0 1 0 1 0 -1 0 0 jacena6.dat
1 0 -30 -48 110 0 0 1 0 1 0 -1 0 0 jacena6.dat
1 0 -10 -72 150 0 0 1 0 1 0 -1 0 0 placa2x8.dat
1 15 -50 -72 30 0 0 1 0 1 0 -1 0 0 bald2x2r.dat
1 15 -50 -72 70 0 0 1 0 1 0 -1 0 0 bald2x2r.dat
1 15 -50 -72 110 0 0 1 0 1 0 -1 0 0 bald2x2r.dat
1 15 -50 -72 150 0 0 1 0 1 0 -1 0 0 bald2x2r.dat
1 15 70 -72 110 0 0 -1 0 1 0 1 0 0 bald2x2r.dat
1 15 70 -72 70 0 0 -1 0 1 0 1 0 0 bald2x2r.dat
1 15 70 -72 30 0 0 -1 0 1 0 1 0 0 bald2x2r.dat
1 15 70 -72 -10 0 0 -1 0 1 0 1 0 0 bald2x2r.dat
1 15 -10 -80 -30 1 0 0 0 1 0 0 0 1 bald2x2r.dat
1 15 20 -8 -50 -1 0 0 0 0 1 0 1 0 enganch2.dat
1 15 30 -8 -74 -1 0 0 0 0 1 0 1 0 placa2.dat
1 15 0 2 -87 -0.829038 0 0.559193 0.559193 0 0.829038 0 1 0 antincv.dat
1 4 -43.109 31.078 -197 0.738678 -0.376375 0.559193 -0.498245 0.253868 0.829038 -0.45399 -0.891007 0 cilindro.dat
1 15 20 2 -87 0.829038 0 0.559193 0.559193 0 -0.829038 0 1 0 antincv.dat
1 4 63.109 31.078 -197 -0.738678 0.376375 0.559193 -0.498245 0.253868 -0.829038 -0.45399 -0.891007 0 cilindro.dat
1 15 10 -8 -10 1 0 0 0 1 0 0 0 1 cirrevor.dat
1 0 10 -8 -10 -1 0 0 0 1 0 0 0 -1 cirrevoc.dat
1 40 10 -80 70 0 0 1 0 1 0 -1 0 0 semicupp.dat
1 40 10 -80 70 0 0 -1 0 1 0 1 0 0 semicupp.dat
1 15 20 -85 140 0.866025 0 0.5 0 1 0 -0.5 0 0.866025 panelast.dat
1 0 -30 -80 -30 1 0 0 0 1 0 0 0 1 enganche.dat
1 0 30 -80 -30 1 0 0 0 1 0 0 0 1 enganche.dat
1 0 40 -90 -30 1 0 0 0 0 -1 0 1 0 amortigu.dat
1 0 -20 -90 -30 1 0 0 0 0 -1 0 1 0 amortigu.dat
0
