0 ROTATION CENTER 0 0 0 1 "Custom" 
0 ROTATION CONFIG 0 0
1 8 8 25 177 -1 0 0 0 1 0 0 0 -1 nrutemb2.dat
1 8 17 7.8 -12 0 -1 0 1 0 0 0 0 1 popa4p.dat
1 0 25 7.8 -12 0 -1 0 1 0 0 0 0 1 rotrinf2.dat
1 0 7 -10.2 10 0.999848 0 -0.0174524 0 1 0 0.0174524 0 0.999848 RenaultCadena.ldr
1 0 -157.973 -10.2 6.859 0.999848 0 0.0174524 0 1 0 -0.0174524 0 0.999848 RenaultCadena.ldr
1 8 17 7.8 -12 0 -1 0 -1 0 0 0 0 -1 popa4p.dat
1 8 -129 7.8 -12 0 1 0 1 0 0 0 0 -1 popa4p.dat
1 8 -124 11.133 89.059 0 0 1 0.969231 0.246153 0 -0.246153 0.969231 0 trfposte.dat
1 8 -121 -2.2 -32 0 1 0 0 0 1 1 0 0 placa2.dat
1 8 -129 7.8 -12 0 1 0 -1 0 0 0 0 1 popa4p.dat
1 0 -137 7.8 -12 0 1 0 -1 0 0 0 0 1 rotrinf2.dat
1 8 9 -2.2 8 0 -1 0 0 0 1 -1 0 0 placa2.dat
1 8 12 11.336 89.007 0 0 -1 -0.968148 0.25038 0 0.25038 0.968148 0 trfposte.dat
1 8 -35.626 8.439 -18.454 0 -1 0 0.98404 0 0.177943 -0.177943 0 0.98404 chimplac.dat
1 8 -28 28.1 -22.124 0 -1 0 0.98404 0 0.177943 -0.177943 0 0.98404 ejeastr2.dat
1 8 -75.626 8.439 -18.454 0 1 0 0.98404 0 -0.177944 -0.177944 0 -0.98404 chimplac.dat
1 8 -84 28.1 -22.124 0 1 0 0.98404 0 0.177943 0.177943 0 -0.98404 ejeastr2.dat
1 8 -55.626 30.87 37.686 -1 0 0 0 -1 0 0 0 1 bisnraba.dat
1 8 -75.626 14.87 57.686 0 0 1 0 -1 0 1 0 0 placa2x8.dat
1 8 -75.626 -25.13 57.686 0 0 1 0 -1 0 1 0 0 placa2x3.dat
1 8 -55.626 6.87 197.686 -1 0 0 0 -1 0 0 0 1 bisnrarr.dat
1 8 -55.626 14.87 257.686 1 0 0 0 -1 0 0 0 -1 bisnrarr.dat
1 8 -55.626 14.87 257.686 1 0 0 0 0.980785 -0.19509 0 0.19509 0.980785 bisnraba.dat
1 8 -35.626 30.563 260.807 0 0 -1 -0.19509 0.980785 0 0.980785 0.19509 0 placa2x3.dat
1 8 -55.626 3.165 316.533 1 0 0 0 0.980785 -0.19509 0 0.19509 0.980785 bispqaba.dat
1 8 -55.626 3.165 316.533 -1 0 0 0 0 1 0 1 0 bispqarr.dat
1 383 -65.626 -6.835 275.533 0 -1 0 0 0 1 -1 0 0 eje26.dat
1 383 -45.626 -6.835 275.533 0 -1 0 0 0 1 -1 0 0 eje26.dat
1 8 -45.626 -6.835 265.533 -1 0 0 0 0 1 0 1 0 chimplac.dat
1 8 -75.626 22.87 237.686 0 0 1 0 -1 0 1 0 0 bald2.dat
1 8 -75.626 -1.13 177.686 1 0 0 0 1 0 0 0 1 jacen2x2.dat
1 8 -95.626 -25.13 177.686 1 0 0 0 1 0 0 0 1 placa4.dat
1 8 -35.626 -17.13 117.686 0 0 -1 0 1 0 1 0 0 jacen2x3.dat
1 8 -55.626 6.87 197.686 1 0 0 0 1 0 0 0 1 bisnrarr.dat
1 8 -75.626 -1.13 217.686 1 0 0 0 1 0 0 0 1 placa2.dat
1 8 -75.626 -9.13 217.686 1 0 0 0 1 0 0 0 1 placa2.dat
1 8 -75.626 6.87 237.686 1 0 0 0 1 0 0 0 1 vntscorm.dat
1 8 -55.626 6.87 197.686 1 0 0 0 1 0 0 0 1 bisnreje.dat
1 8 -55.626 14.87 257.686 1 0 0 0 1 0 0 0 1 bisnreje.dat
1 8 -55.626 -89.13 63.686 0 0 -1 1 0 0 0 -1 0 cuna.dat
1 8 -55.626 -49.13 63.686 0 0 1 -1 0 0 0 -1 0 cuna.dat
1 8 -45.626 -79.13 55.686 -1 0 0 0 0 -1 0 -1 0 chimplac.dat
1 0 -65.626 -79.13 63.686 1 0 0 0 0 -1 0 1 0 tuboruta.dat
1 8 -55.626 -61.13 39.686 0 0 1 -1 0 0 0 -1 0 soprtmar.dat
1 383 -45.626 -79.13 45.686 0 -1 0 0 0 -1 1 0 0 eje15.dat
1 8 -35.626 -49.13 87.686 -1 0 0 0 0 -1 0 -1 0 enganch2.dat
1 8 -55.626 -49.13 87.686 -1 0 0 0 0 -1 0 -1 0 enganch2.dat
1 8 -55.626 -89.13 95.686 1 0 0 0 0 1 0 -1 0 enganch2.dat
1 8 -75.626 -69.13 111.686 1 0 0 0 0 1 0 -1 0 placa2.dat
1 8 -75.626 -89.13 87.686 1 0 0 0 0 1 0 -1 0 placa2.dat
1 8 -95.626 -41.13 197.686 0 0 1 0 1 0 -1 0 0 baldgord.dat
1 8 -15.626 -41.13 157.686 0 0 -1 0 1 0 1 0 0 baldgord.dat
1 8 -15.626 -33.13 137.686 0 0 -1 0 1 0 1 0 0 placa2.dat
1 8 -15.626 -25.13 117.686 0 0 -1 0 1 0 1 0 0 placa2.dat
1 8 -15.626 -25.13 157.686 0 0 -1 0 1 0 1 0 0 placa1.dat
1 8 -75.626 -25.13 157.686 0 0 -1 0 1 0 1 0 0 placa1.dat
1 8 -15.626 -33.13 117.686 0 0 -1 0 1 0 1 0 0 placa1.dat
1 8 -75.626 -33.13 137.686 0 0 -1 0 1 0 1 0 0 placa2.dat
1 8 -75.626 -25.13 117.686 0 0 -1 0 1 0 1 0 0 placa2.dat
1 8 -75.626 -33.13 117.686 0 0 -1 0 1 0 1 0 0 placa1.dat
1 8 -15.626 -25.13 197.686 -1 0 0 0 1 0 0 0 -1 tejado.dat
1 8 -55.626 -25.13 197.686 -1 0 0 0 1 0 0 0 -1 tejado.dat
1 8 -15.626 -33.13 177.686 -1 0 0 0 1 0 0 0 -1 tejado.dat
1 8 -55.626 -33.13 177.686 -1 0 0 0 1 0 0 0 -1 tejado.dat
1 8 -35.626 -17.13 217.686 -1 0 0 0 1 0 0 0 -1 tejado.dat
1 8 -95.626 22.87 197.686 1 0 0 0 -1 0 0 0 -1 tejado.dat
1 8 -35.626 30.87 177.686 -1 0 0 0 -1 0 0 0 1 bald2x2r.dat
1 8 -95.626 30.87 217.686 1 0 0 0 -1 0 0 0 -1 bald1.dat
1 8 -35.626 30.87 217.686 1 0 0 0 -1 0 0 0 -1 bald1.dat
1 8 -75.626 22.87 197.686 1 0 0 0 -1 0 0 0 -1 placa2.dat
1 8 -95.626 14.87 197.686 0 0 1 0 -1 0 1 0 0 placa2.dat
1 8 -35.626 14.87 197.686 0 0 1 0 -1 0 1 0 0 placa2.dat
1 8 -55.626 22.87 197.686 1 0 0 0 -1 0 0 0 -1 tejado.dat
1 8 -95.626 -41.13 157.686 0 0 1 0 1 0 -1 0 0 bald2x2.dat
1 8 -55.626 -41.13 157.686 0 0 1 0 1 0 -1 0 0 bald2x2.dat
1 8 -65.626 -79.13 95.686 1 0 0 0 0 1 0 -1 0 jacena1.dat
1 8 -75.626 -89.13 119.686 1 0 0 0 0 1 0 -1 0 baldgord.dat
1 8 -75.626 -49.13 95.686 0 0 1 -1 0 0 0 -1 0 pico.dat
1 8 -35.626 -89.13 95.686 0 0 -1 1 0 0 0 -1 0 pico.dat
1 8 -35.626 -25.13 229.686 0 0 -1 1 0 0 0 -1 0 pico.dat
1 8 -75.626 14.87 229.686 0 0 1 -1 0 0 0 -1 0 pico.dat
1 8 -95.626 14.87 221.686 0 0 1 -1 0 0 0 -1 0 placa2.dat
1 8 -75.626 14.87 197.686 -1 0 0 0 0 -1 0 -1 0 enganch2.dat
1 8 -95.626 -25.13 197.686 1 0 0 0 0 1 0 -1 0 enganch2.dat
1 8 -35.626 14.87 221.686 0 0 1 -1 0 0 0 -1 0 placa2.dat
1 8 -15.626 14.87 197.686 -1 0 0 0 0 -1 0 -1 0 enganch2.dat
1 8 -35.626 -25.13 197.686 1 0 0 0 0 1 0 -1 0 enganch2.dat
1 8 -15.626 -89.13 87.686 0 0 -1 1 0 0 0 -1 0 placa2.dat
1 8 -75.626 -89.13 87.686 0 0 -1 1 0 0 0 -1 0 placa2.dat
1 8 -45.626 -89.13 105.686 0 0 1 0 1 0 -1 0 0 trfcircb.dat
1 8 -55.626 31.17 37.686 1 0 0 0 1 0 0 0 1 bisnreje.dat
1 8 -55.626 -49.082 117.631 1 0 0 0 -1 0 0 0 -1 popa4.dat
1 8 -75.626 -17.082 137.631 1 0 0 0 -1 0 0 0 -1 jacen2x2.dat
1 0 -65.626 -37.082 127.631 1 0 0 0 -1 0 0 0 -1 tuboruta.dat
1 0 -45.626 -37.082 127.631 1 0 0 0 -1 0 0 0 -1 tuboruta.dat
1 8 -75.626 6.918 137.631 1 0 0 0 -1 0 0 0 -1 placa2x2.dat
1 8 -55.626 14.918 77.631 0 -1 0 0 0 -1 1 0 0 enganch2.dat
1 8 -55.626 14.918 137.631 0 -1 0 0 0 -1 1 0 0 enganch2.dat
1 8 -55.626 14.918 157.631 0 -1 0 0 0 -1 1 0 0 enganch2.dat
1 8 -55.626 14.918 157.631 0 1 0 0 0 -1 -1 0 0 enganch2.dat
1 8 -55.626 14.918 177.631 0 1 0 0 0 -1 -1 0 0 enganch2.dat
1 8 -55.626 14.918 97.632 0 1 0 0 0 -1 -1 0 0 enganch2.dat
1 8 -15.626 -25.082 47.631 0 -1 0 1 0 0 0 0 1 bald2x2r.dat
1 8 -15.626 -25.082 87.631 0 -1 0 1 0 0 0 0 1 bald2x2.dat
1 8 -15.626 -5.082 127.631 0 -1 0 1 0 0 0 0 1 bald2x2.dat
1 8 -7.626 -5.082 187.631 0 -1 0 1 0 0 0 0 1 compuert.dat
1 8 -7.626 -5.082 187.631 0 -1 0 1 0 0 0 0 1 bispqaba.dat
1 8 -103.626 -5.082 187.631 0 1 0 -1 0 0 0 0 1 compuert.dat
1 8 -103.626 -5.082 187.631 0 1 0 -1 0 0 0 0 1 bispqaba.dat
1 8 -15.626 14.918 47.631 0 -1 0 1 0 0 0 0 1 bald2r.dat
1 8 -15.626 14.918 207.631 0 -1 0 0 0 1 -1 0 0 placa2.dat
1 8 -15.626 14.918 127.631 0 -1 0 0 0 1 -1 0 0 jacena2.dat
1 8 8.374 14.918 107.631 0 -1 0 0 0 1 -1 0 0 placa4.dat
1 383 19.374 23.918 107.631 0 -1 0 1 0 0 0 0 1 eje15.dat
1 0 16.374 34.918 47.631 0 -1 0 -1 0 0 0 0 -1 pistola.dat
1 0 -127.626 34.918 27.631 0 1 0 -1 0 0 0 0 1 pistola.dat
1 0 8.374 14.918 107.631 0 -1 0 -1 0 0 0 0 -1 helillnt.dat
1 383 -128.626 23.918 107.631 0 -1 0 1 0 0 0 0 1 eje15.dat
1 0 -139.626 14.918 107.631 0 -1 0 -1 0 0 0 0 -1 helillnt.dat
1 8 8.374 14.918 147.631 0 -1 0 0 0 1 -1 0 0 placa2.dat
1 0 16.374 24.918 137.631 0 -1 0 0 0 1 -1 0 0 radarneg.dat
1 0 16.374 24.918 77.631 0 -1 0 0 0 1 -1 0 0 radarneg.dat
1 8 -119.626 14.918 27.631 0 1 0 0 0 1 1 0 0 placa4.dat
1 8 -119.626 14.918 107.631 0 1 0 0 0 1 1 0 0 placa2.dat
1 0 -127.626 24.918 77.631 0 1 0 0 0 1 1 0 0 radarneg.dat
1 0 -127.626 24.918 137.631 0 1 0 0 0 1 1 0 0 radarneg.dat
1 0 -7.626 24.918 167.631 1 0 0 0 0 1 0 -1 0 helillnt.dat
1 8 -119 25 178 1 0 0 0 1 0 0 0 1 nrutemb2.dat
1 0 -103.374 24.918 187.369 -1 0 0 0 0 1 0 1 0 helillnt.dat
1 8 -15.626 -45.082 127.631 0 -1 0 1 0 0 0 0 1 remate_2.dat
1 8 -15.626 -45.082 167.631 0 -1 0 1 0 0 0 0 1 placa1.dat
1 8 -7.626 -45.082 127.631 0 -1 0 1 0 0 0 0 1 placa1.dat
1 8 -7.626 -45.082 187.631 0 -1 0 0 0 1 -1 0 0 placa2.dat
1 8 0.374 -45.082 127.631 0 -1 0 1 0 0 0 0 1 baldc2.dat
1 8 0.374 -45.082 167.631 0 -1 0 1 0 0 0 0 1 baldc1.dat
1 8 -31.626 -5.082 187.631 0 -1 0 0 0 1 -1 0 0 placa2x3.dat
1 8 -23.626 34.918 187.631 0 -1 0 -1 0 0 0 0 -1 placa2x3.dat
1 8 -23.626 34.918 147.631 0 -1 0 -1 0 0 0 0 -1 placa2x2.dat
1 8 -23.626 34.918 107.631 0 -1 0 -1 0 0 0 0 -1 placa2x2.dat
1 8 -31.626 -5.082 127.631 0 -1 0 0 0 1 -1 0 0 placa2x3.dat
1 8 -79.626 -5.082 67.631 0 1 0 0 0 1 1 0 0 placa2x3.dat
1 8 -79.626 -5.082 127.63 0 1 0 0 0 1 1 0 0 placa2x3.dat
1 8 -87.626 14.918 187.63 0 1 0 0 0 -1 -1 0 0 placa2x3.dat
1 8 -87.626 34.918 187.63 0 1 0 0 0 -1 -1 0 0 placa4.dat
1 8 -87.626 14.918 127.63 0 1 0 0 0 -1 -1 0 0 placa1.dat
1 8 -87.626 -5.082 67.63 0 1 0 0 0 1 1 0 0 placa2x2.dat
1 8 -95.626 14.918 47.63 0 1 0 -1 0 0 0 0 1 bald2x2r.dat
1 8 -95.626 14.918 87.63 0 1 0 -1 0 0 0 0 1 bald2x2.dat
1 8 -95.626 34.918 127.63 0 1 0 -1 0 0 0 0 1 bald2x2.dat
1 8 -95.626 34.918 47.63 0 1 0 -1 0 0 0 0 1 bald2r.dat
1 0 -103.626 -15.082 128.63 0 0 1 -1 0 0 0 -1 0 tbescdbl.dat
1 8 -95.626 -45.082 147.63 0 1 0 1 0 0 0 0 -1 placa2.dat
1 8 -95.626 -25.082 147.63 0 1 0 0 0 1 1 0 0 bald1.dat
1 8 -95.626 34.918 207.63 0 1 0 0 0 -1 -1 0 0 placa2.dat
1 8 -95.626 34.918 127.63 0 1 0 0 0 -1 -1 0 0 jacena2.dat
1 8 -23.626 -25.082 147.631 0 -1 0 0 0 1 -1 0 0 placa1.dat
1 8 -75.626 20.441 -26.038 1 0 0 0 0.977231 -0.212178 0 0.212178 0.977231 pico.dat
1 8 -35.626 21.133 27.323 0 0 -1 -0.977231 -0.212178 0 -0.212178 0.977231 0 pico.dat
1 8 -75.626 -17.955 18.835 0 0 1 0.977231 -0.212178 0 0.212178 0.977231 0 pico.dat
1 8 -75.626 16.04 50.778 0 0 -1 -0.977231 -0.212178 0 -0.212178 0.977231 0 jacena2.dat
1 8 -15.626 16.04 50.778 0 0 -1 -0.977231 -0.212178 0 -0.212178 0.977231 0 jacena2.dat
1 8 -85.626 -15.219 66.228 0 0 -1 -0.999848 -0.0174527 0 -0.0174527 0.999848 0 chimenea.dat
1 8 -25.626 -15.219 66.228 0 0 -1 -0.999848 -0.0174527 0 -0.0174527 0.999848 0 chimenea.dat
1 8 -75.626 17.738 42.96 1 0 0 0 -0.212178 -0.977231 0 0.977231 -0.212178 placa2.dat
1 8 -95.626 14.342 58.594 1 0 0 0 -0.212178 -0.977231 0 0.977231 -0.212178 placa2x2.dat
1 8 -75.626 16.039 50.776 1 0 0 0 -0.212178 -0.977231 0 0.977231 -0.212178 placa2x2.dat
1 8 -55.626 14.342 58.594 1 0 0 0 -0.212178 -0.977231 0 0.977231 -0.212178 placa2x2.dat
1 8 -75.626 -3.013 -31.13 1 0 0 0 0.977231 -0.212178 0 0.212178 0.977231 bald2x2.dat
1 8 -55.626 -23.562 25.805 1 0 0 0 0.639439 -0.768842 0 0.768842 0.639439 compuert.dat
1 8 -55.626 31.162 37.687 -1 0 0 0 0.977231 0.212178 0 0.212178 -0.977231 bisnrarr.dat
1 8 -75.626 27.587 16.446 1 0 0 0 0.977231 -0.212178 0 0.212178 0.977231 vntscorp.dat
1 8 -75.626 31.834 -3.101 1 0 0 0 0.977231 -0.212178 0 0.212178 0.977231 placa2.dat
1 8 -75.626 4.137 11.351 1 0 0 0 0.977231 -0.212178 0 0.212178 0.977231 placa2.dat
1 8 -75.626 24.017 -4.798 1 0 0 0 0.977231 -0.212178 0 0.212178 0.977231 jacena2.dat
1 8 -75.626 16.197 -6.495 0 0 1 0.212178 0.977231 0 -0.977231 0.212178 0 enganch2.dat
1 8 -35.626 20.441 -26.04 0 0 -1 -0.212178 0.977231 0 0.977231 0.212178 0 enganch2.dat
1 8 -75.626 0.561 -9.889 1 0 0 0 0.977231 -0.212178 0 0.212178 0.977231 placa2x2.dat
1 8 -55.626 -23.562 25.805 1 0 0 0 0.977231 -0.212178 0 0.212178 0.977231 bispqaba.dat
1 8 -35.626 39.65 -1.402 -1 0 0 0 0.977231 0.212178 0 0.212178 -0.977231 cuna.dat
0
