0 Untitled
0 Name: RenaultCadena.ldr
0 Author: MLCad
0 Unofficial Model
0 ROTATION CENTER 0 0 0 1 "Custom" 
0 ROTATION CONFIG 0 0
1 0 20 59 166 1 0 0 0 -1 0 0 0 -1 eslabon.dat
1 0 20 54.883 179.986 1 0 0 0 -0.92388 0.382683 0 -0.382683 -0.92388 eslabon.dat
1 0 20 44.505 190.077 1 0 0 0 -0.548293 0.836286 0 -0.836286 -0.548293 eslabon.dat
1 0 20 30.434 191.687 1 0 0 0 0.100188 0.994969 0 -0.994969 0.100188 eslabon.dat
1 0 20 17.863 184.986 1 0 0 0 0.594823 0.803857 0 -0.803857 0.594823 eslabon.dat
1 0 20 59 151.2 1 0 0 0 -1 0 0 0 -1 eslabon.dat
1 0 20 59 136.4 1 0 0 0 -1 0 0 0 -1 eslabon.dat
1 0 20 59 121.6 1 0 0 0 -1 0 0 0 -1 eslabon.dat
1 0 20 59 106.8 1 0 0 0 -1 0 0 0 -1 eslabon.dat
1 0 20 59 92 1 0 0 0 -1 0 0 0 -1 eslabon.dat
1 0 20 59 77.2 1 0 0 0 -1 0 0 0 -1 eslabon.dat
1 0 20 59 62.4 1 0 0 0 -1 0 0 0 -1 eslabon.dat
1 0 20 59 47.6 1 0 0 0 -1 0 0 0 -1 eslabon.dat
1 0 20 59 32.8 1 0 0 0 -1 0 0 0 -1 eslabon.dat
1 0 20 59 18 1 0 0 0 -1 0 0 0 -1 eslabon.dat
1 0 20 59 3.2 1 0 0 0 -1 0 0 0 -1 eslabon.dat
1 0 20 59 -11.6 1 0 0 0 -1 0 0 0 -1 eslabon.dat
1 0 20 58.364 -26.16 1 0 0 0 -0.989016 -0.147809 0 0.147809 -0.989016 eslabon.dat
1 0 20 54.814 -39.849 1 0 0 0 -0.87462 -0.484809 0 0.484809 -0.87462 eslabon.dat
1 0 20 46.874 -51.365 1 0 0 0 -0.665881 -0.746058 0 0.746058 -0.665881 eslabon.dat
1 0 20 35.294 -59.906 1 0 0 0 -0.258819 -0.965926 0 0.965926 -0.258819 eslabon.dat
1 0 20 21.029 -62.693 1 0 0 0 0.0218149 -0.999762 0 0.999762 0.0218149 eslabon.dat
1 0 20 6.392 -60.795 1 0 0 0 0.370557 -0.928809 0 0.928809 0.370557 eslabon.dat
1 0 20 -6.351 -54.323 1 0 0 0 0.646124 -0.763232 0 0.763232 0.646124 eslabon.dat
1 0 20 -16.462 -44.166 1 0 0 0 0.889017 -0.457874 0 0.457874 0.889017 eslabon.dat
1 0 20 -22.256 -30.487 1 0 0 0 0.990866 -0.134851 0 0.134851 0.990866 eslabon.dat
1 0 20 -22.854 -15.903 1 0 0 0 0.984041 0.177944 0 -0.177944 0.984041 eslabon.dat
1 0 20 -20.22 -1.339 1 0 0 0 0.984041 0.177944 0 -0.177944 0.984041 eslabon.dat
1 0 20 -17.587 13.224 1 0 0 0 0.984041 0.177944 0 -0.177944 0.984041 eslabon.dat
1 0 20 -14.952 27.79 1 0 0 0 0.984041 0.177944 0 -0.177944 0.984041 eslabon.dat
1 0 20 -12.32 42.353 1 0 0 0 0.984041 0.177944 0 -0.177944 0.984041 eslabon.dat
1 0 20 -9.687 56.916 1 0 0 0 0.984041 0.177944 0 -0.177944 0.984041 eslabon.dat
1 0 20 -7.052 71.479 1 0 0 0 0.984041 0.177944 0 -0.177944 0.984041 eslabon.dat
1 0 20 -4.419 86.043 1 0 0 0 0.984041 0.177944 0 -0.177944 0.984041 eslabon.dat
1 0 20 -1.786 100.606 1 0 0 0 0.984041 0.177944 0 -0.177944 0.984041 eslabon.dat
1 0 20 0.778 114.778 1 0 0 0 0.984041 0.177944 0 -0.177944 0.984041 eslabon.dat
1 0 20 3.412 129.343 1 0 0 0 0.984041 0.177944 0 -0.177944 0.984041 eslabon.dat
1 0 20 6.045 143.906 1 0 0 0 0.984041 0.177944 0 -0.177944 0.984041 eslabon.dat
1 0 20 8.68 158.471 1 0 0 0 0.984041 0.177944 0 -0.177944 0.984041 eslabon.dat
1 0 20 11.639 172.665 1 0 0 0 0.949699 0.313164 0 -0.313164 0.949699 eslabon.dat
4 0 35 61.5 -21 5 61.5 -21 35 61.5 169 5 61.5 169
4 0 35 59 -21 35 61.5 -21 35 59 169 35 61.5 169
4 0 4.9 59 -21 4.9 61.5 -21 4.9 59 169 4.9 61.5 169
4 0 35 59 -21 5 59 -21 35 59 169 5 59 169
4 0 35 61.7625 168.161 5 61.7625 168.161 35 60.7854 172.758 5 60.7854 172.758
4 0 35 58.8281 167.537 5 58.8281 167.537 35 57.8509 172.135 5 57.8509 172.135
4 0 35 58.8281 167.537 35 61.7625 168.161 35 57.8509 172.135 35 60.7854 172.758
4 0 35 -22.8059 -15.2185 5 -22.8059 -15.2185 35 11.1666 171.72 5 11.1666 171.72
4 0 35 -25.2656 -14.7715 35 -22.8059 -15.2185 35 8.70684 172.167 35 11.1666 171.72
4 0 4.9 -25.2656 -14.7715 4.9 -22.8059 -15.2185 4.9 8.70684 172.167 4.9 11.1666 171.72
4 0 35 -25.2656 -14.7715 5 -25.2656 -14.7715 35 8.70684 172.167 5 8.70684 172.167
4 0 5 58.8281 167.537 5 61.7625 168.161 5 57.8509 172.135 5 60.7854 172.758
4 0 35 56.5049 183.341 5 56.5049 183.341 35 53.8769 187.237 5 53.8769 187.237
4 0 35 54.0179 181.663 5 54.0179 181.663 35 51.3894 185.56 5 51.3894 185.56
4 0 35 54.0179 181.663 35 56.5049 183.341 35 51.3894 185.56 35 53.8769 187.237
4 0 5 54.0179 181.663 5 56.5049 183.341 5 51.3894 185.56 5 53.8769 187.237
4 0 35 43.8295 193.88 5 43.8295 193.88 35 39.4132 195.487 5 39.4132 195.487
4 0 35 42.8037 191.06 5 42.8037 191.06 35 38.3865 192.668 5 38.3865 192.668
4 0 35 42.8037 191.06 35 43.8295 193.88 35 38.3865 192.668 35 39.4132 195.487
4 0 5 42.8037 191.06 5 43.8295 193.88 5 38.3865 192.668 5 39.4132 195.487
4 0 35 27.7227 194.257 5 27.7227 194.257 35 23.3966 192.42 5 23.3966 192.42
4 0 35 28.8952 191.495 5 28.8952 191.495 35 24.5681 189.659 5 24.5681 189.659
4 0 35 28.8952 191.495 35 27.7227 194.257 35 24.5681 189.659 35 23.3966 192.42
4 0 5 28.8952 191.495 5 27.7227 194.257 5 24.5681 189.659 5 23.3966 192.42
4 0 35 14.3194 185.959 5 14.3194 185.959 35 11.7425 182.028 5 11.7425 182.028
4 0 35 16.8284 184.314 5 16.8284 184.314 35 14.2509 180.383 5 14.2509 180.383
4 0 35 16.8284 184.314 35 14.3194 185.959 35 14.2509 180.383 35 11.7425 182.028
4 0 5 16.8284 184.314 5 14.3194 185.959 5 14.2509 180.383 5 11.7425 182.028
4 0 35 58.9427 -20.1185 5 58.9427 -20.1185 35 58.2277 -24.7635 5 58.2277 -24.7635
4 0 35 61.9078 -20.5746 5 61.9078 -20.5746 35 61.1926 -25.2205 5 61.1926 -25.2205
4 0 35 61.9078 -20.5746 35 58.9427 -20.1185 35 61.1926 -25.2205 35 58.2277 -24.7635
4 0 5 61.9078 -20.5746 5 58.9427 -20.1185 5 61.1926 -25.2205 5 58.2277 -24.7635
4 0 35 58.9427 -20.1185 5 58.9427 -20.1185 35 58.2277 -24.7635 5 58.2277 -24.7635
4 0 35 61.9078 -20.5746 5 61.9078 -20.5746 35 61.1926 -25.2205 5 61.1926 -25.2205
4 0 35 61.9078 -20.5746 35 58.9427 -20.1185 35 61.1926 -25.2205 35 58.2277 -24.7635
4 0 5 61.9078 -20.5746 5 58.9427 -20.1185 5 61.1926 -25.2205 5 58.2277 -24.7635
4 0 35 56.9261 -34.2411 5 56.9261 -34.2411 35 55.2418 -38.6286 5 55.2418 -38.6286
4 0 35 59.7269 -35.3159 5 59.7269 -35.3159 35 58.0422 -39.7043 5 58.0422 -39.7043
4 0 35 59.7269 -35.3159 35 56.9261 -34.2411 35 58.0422 -39.7043 35 55.2418 -38.6286
4 0 5 59.7269 -35.3159 5 56.9261 -34.2411 5 58.0422 -39.7043 5 55.2418 -38.6286
4 0 35 56.9261 -34.2411 5 56.9261 -34.2411 35 55.2418 -38.6286 5 55.2418 -38.6286
4 0 35 59.7269 -35.3159 5 59.7269 -35.3159 35 58.0422 -39.7043 5 58.0422 -39.7043
4 0 35 59.7269 -35.3159 35 56.9261 -34.2411 35 58.0422 -39.7043 35 55.2418 -38.6286
4 0 5 59.7269 -35.3159 5 56.9261 -34.2411 5 58.0422 -39.7043 5 55.2418 -38.6286
4 0 35 50.783 -46.9944 5 50.783 -46.9944 35 47.5479 -50.4034 5 47.5479 -50.4034
4 0 35 52.9593 -49.0593 5 52.9593 -49.0593 35 49.7235 -52.4689 5 49.7235 -52.4689
4 0 35 52.9593 -49.0593 35 50.783 -46.9944 35 49.7235 -52.4689 35 47.5479 -50.4034
4 0 5 52.9593 -49.0593 5 50.783 -46.9944 5 49.7235 -52.4689 5 47.5479 -50.4034
4 0 35 50.783 -46.9944 5 50.783 -46.9944 35 47.5479 -50.4034 5 47.5479 -50.4034
4 0 35 52.9593 -49.0593 5 52.9593 -49.0593 35 49.7235 -52.4689 5 49.7235 -52.4689
4 0 35 52.9593 -49.0593 35 50.783 -46.9944 35 49.7235 -52.4689 35 47.5479 -50.4034
4 0 5 52.9593 -49.0593 5 50.783 -46.9944 5 49.7235 -52.4689 5 47.5479 -50.4034
4 0 35 39.9875 -57.0194 5 39.9875 -57.0194 35 36.1614 -59.7484 5 36.1614 -59.7484
4 0 35 41.7298 -59.4615 5 41.7298 -59.4615 35 37.9029 -62.1911 5 37.9029 -62.1911
4 0 35 41.7298 -59.4615 35 39.9875 -57.0194 35 37.9029 -62.1911 35 36.1614 -59.7484
4 0 5 41.7298 -59.4615 5 39.9875 -57.0194 5 37.9029 -62.1911 5 36.1614 -59.7484
4 0 35 39.9875 -57.0194 5 39.9875 -57.0194 35 36.1614 -59.7484 5 36.1614 -59.7484
4 0 35 41.7298 -59.4615 5 41.7298 -59.4615 35 37.9029 -62.1911 5 37.9029 -62.1911
4 0 35 41.7298 -59.4615 35 39.9875 -57.0194 35 37.9029 -62.1911 35 36.1614 -59.7484
4 0 5 41.7298 -59.4615 5 39.9875 -57.0194 5 37.9029 -62.1911 5 36.1614 -59.7484
4 0 35 27.1244 -61.8244 5 27.1244 -61.8244 35 22.4794 -62.5393 5 22.4794 -62.5393
4 0 35 27.5811 -64.7894 5 27.5811 -64.7894 35 22.9351 -65.5044 5 22.9351 -65.5044
4 0 35 27.5811 -64.7894 35 27.1244 -61.8244 35 22.9351 -65.5044 35 22.4794 -62.5393
4 0 5 27.5811 -64.7894 5 27.1244 -61.8244 5 22.9351 -65.5044 5 22.4794 -62.5393
4 0 35 27.1244 -61.8244 5 27.1244 -61.8244 35 22.4794 -62.5393 5 22.4794 -62.5393
4 0 35 27.5811 -64.7894 5 27.5811 -64.7894 35 22.9351 -65.5044 5 22.9351 -65.5044
4 0 35 27.5811 -64.7894 35 27.1244 -61.8244 35 22.9351 -65.5044 35 22.4794 -62.5393
4 0 5 27.5811 -64.7894 5 27.1244 -61.8244 5 22.9351 -65.5044 5 22.4794 -62.5393
4 0 35 12.9375 -62.4701 5 12.9375 -62.4701 35 8.37244 -61.353 5 8.37244 -61.353
4 0 35 12.2247 -65.3842 5 12.2247 -65.3842 35 7.65877 -64.2668 5 7.65877 -64.2668
4 0 35 12.2247 -65.3842 35 12.9375 -62.4701 35 7.65877 -64.2668 35 8.37244 -61.353
4 0 5 12.2247 -65.3842 5 12.9375 -62.4701 5 7.65877 -64.2668 5 8.37244 -61.353
4 0 35 12.9375 -62.4701 5 12.9375 -62.4701 35 8.37244 -61.353 5 8.37244 -61.353
4 0 35 12.2247 -65.3842 5 12.2247 -65.3842 35 7.65877 -64.2668 5 7.65877 -64.2668
4 0 35 12.2247 -65.3842 35 12.9375 -62.4701 35 7.65877 -64.2668 35 8.37244 -61.353
4 0 5 12.2247 -65.3842 5 12.9375 -62.4701 5 7.65877 -64.2668 5 8.37244 -61.353
4 0 35 -1.15485 -57.5114 5 -1.15485 -57.5114 35 -5.25529 -55.215 5 -5.25529 -55.215
4 0 35 -2.62046 -60.129 5 -2.62046 -60.129 35 -6.7217 -57.8321 5 -6.7217 -57.8321
4 0 35 -2.62046 -60.129 35 -1.15485 -57.5114 35 -6.7217 -57.8321 35 -5.25529 -55.215
4 0 5 -2.62046 -60.129 5 -1.15485 -57.5114 5 -6.7217 -57.8321 5 -5.25529 -55.215
4 0 35 -1.15485 -57.5114 5 -1.15485 -57.5114 35 -5.25529 -55.215 5 -5.25529 -55.215
4 0 35 -2.62046 -60.129 5 -2.62046 -60.129 35 -6.7217 -57.8321 5 -6.7217 -57.8321
4 0 35 -2.62046 -60.129 35 -1.15485 -57.5114 35 -6.7217 -57.8321 35 -5.25529 -55.215
4 0 5 -2.62046 -60.129 5 -1.15485 -57.5114 5 -6.7217 -57.8321 5 -5.25529 -55.215
4 0 35 -12.5613 -48.697 5 -12.5613 -48.697 35 -15.8407 -45.3306 5 -15.8407 -45.3306
4 0 35 -14.71 -50.7906 5 -14.71 -50.7906 35 -17.99 -47.4234 5 -17.99 -47.4234
4 0 35 -14.71 -50.7906 35 -12.5613 -48.697 35 -17.99 -47.4234 35 -15.8407 -45.3306
4 0 5 -14.71 -50.7906 5 -12.5613 -48.697 5 -17.99 -47.4234 5 -15.8407 -45.3306
4 0 35 -12.5613 -48.697 5 -12.5613 -48.697 35 -15.8407 -45.3306 5 -15.8407 -45.3306
4 0 35 -14.71 -50.7906 5 -14.71 -50.7906 35 -17.99 -47.4234 5 -17.99 -47.4234
4 0 35 -14.71 -50.7906 35 -12.5613 -48.697 35 -17.99 -47.4234 35 -15.8407 -45.3306
4 0 5 -14.71 -50.7906 5 -12.5613 -48.697 5 -17.99 -47.4234 5 -15.8407 -45.3306
4 0 35 -20.048 -36.5699 5 -20.048 -36.5699 35 -21.7894 -32.2048 5 -21.7894 -32.2048
4 0 35 -22.8343 -37.6818 5 -22.8343 -37.6818 35 -24.576 -33.3158 5 -24.576 -33.3158
4 0 35 -22.8343 -37.6818 35 -20.048 -36.5699 35 -24.576 -33.3158 35 -21.7894 -32.2048
4 0 5 -22.8343 -37.6818 5 -20.048 -36.5699 5 -24.576 -33.3158 5 -21.7894 -32.2048
4 0 35 -20.048 -36.5699 5 -20.048 -36.5699 35 -21.7894 -32.2048 5 -21.7894 -32.2048
4 0 35 -22.8343 -37.6818 5 -22.8343 -37.6818 35 -24.576 -33.3158 5 -24.576 -33.3158
4 0 35 -22.8343 -37.6818 35 -20.048 -36.5699 35 -24.576 -33.3158 35 -21.7894 -32.2048
4 0 5 -22.8343 -37.6818 5 -20.048 -36.5699 5 -24.576 -33.3158 5 -21.7894 -32.2048
4 0 35 -23.136 -22.3145 5 -23.136 -22.3145 35 -22.8285 -17.6249 5 -22.8285 -17.6249
4 0 35 -26.1295 -22.1186 5 -26.1295 -22.1186 35 -25.822 -17.428 5 -25.822 -17.428
4 0 35 -26.1295 -22.1186 35 -23.136 -22.3145 35 -25.822 -17.428 35 -22.8285 -17.6249
4 0 5 -26.1295 -22.1186 5 -23.136 -22.3145 5 -25.822 -17.428 5 -22.8285 -17.6249
4 0 35 -23.136 -22.3145 5 -23.136 -22.3145 35 -22.8285 -17.6249 5 -22.8285 -17.6249
4 0 35 -26.1295 -22.1186 5 -26.1295 -22.1186 35 -25.822 -17.428 5 -25.822 -17.428
4 0 35 -26.1295 -22.1186 35 -23.136 -22.3145 35 -25.822 -17.428 35 -22.8285 -17.6249
4 0 5 -26.1295 -22.1186 5 -23.136 -22.3145 5 -25.822 -17.428 5 -22.8285 -17.6249
0
