0 
0 Unofficial Model
0 Untitled
0 Name: trenpollo-girado.ldr
0 Author: cpcbegin (original: pollo)
0 ROTATION CENTER 0 0 0 1 "Custom" 
0 ROTATION CONFIG 0 0
0 MLCAD BTG Locomotora
1 0 -120 8 -780 1 0 0 0 1 0 0 0 1 placa2x3.dat
0 MLCAD BTG Locomotora
1 4 -110 32 -780 1 0 0 0 1 0 0 0 1 jacena2.dat
0 MLCAD BTG Locomotora
1 0 -90 -48 -750 0 0 -1 0 1 0 1 0 0 tubo.dat
0 MLCAD BTG Locomotora
1 0 -120 0 -740 0 0 -1 0 1 0 1 0 0 pico.dat
0 MLCAD BTG Locomotora
1 0 -120 8 -740 1 0 0 0 1 0 0 0 1 placa2x3.dat
0 MLCAD BTG Locomotora
1 0 -90 -8 -740 1 0 0 0 1 0 0 0 1 cilindr2.dat
0 MLCAD BTG Locomotora
1 4 -90 32 -740 1 0 0 0 1 0 0 0 1 trenr.dat
0 MLCAD BTG Locomotora
1 0 -90 32 -740 1 0 0 0 1 0 0 0 1 trenb.dat
0 MLCAD BTG Locomotora
1 0 -100 0 -720 0 0 1 0 1 0 -1 0 0 placa2.dat
0 MLCAD BTG Locomotora
1 0 -120 -48 -700 1 0 0 0 1 0 0 0 1 placa2x3.dat
0 MLCAD BTG Locomotora
1 0 -120 0 -700 1 0 0 0 1 0 0 0 1 jacen2x3.dat
0 MLCAD BTG Locomotora
1 0 -120 8 -700 1 0 0 0 1 0 0 0 1 placa2x3.dat
0 MLCAD BTG Locomotora
1 0 -90 32 -700 1 0 0 0 1 0 0 0 1 trenb.dat
0 MLCAD BTG Locomotora
1 4 -90 32 -700 1 0 0 0 1 0 0 0 1 trenr.dat
0 MLCAD BTG Locomotora
1 0 -60 0 -700 0 0 1 0 1 0 -1 0 0 pico.dat
0 MLCAD BTG Locomotora
1 0 -70 -24 -690 0 0 1 0 1 0 -1 0 0 jacena1.dat
0 MLCAD BTG Locomotora
1 0 -80 -24 -680 -1 0 0 0 1 0 0 0 -1 jacena2.dat
0 MLCAD BTG Locomotora
1 15 -110 -24 -670 0 0 1 0 1 0 -1 0 0 jacena1.dat
0 MLCAD BTG Locomotora
1 0 -90 32 -670 0 0 1 0 1 0 -1 0 0 trenejh.dat
0 MLCAD BTG Locomotora
1 15 -60 -24 -660 -1 0 0 0 1 0 0 0 -1 jacena2.dat
0 GROUP 20 Locomotora
0 MLCAD BTG Vagon1
1 0 -108.393 -48 -624.275 0.809017 0 0.587785 0 1 0 -0.587785 0 0.809017 placa2x3.dat
0 MLCAD BTG Vagon1
1 1 -108.393 8 -624.275 0.809017 0 0.587785 0 1 0 -0.587785 0 0.809017 placa2x3.dat
0 MLCAD BTG Vagon1
1 0 -78.244 32 -633.82 -0.587785 0 0.809017 0 1 0 -0.809017 0 -0.587785 trenejm.dat
0 MLCAD BTG Vagon1
1 1 -82.669 -24 -605.884 -0.587785 0 0.809017 0 1 0 -0.809017 0 -0.587785 jacena1.dat
0 MLCAD BTG Vagon1
1 1 -82.669 0 -605.884 -0.587785 0 0.809017 0 1 0 -0.809017 0 -0.587785 jacena1.dat
0 MLCAD BTG Vagon1
1 15 -66.489 -24 -617.638 -0.587785 0 0.809017 0 1 0 -0.809017 0 -0.587785 jacena1.dat
0 MLCAD BTG Vagon1
1 15 -66.489 0 -617.638 -0.587785 0 0.809017 0 1 0 -0.809017 0 -0.587785 jacena1.dat
0 MLCAD BTG Vagon1
1 1 -50.308 -24 -629.394 -0.587785 0 0.809017 0 1 0 -0.809017 0 -0.587785 jacena1.dat
0 MLCAD BTG Vagon1
1 1 -50.308 0 -629.394 -0.587785 0 0.809017 0 1 0 -0.809017 0 -0.587785 jacena1.dat
0 MLCAD BTG Vagon1
1 0 -84.881 -48 -591.917 0.809017 0 0.587785 0 1 0 -0.587785 0 0.809017 placa2x3.dat
0 MLCAD BTG Vagon1
1 1 -84.881 8 -591.917 0.809017 0 0.587785 0 1 0 -0.587785 0 0.809017 placa2x3.dat
0 MLCAD BTG Vagon1
1 4 -60.611 32 -609.55 0.809017 0 0.587785 0 1 0 -0.587785 0 0.809017 trenr.dat
0 MLCAD BTG Vagon1
1 0 -60.611 32 -609.55 0.809017 0 0.587785 0 1 0 -0.587785 0 0.809017 trenb.dat
0 MLCAD BTG Vagon1
1 7 -70.913 -24 -589.704 -0.587785 0 0.809017 0 1 0 -0.809017 0 -0.587785 jacena1.dat
0 MLCAD BTG Vagon1
1 7 -70.913 0 -589.704 -0.587785 0 0.809017 0 1 0 -0.809017 0 -0.587785 jacena1.dat
0 MLCAD BTG Vagon1
1 7 -38.552 -24 -613.215 -0.587785 0 0.809017 0 1 0 -0.809017 0 -0.587785 jacena1.dat
0 MLCAD BTG Vagon1
1 7 -38.552 0 -613.215 -0.587785 0 0.809017 0 1 0 -0.809017 0 -0.587785 jacena1.dat
0 MLCAD BTG Vagon1
1 15 -59.159 -24 -573.524 -0.587785 0 0.809017 0 1 0 -0.809017 0 -0.587785 jacena1.dat
0 MLCAD BTG Vagon1
1 15 -26.796 -24 -597.035 -0.587785 0 0.809017 0 1 0 -0.809017 0 -0.587785 jacena1.dat
0 MLCAD BTG Vagon1
1 0 -61.37 -48 -559.554 0.809017 0 0.587785 0 1 0 -0.587785 0 0.809017 placa2x3.dat
0 MLCAD BTG Vagon1
1 1 -61.37 8 -559.554 0.809017 0 0.587785 0 1 0 -0.587785 0 0.809017 placa2x3.dat
0 MLCAD BTG Vagon1
1 0 -37.099 32 -577.189 0.809017 0 0.587785 0 1 0 -0.587785 0 0.809017 trenb.dat
0 MLCAD BTG Vagon1
1 4 -37.099 32 -577.189 0.809017 0 0.587785 0 1 0 -0.587785 0 0.809017 trenr.dat
0 MLCAD BTG Vagon1
1 1 -47.401 -24 -557.341 -0.587785 0 0.809017 0 1 0 -0.809017 0 -0.587785 jacena1.dat
0 MLCAD BTG Vagon1
1 15 -31.222 -24 -569.098 -0.587785 0 0.809017 0 1 0 -0.809017 0 -0.587785 jacena1.dat
0 MLCAD BTG Vagon1
1 15 -31.222 0 -569.098 -0.587785 0 0.809017 0 1 0 -0.809017 0 -0.587785 jacena1.dat
0 MLCAD BTG Vagon1
1 1 -15.041 -24 -580.855 -0.587785 0 0.809017 0 1 0 -0.809017 0 -0.587785 jacena1.dat
0 MLCAD BTG Vagon1
1 1 -49.615 0 -543.376 -0.587785 0 0.809017 0 1 0 -0.809017 0 -0.587785 jacena2.dat
0 MLCAD BTG Vagon1
1 1 -17.253 0 -566.886 -0.587785 0 0.809017 0 1 0 -0.809017 0 -0.587785 jacena2.dat
0 MLCAD BTG Vagon1
1 0 -19.466 32 -552.917 -0.587785 0 0.809017 0 1 0 -0.809017 0 -0.587785 trenejh.dat
0 MLCAD HIDE 1 14 -90 32 -650 -0.809017 0 -0.587785 0 1 0 0.587785 0 -0.809017 antncruz.dat
0 GROUP 30 Vagon1
0 MLCAD BTG Vagon2
1 0 -7.469 -48 -505.115 0.309017 0 0.951057 0 1 0 -0.951057 0 0.309017 placa2x3.dat
0 MLCAD BTG Vagon2
1 4 -7.469 8 -505.115 0.309017 0 0.951057 0 1 0 -0.951057 0 0.309017 placa2x3.dat
0 MLCAD BTG Vagon2
1 0 11.311 32 -530.556 -0.951057 0 0.309017 0 1 0 -0.309017 0 -0.951057 trenejm.dat
0 MLCAD BTG Vagon2
1 14 24.151 -24 -505.357 -0.951057 0 0.309017 0 1 0 -0.309017 0 -0.951057 jacena1.dat
0 MLCAD BTG Vagon2
1 15 30.335 -24 -524.376 -0.951057 0 0.309017 0 1 0 -0.309017 0 -0.951057 jacena1.dat
0 MLCAD BTG Vagon2
1 15 30.335 0 -524.376 -0.951057 0 0.309017 0 1 0 -0.309017 0 -0.951057 jacena1.dat
0 MLCAD BTG Vagon2
1 14 36.514 -24 -543.397 -0.951057 0 0.309017 0 1 0 -0.309017 0 -0.951057 jacena1.dat
0 MLCAD BTG Vagon2
1 0 30.571 -48 -492.755 0.309017 0 0.951057 0 1 0 -0.951057 0 0.309017 placa2x3.dat
0 MLCAD BTG Vagon2
1 4 30.571 8 -492.755 0.309017 0 0.951057 0 1 0 -0.951057 0 0.309017 placa2x3.dat
0 MLCAD BTG Vagon2
1 4 39.843 32 -521.287 0.309017 0 0.951057 0 1 0 -0.951057 0 0.309017 trenr.dat
0 MLCAD BTG Vagon2
1 0 39.843 32 -521.287 0.309017 0 0.951057 0 1 0 -0.951057 0 0.309017 trenb.dat
0 MLCAD BTG Vagon2
1 0 68.618 -48 -480.396 0.309017 0 0.951057 0 1 0 -0.951057 0 0.309017 placa2x3.dat
0 MLCAD BTG Vagon2
1 15 68.618 -24 -480.396 -0.951057 0 0.309017 0 1 0 -0.309017 0 -0.951057 jacena2.dat
0 MLCAD BTG Vagon2
1 4 68.618 8 -480.396 0.309017 0 0.951057 0 1 0 -0.951057 0 0.309017 placa2x3.dat
0 MLCAD BTG Vagon2
1 4 77.885 32 -508.927 0.309017 0 0.951057 0 1 0 -0.951057 0 0.309017 trenr.dat
0 MLCAD BTG Vagon2
1 0 77.885 32 -508.927 0.309017 0 0.951057 0 1 0 -0.951057 0 0.309017 trenb.dat
0 MLCAD BTG Vagon2
1 15 80.976 -24 -518.436 -0.951057 0 0.309017 0 1 0 -0.309017 0 -0.951057 jacena2.dat
0 MLCAD BTG Vagon2
1 14 81.216 -24 -486.815 -0.951057 0 0.309017 0 1 0 -0.309017 0 -0.951057 jacena1.dat
0 MLCAD BTG Vagon2
1 15 87.396 -24 -505.837 -0.951057 0 0.309017 0 1 0 -0.309017 0 -0.951057 jacena1.dat
0 MLCAD BTG Vagon2
1 15 87.396 0 -505.837 -0.951057 0 0.309017 0 1 0 -0.309017 0 -0.951057 jacena1.dat
0 MLCAD BTG Vagon2
1 14 93.575 -24 -524.857 -0.951057 0 0.309017 0 1 0 -0.309017 0 -0.951057 jacena1.dat
0 MLCAD BTG Vagon2
1 4 87.635 0 -474.212 -0.951057 0 0.309017 0 1 0 -0.309017 0 -0.951057 jacena4.dat
0 MLCAD BTG Vagon2
1 4 99.994 0 -512.256 -0.951057 0 0.309017 0 1 0 -0.309017 0 -0.951057 jacena4.dat
0 MLCAD BTG Vagon2
1 0 106.417 32 -499.656 -0.951057 0 0.309017 0 1 0 -0.309017 0 -0.951057 trenejh.dat
0 MLCAD HIDE 1 14 -7.71 24 -536.738 -0.309017 0 -0.951057 0 1 0 0.951057 0 -0.309017 antncruz.dat
0 GROUP 24 Vagon2
0 MLCAD BTG Vagon3
1 0 144.217 -48 -468.035 -0.309017 0 0.951057 0 1 0 -0.951057 0 -0.309017 placa2x3.dat
0 MLCAD BTG Vagon3
1 2 144.217 8 -468.035 -0.309017 0 0.951057 0 1 0 -0.951057 0 -0.309017 placa2x3.dat
0 MLCAD BTG Vagon3
1 0 144.461 32 -499.653 -0.951057 0 -0.309017 0 1 0 0.309017 0 -0.951057 trenejm.dat
0 MLCAD BTG Vagon3
1 2 169.662 -24 -486.815 -0.951057 0 -0.309017 0 1 0 0.309017 0 -0.951057 jacena1.dat
0 MLCAD BTG Vagon3
1 15 163.48 -24 -505.836 -0.951057 0 -0.309017 0 1 0 0.309017 0 -0.951057 jacena1.dat
0 MLCAD BTG Vagon3
1 15 163.48 0 -505.836 -0.951057 0 -0.309017 0 1 0 0.309017 0 -0.951057 jacena1.dat
0 MLCAD BTG Vagon3
1 2 157.302 -24 -524.858 -0.951057 0 -0.309017 0 1 0 0.309017 0 -0.951057 jacena1.dat
0 MLCAD BTG Vagon3
1 0 182.259 -48 -480.394 -0.309017 0 0.951057 0 1 0 -0.951057 0 -0.309017 placa2x3.dat
0 MLCAD BTG Vagon3
1 2 182.259 8 -480.394 -0.309017 0 0.951057 0 1 0 -0.951057 0 -0.309017 placa2x3.dat
0 MLCAD BTG Vagon3
1 4 172.99 32 -508.928 -0.309017 0 0.951057 0 1 0 -0.951057 0 -0.309017 trenr.dat
0 MLCAD BTG Vagon3
1 0 172.99 32 -508.928 -0.309017 0 0.951057 0 1 0 -0.951057 0 -0.309017 trenb.dat
0 MLCAD BTG Vagon3
1 0 220.303 -48 -492.755 -0.309017 0 0.951057 0 1 0 -0.951057 0 -0.309017 placa2x3.dat
0 MLCAD BTG Vagon3
1 15 220.303 -24 -492.755 -0.951057 0 -0.309017 0 1 0 0.309017 0 -0.951057 jacena2.dat
0 MLCAD BTG Vagon3
1 2 220.303 8 -492.755 -0.309017 0 0.951057 0 1 0 -0.951057 0 -0.309017 placa2x3.dat
0 MLCAD BTG Vagon3
1 4 211.034 32 -521.286 -0.309017 0 0.951057 0 1 0 -0.951057 0 -0.309017 trenr.dat
0 MLCAD BTG Vagon3
1 0 211.034 32 -521.286 -0.309017 0 0.951057 0 1 0 -0.951057 0 -0.309017 trenb.dat
0 MLCAD BTG Vagon3
1 15 207.944 -24 -530.798 -0.951057 0 -0.309017 0 1 0 0.309017 0 -0.951057 jacena2.dat
0 MLCAD BTG Vagon3
1 2 226.724 -24 -505.354 -0.951057 0 -0.309017 0 1 0 0.309017 0 -0.951057 jacena1.dat
0 MLCAD BTG Vagon3
1 15 220.545 -24 -524.374 -0.951057 0 -0.309017 0 1 0 0.309017 0 -0.951057 jacena1.dat
0 MLCAD BTG Vagon3
1 15 220.545 0 -524.374 -0.951057 0 -0.309017 0 1 0 0.309017 0 -0.951057 jacena1.dat
0 MLCAD BTG Vagon3
1 2 214.362 -24 -543.398 -0.951057 0 -0.309017 0 1 0 0.309017 0 -0.951057 jacena1.dat
0 MLCAD BTG Vagon3
1 2 239.323 0 -498.935 -0.951057 0 -0.309017 0 1 0 0.309017 0 -0.951057 jacena4.dat
0 MLCAD BTG Vagon3
1 2 226.966 0 -536.978 -0.951057 0 -0.309017 0 1 0 0.309017 0 -0.951057 jacena4.dat
0 MLCAD BTG Vagon3
1 0 239.565 32 -530.556 -0.951057 0 -0.309017 0 1 0 0.309017 0 -0.951057 trenejh.dat
0 MLCAD HIDE 1 14 125.439 24 -493.475 0.309017 0 -0.951057 0 1 0 0.951057 0 0.309017 antncruz.dat
0 GROUP 24 Vagon3
0 MLCAD BTG Vagon4
1 1 288.731 8 -527.192 -0.809017 0 0.587785 0 1 0 -0.587785 0 -0.809017 placa2x3.dat
0 MLCAD BTG Vagon4
1 0 270.344 32 -552.92 -0.587785 0 -0.809017 0 1 0 0.809017 0 -0.587785 trenejm.dat
0 MLCAD BTG Vagon4
1 15 282.097 -48 -569.096 -0.587785 0 -0.809017 0 1 0 0.809017 0 -0.587785 toberast.dat
0 MLCAD BTG Vagon4
1 0 282.097 0 -569.096 -0.587785 0 -0.809017 0 1 0 0.809017 0 -0.587785 cilindro.dat
0 MLCAD BTG Vagon4
1 1 312.243 8 -559.554 -0.809017 0 0.587785 0 1 0 -0.587785 0 -0.809017 placa2x3.dat
0 MLCAD BTG Vagon4
1 0 287.977 32 -577.186 -0.809017 0 0.587785 0 1 0 -0.587785 0 -0.809017 trenb.dat
0 MLCAD BTG Vagon4
1 4 287.977 32 -577.186 -0.809017 0 0.587785 0 1 0 -0.587785 0 -0.809017 trenr.dat
0 MLCAD BTG Vagon4
1 0 291.638 -48 -599.246 0.809017 0 -0.587785 0 1 0 0.587785 0 0.809017 bald2.dat
0 MLCAD BTG Vagon4
1 1 335.761 8 -591.915 -0.809017 0 0.587785 0 1 0 -0.587785 0 -0.809017 placa2x3.dat
0 MLCAD BTG Vagon4
1 0 311.488 32 -609.546 -0.809017 0 0.587785 0 1 0 -0.587785 0 -0.809017 trenb.dat
0 MLCAD BTG Vagon4
1 4 311.488 32 -609.546 -0.809017 0 0.587785 0 1 0 -0.587785 0 -0.809017 trenr.dat
0 MLCAD BTG Vagon4
1 15 317.366 -48 -617.638 -0.587785 0 -0.809017 0 1 0 0.809017 0 -0.587785 toberast.dat
0 MLCAD BTG Vagon4
1 0 317.366 0 -617.638 -0.587785 0 -0.809017 0 1 0 0.809017 0 -0.587785 cilindro.dat
0 MLCAD BTG Vagon4
1 0 315.151 -48 -631.607 0.809017 0 -0.587785 0 1 0 0.587785 0 0.809017 bald2.dat
0 MLCAD BTG Vagon4
1 0 329.119 32 -633.822 -0.587785 0 -0.809017 0 1 0 0.809017 0 -0.587785 trenejh.dat
0 MLCAD HIDE 1 14 258.586 24 -536.737 0.809017 0 -0.587785 0 1 0 0.587785 0 0.809017 antncruz.dat
0 GROUP 15 Vagon4
0 MLCAD BTG Vagon5
1 4 370.873 8 -659.999 -1 0 0 0 1 0 0 0 -1 placa2x3.dat
0 MLCAD BTG Vagon5
1 0 350.875 -72 -659.998 -1 0 0 0 1 0 0 0 -1 bald1.dat
0 MLCAD BTG Vagon5
1 15 340.879 -48 -669.997 -1 0 0 0 1 0 0 0 -1 jacena1.dat
0 MLCAD BTG Vagon5
1 0 340.879 32 -669.997 0 0 -1 0 1 0 1 0 0 trenejm.dat
0 MLCAD BTG Vagon5
1 0 370.875 -48 -679.997 -1 0 0 0 1 0 0 0 -1 placa2x3.dat
0 MLCAD BTG Vagon5
1 4 350.873 0 -679.997 -1 0 0 0 1 0 0 0 -1 jacena2.dat
0 MLCAD BTG Vagon5
1 4 360.874 -24 -689.997 -1 0 0 0 1 0 0 0 -1 jacena1.dat
0 MLCAD BTG Vagon5
1 4 360.874 0 -689.997 -1 0 0 0 1 0 0 0 -1 jacena1.dat
0 MLCAD BTG Vagon5
1 4 320.874 -24 -689.998 -1 0 0 0 1 0 0 0 -1 jacena1.dat
0 MLCAD BTG Vagon5
1 4 370.876 8 -699.996 -1 0 0 0 1 0 0 0 -1 placa2x3.dat
0 MLCAD BTG Vagon5
1 4 350.875 -24 -699.997 0 0 -1 0 1 0 1 0 0 jacena2.dat
0 MLCAD BTG Vagon5
1 7 350.875 0 -699.997 0 0 1 0 1 0 -1 0 0 sillastr.dat
0 MLCAD BTG Vagon5
1 4 340.874 32 -699.995 -1 0 0 0 1 0 0 0 -1 trenr.dat
0 MLCAD BTG Vagon5
1 0 340.874 32 -699.995 -1 0 0 0 1 0 0 0 -1 trenb.dat
0 MLCAD BTG Vagon5
1 0 370.874 -48 -719.995 -1 0 0 0 1 0 0 0 -1 placa2x3.dat
0 MLCAD BTG Vagon5
1 4 370.875 8 -739.996 -1 0 0 0 1 0 0 0 -1 placa2x3.dat
0 MLCAD BTG Vagon5
1 4 340.874 32 -739.997 -1 0 0 0 1 0 0 0 -1 trenr.dat
0 MLCAD BTG Vagon5
1 0 340.874 32 -739.997 -1 0 0 0 1 0 0 0 -1 trenb.dat
0 MLCAD BTG Vagon5
1 7 330.876 0 -739.998 0 0 -1 0 1 0 1 0 0 sillastr.dat
0 MLCAD BTG Vagon5
1 0 370.875 -48 -760 -1 0 0 0 1 0 0 0 -1 placa1.dat
0 MLCAD BTG Vagon5
1 0 350.873 -48 -759.999 -1 0 0 0 1 0 0 0 -1 placa2.dat
0 MLCAD BTG Vagon5
1 4 370.876 -24 -779.996 0 0 -1 0 1 0 1 0 0 jacena2.dat
0 MLCAD BTG Vagon5
1 4 370.876 0 -779.996 0 0 -1 0 1 0 1 0 0 jacena2.dat
0 MLCAD BTG Vagon5
1 4 330.875 -24 -780.001 0 0 -1 0 1 0 1 0 0 jacena2.dat
0 MLCAD BTG Vagon5
1 4 330.875 0 -780.001 0 0 -1 0 1 0 1 0 0 jacena2.dat
0 MLCAD HIDE 1 14 340.878 24 -649.997 1 0 0 0 1 0 0 0 1 antncruz.dat
0 GROUP 25 Vagon5
0
