0 Untitled
0 Name: incinerador_termonuclear.ldr
0 Author: MLCad
0 Unofficial Model
0 ROTATION CENTER 0 0 0 1 "Custom" 
0 ROTATION CONFIG 0 0
1 4 50 0 200 1 0 0 0 1 0 0 0 1 rueastro.dat
1 4 50 0 140 1 0 0 0 1 0 0 0 1 rueastro.dat
1 4 50 0 80 1 0 0 0 1 0 0 0 1 rueastro.dat
1 8 80 -8 100 0 0 -1 0 1 0 1 0 0 placa4x8.dat
1 8 120 -24 250 -1 0 0 0 1 0 0 0 -1 placa4x8.dat
1 8 20 -104 210 0 0 1 0 1 0 -1 0 0 baldg2x2.dat
1 8 20 -104 150 0 0 1 0 1 0 -1 0 0 baldg2x2.dat
1 8 20 -104 170 0 0 1 0 1 0 -1 0 0 baldc2.dat
1 8 -60 -104 80 1 0 0 0 1 0 0 0 1 baldc4x8.dat
1 8 60 -104 80 1 0 0 0 1 0 0 0 1 baldc4x8.dat
1 8 0 -32 230 -1 0 0 0 1 0 0 0 -1 pico.dat
1 8 40 -32 230 -1 0 0 0 1 0 0 0 -1 pico.dat
1 8 80 -32 230 -1 0 0 0 1 0 0 0 -1 pico.dat
1 8 120 -32 230 -1 0 0 0 1 0 0 0 -1 pico.dat
1 8 80 -32 90 1 0 0 0 1 0 0 0 1 pico.dat
1 8 40 -32 90 1 0 0 0 1 0 0 0 1 pico.dat
1 8 0 -32 90 1 0 0 0 1 0 0 0 1 pico.dat
1 8 -40 -32 90 1 0 0 0 1 0 0 0 1 pico.dat
1 8 100 -32 210 0 0 -1 0 1 0 1 0 0 rallado1.dat
1 8 -20 -32 230 0 0 1 0 1 0 -1 0 0 rallado1.dat
1 8 -20 -32 110 0 0 1 0 1 0 -1 0 0 rallado1.dat
1 8 20 -32 130 0 0 1 0 1 0 -1 0 0 jacen2x2.dat
1 8 20 -56 110 0 0 1 0 1 0 -1 0 0 bald2.dat
1 8 20 -56 230 0 0 1 0 1 0 -1 0 0 bald2.dat
1 4 20 -56 190 1 0 0 0 1 0 0 0 1 jacena2.dat
1 4 20 -56 110 1 0 0 0 1 0 0 0 1 jacena2.dat
1 8 20 -32 230 0 0 1 0 1 0 -1 0 0 jacen2x2.dat
1 8 20 -32 190 0 0 1 0 1 0 -1 0 0 jacen2x3.dat
1 4 20 -56 190 0 0 1 0 1 0 -1 0 0 jacen2x3.dat
1 4 20 -80 190 0 0 1 0 1 0 -1 0 0 jacen2x3.dat
1 4 20 -80 110 1 0 0 0 1 0 0 0 1 enganch2.dat
1 4 40 -80 110 1 0 0 0 1 0 0 0 1 enganch2.dat
1 8 20 -72 110 1 0 0 0 0 -1 0 1 0 jacen2x2.dat
1 8 20 -72 86 1 0 0 0 0 -1 0 1 0 respirad.dat
1 0 40 -92 78 1 0 0 0 0 -1 0 1 0 chimttnc.dat
1 4 40 -80 210 -1 0 0 0 1 0 0 0 -1 enganch2.dat
1 4 60 -80 210 -1 0 0 0 1 0 0 0 -1 enganch2.dat
1 0 40 -110 226 1 0 0 0 0 1 0 -1 0 bisgraba.dat
0 MLCAD BTG lanzallama
1 0 40 -112.691 225.957 1 0 0 0 0.258819 0.965926 0 -0.965926 0.258819 bisgrarr.dat
0 MLCAD BTG lanzallama
1 4 30 -113.385 267.182 1 0 0 0 0.258819 0.965926 0 -0.965926 0.258819 ejeastr2.dat
0 MLCAD BTG lanzallama
1 4 30 -94.066 272.358 1 0 0 0 0.258819 0.965926 0 -0.965926 0.258819 ejeastr2.dat
0 MLCAD BTG lanzallama
1 4 50 -94.066 272.358 1 0 0 0 0.258819 0.965926 0 -0.965926 0.258819 ejeastr2.dat
0 MLCAD BTG lanzallama
1 4 50 -113.385 267.182 1 0 0 0 0.258819 0.965926 0 -0.965926 0.258819 ejeastr2.dat
0 MLCAD BTG lanzallama
1 0 40 -117.443 320.964 1 0 0 0 0.258819 0.965926 0 -0.965926 0.258819 chimttnc.dat
0 MLCAD BTG lanzallama
1 0 20 -134.691 308.06 1 0 0 0 0.258819 0.965926 0 -0.965926 0.258819 respirad.dat
0 MLCAD BTG lanzallama
1 4 30 -107.173 244 1 0 0 0 0.258819 0.965926 0 -0.965926 0.258819 cilindro.dat
0 MLCAD BTG lanzallama
1 4 50 -107.173 244 1 0 0 0 0.258819 0.965926 0 -0.965926 0.258819 cilindro.dat
0 MLCAD BTG lanzallama
1 4 50 -87.855 249.176 1 0 0 0 0.258819 0.965926 0 -0.965926 0.258819 cilindro.dat
0 MLCAD BTG lanzallama
1 4 30 -87.855 249.176 1 0 0 0 0.258819 0.965926 0 -0.965926 0.258819 cilindro.dat
0 GROUP 11 lanzallama
1 8 100 -32 90 0 0 -1 0 1 0 1 0 0 rallado1.dat
1 8 100 -56 210 0 0 -1 0 1 0 1 0 0 rallado1.dat
1 8 -20 -56 230 0 0 1 0 1 0 -1 0 0 rallado1.dat
1 8 -20 -56 110 0 0 1 0 1 0 -1 0 0 rallado1.dat
1 8 100 -56 90 0 0 -1 0 1 0 1 0 0 rallado1.dat
1 8 100 -80 210 0 0 -1 0 1 0 1 0 0 rallado1.dat
1 8 -20 -80 230 0 0 1 0 1 0 -1 0 0 rallado1.dat
1 8 -20 -80 110 0 0 1 0 1 0 -1 0 0 rallado1.dat
1 8 100 -80 90 0 0 -1 0 1 0 1 0 0 rallado1.dat
1 8 120 -24 150 -1 0 0 0 1 0 0 0 -1 placa4x8.dat
1 8 120 -24 170 -1 0 0 0 1 0 0 0 -1 placa4.dat
1 8 40 -24 170 -1 0 0 0 1 0 0 0 -1 placa4.dat
1 4 20 -32 160 0 0 1 0 1 0 -1 0 0 cirrevop.dat
1 15 20 -32 160 0 0 1 0 1 0 -1 0 0 uranio.dat
1 4 60 -32 160 0 0 -1 0 1 0 1 0 0 cirrevop.dat
1 15 60 -32 160 0 0 -1 0 1 0 1 0 0 uranio.dat
1 8 40 -16 180 0 0 -1 0 1 0 1 0 0 placa2x3.dat
1 8 40 -16 80 0 0 -1 0 1 0 1 0 0 placa2x3.dat
1 8 80 -16 80 0 0 -1 0 1 0 1 0 0 placa2x3.dat
1 8 40 -16 140 0 0 -1 0 1 0 1 0 0 bald2x2.dat
1 8 80 -16 140 0 0 -1 0 1 0 1 0 0 bald2x2.dat
1 8 80 -16 180 0 0 -1 0 1 0 1 0 0 placa2x3.dat
1 8 40 -8 60 0 0 -1 0 1 0 1 0 0 placa2x2.dat
1 8 80 -8 60 0 0 -1 0 1 0 1 0 0 placa2x2.dat
1 8 0 -24 260 1 0 0 0 1 0 0 0 1 bispqaba.dat
1 8 40 -24 260 1 0 0 0 1 0 0 0 1 bispqaba.dat
1 8 80 -24 260 1 0 0 0 1 0 0 0 1 bispqaba.dat
1 8 40 -16 260 -1 0 0 0 -1 0 0 0 1 cuna.dat
1 8 -40 8 300 1 0 0 0 -1 0 0 0 -1 bald2r.dat
1 8 100 8 300 1 0 0 0 -1 0 0 0 -1 bald2r.dat
1 8 60 8 300 1 0 0 0 -1 0 0 0 -1 bald2x2r.dat
1 8 20 8 300 1 0 0 0 -1 0 0 0 -1 bald2x2r.dat
1 8 -20 8 300 1 0 0 0 -1 0 0 0 -1 bald2x2r.dat
1 8 120 8 20 -1 0 0 0 -1 0 0 0 1 bald2r.dat
1 8 -20 8 20 -1 0 0 0 -1 0 0 0 1 bald2r.dat
1 8 20 8 20 -1 0 0 0 -1 0 0 0 1 bald2x2r.dat
1 8 60 8 20 -1 0 0 0 -1 0 0 0 1 bald2x2r.dat
1 8 100 8 20 -1 0 0 0 -1 0 0 0 1 bald2x2r.dat
1 8 80 -16 260 -1 0 0 0 -1 0 0 0 1 cuna.dat
1 8 0 -16 260 -1 0 0 0 -1 0 0 0 1 cuna.dat
1 8 120 -16 260 -1 0 0 0 -1 0 0 0 1 cuna.dat
1 8 80 -24 260 1 0 0 0 -1 0 0 0 -1 bispqarr.dat
1 8 40 -24 260 1 0 0 0 -1 0 0 0 -1 bispqarr.dat
1 8 0 -24 260 1 0 0 0 -1 0 0 0 -1 bispqarr.dat
1 8 80 -24 60 -1 0 0 0 1 0 0 0 -1 bispqaba.dat
1 8 40 -24 60 -1 0 0 0 1 0 0 0 -1 bispqaba.dat
1 8 0 -24 60 -1 0 0 0 1 0 0 0 -1 bispqaba.dat
1 8 40 -16 60 1 0 0 0 -1 0 0 0 -1 cuna.dat
1 8 0 -16 60 1 0 0 0 -1 0 0 0 -1 cuna.dat
1 8 80 -16 60 1 0 0 0 -1 0 0 0 -1 cuna.dat
1 8 -40 -16 60 1 0 0 0 -1 0 0 0 -1 cuna.dat
1 8 0 -24 60 -1 0 0 0 -1 0 0 0 1 bispqarr.dat
1 8 40 -24 60 -1 0 0 0 -1 0 0 0 1 bispqarr.dat
1 8 80 -24 60 -1 0 0 0 -1 0 0 0 1 bispqarr.dat
1 8 100 -112 160 -1 0 0 0 1 0 0 0 -1 canontnq.dat
1 8 -20 -112 160 -1 0 0 0 1 0 0 0 -1 canontnq.dat
1 8 40 -104 190 -1 0 0 0 1 0 0 0 -1 laser.dat
1 8 40 -104 130 -1 0 0 0 1 0 0 0 -1 laser.dat
1 8 120 -60.188 86.109 -1 0 0 0 0.766044 -0.642788 0 -0.642788 -0.766044 p_mcband.dat
1 8 40 -60.188 86.109 -1 0 0 0 0.766044 -0.642788 0 -0.642788 -0.766044 p_mcband.dat
1 8 -40 -59.317 234.749 1 0 0 0 0.766044 -0.642788 0 0.642788 0.766044 p_mcband.dat
1 8 40 -59.317 234.749 1 0 0 0 0.766044 -0.642788 0 0.642788 0.766044 p_mcband.dat
1 14 0 2.673 306.403 1 0 0 0 0.766044 -0.642788 0 0.642788 0.766044 farosluz.dat
1 4 80 2.889 13.138 -1 0 0 0 0.766044 -0.642788 0 -0.642788 -0.766044 farosluz.dat
1 4 -20 2.889 13.138 -1 0 0 0 0.766044 -0.642788 0 -0.642788 -0.766044 farosluz.dat
1 4 60 -15.108 35.89 -1 0 0 0 0.766044 -0.642788 0 -0.642788 -0.766044 p_heldis.dat
1 14 100 2.673 306.403 1 0 0 0 0.766044 -0.642788 0 0.642788 0.766044 farosluz.dat
1 0 21 3.58094 297.752 1 0 0 0 0.766044 -0.642788 0 0.642788 0.766044 fireline.dat
0
