0 Modulo de escape marciano
0 Name: moduloescapemarciano.ldr
0 Author: CPCBEGIN
0 Unofficial Model
0 ROTATION CENTER 0 0 0 1 "Custom" 
0 ROTATION CONFIG 0 0
1 32 50 16 0 1 0 0 0 1 0 0 0 1 semicupg.dat
1 32 50 16 0 -1 0 0 0 1 0 0 0 -1 semicupg.dat
1 8 50 48 0 -1 0 0 0 1 0 0 0 -1 popa6p.dat
1 7 70 40 20 -1 0 0 0 1 0 0 0 -1 placa2x2.dat
1 7 50 32 0 -1 0 0 0 1 0 0 0 -1 popa4p.dat
1 7 50 32 0 1 0 0 0 1 0 0 0 1 popa4p.dat
1 8 50 48 0 1 0 0 0 1 0 0 0 1 popa6p.dat
1 8 50 24 0 -1 0 0 0 1 0 0 0 -1 popa6p.dat
1 8 50 24 0 1 0 0 0 1 0 0 0 1 popa6p.dat
1 8 70 64 20 1 0 0 0 1 0 0 0 1 alfaramp.dat
1 8 30 64 -20 -1 0 0 0 1 0 0 0 -1 alfaramp.dat
1 8 30 64 20 0 0 -1 0 1 0 1 0 0 alfaramp.dat
1 8 70 64 -20 0 0 1 0 1 0 -1 0 0 alfaramp.dat
1 7 10 56 40 0 0 1 0 1 0 -1 0 0 placa2x2.dat
1 7 30 56 60 0 0 1 0 1 0 -1 0 0 bald2.dat
1 7 30 56 -40 0 0 1 0 1 0 -1 0 0 bald2.dat
1 7 110 56 20 -1 0 0 0 1 0 0 0 -1 bald2.dat
1 7 10 56 20 -1 0 0 0 1 0 0 0 -1 bald2.dat
1 7 50 56 40 0 0 1 0 1 0 -1 0 0 placa2x2.dat
1 7 10 56 0 0 0 1 0 1 0 -1 0 0 placa2x2.dat
1 7 30 64 20 0 0 1 0 1 0 -1 0 0 placa2x2.dat
1 0 10 64 0 0 0 1 0 1 0 -1 0 0 toberast.dat
1 0 90 64 0 0 0 1 0 1 0 -1 0 0 toberast.dat
1 0 50 64 40 0 0 1 0 1 0 -1 0 0 toberast.dat
1 0 50 64 -40 0 0 1 0 1 0 -1 0 0 toberast.dat
1 7 50 56 0 0 0 1 0 1 0 -1 0 0 placa2x2.dat
1 15 119.45 30 -3.455 1 0 0 0 0 1 0 -1 0 chimenea.dat
1 15 118.95 30 10.545 0.980785 0.19509 0 0 0 1 0.19509 -0.980785 0 chimenea.dat
1 15 115.631 30 23.782 0.92388 0.382683 0 0 0 1 0.382683 -0.92388 0 chimenea.dat
1 15 109.794 30 36.118 0.83147 0.55557 0 0 0 1 0.55557 -0.83147 0 chimenea.dat
1 15 101.662 30 47.078 0.707107 0.707107 0 0 0 1 0.707107 -0.707107 0 chimenea.dat
1 15 91.549 30 56.24 0.55557 0.83147 0 0 0 1 0.83147 -0.55557 0 chimenea.dat
1 15 79.842 30 63.255 0.382683 0.92388 0 0 0 1 0.92388 -0.382683 0 chimenea.dat
1 15 66.991 30 67.851 0.19509 0.980785 0 0 0 1 0.980785 -0.19509 0 chimenea.dat
1 15 53.45 30 70.045 0 1 0 0 0 1 1 0 0 chimenea.dat
1 15 39.45 30 69.545 -0.19509 0.980785 0 0 0 1 0.980785 0.19509 0 chimenea.dat
1 15 26.213 30 66.226 -0.382683 0.92388 0 0 0 1 0.92388 0.382683 0 chimenea.dat
1 15 13.877 30 60.389 -0.55557 0.83147 0 0 0 1 0.83147 0.55557 0 chimenea.dat
1 15 2.917 30 52.257 -0.707107 0.707107 0 0 0 1 0.707107 0.707107 0 chimenea.dat
1 15 -6.245 30 42.144 -0.83147 0.55557 0 0 0 1 0.55557 0.83147 0 chimenea.dat
1 15 -13.26 30 30.437 -0.92388 0.382683 0 0 0 1 0.382683 0.92388 0 chimenea.dat
1 15 -17.856 30 17.586 -0.980785 0.19509 0 0 0 1 0.19509 0.980785 0 chimenea.dat
1 15 -20.55 30 4.545 -1 0 0 0 0 1 0 1 0 chimenea.dat
1 15 -20.05 30 -9.455 -0.980785 -0.19509 0 0 0 1 -0.19509 0.980785 0 chimenea.dat
1 15 -16.731 30 -22.692 -0.92388 -0.382683 0 0 0 1 -0.382683 0.92388 0 chimenea.dat
1 15 -10.894 30 -35.028 -0.83147 -0.55557 0 0 0 1 -0.55557 0.83147 0 chimenea.dat
1 15 -2.762 30 -45.988 -0.707107 -0.707107 0 0 0 1 -0.707107 0.707107 0 chimenea.dat
1 15 7.351 30 -55.15 -0.55557 -0.83147 0 0 0 1 -0.83147 0.55557 0 chimenea.dat
1 15 19.058 30 -62.165 -0.382683 -0.92388 0 0 0 1 -0.92388 0.382683 0 chimenea.dat
1 15 31.909 30 -66.761 -0.19509 -0.980785 0 0 0 1 -0.980785 0.19509 0 chimenea.dat
1 15 45.45 30 -68.955 0 -1 0 0 0 1 -1 0 0 chimenea.dat
1 15 59.45 30 -68.455 0.19509 -0.980785 0 0 0 1 -0.980785 -0.19509 0 chimenea.dat
1 15 72.688 30 -65.136 0.382683 -0.92388 0 0 0 1 -0.92388 -0.382683 0 chimenea.dat
1 15 85.023 30 -59.299 0.55557 -0.83147 0 0 0 1 -0.83147 -0.55557 0 chimenea.dat
1 15 95.983 30 -51.167 0.707107 -0.707107 0 0 0 1 -0.707107 -0.707107 0 chimenea.dat
1 15 105.145 30 -41.054 0.83147 -0.55557 0 0 0 1 -0.55557 -0.83147 0 chimenea.dat
1 15 112.16 30 -29.347 0.92388 -0.382683 0 0 0 1 -0.382683 -0.92388 0 chimenea.dat
1 15 116.756 30 -16.496 0.980785 -0.19509 0 0 0 1 -0.19509 -0.980785 0 chimenea.dat
0
