0 Untitled
0 Name: pcsobremesa_monitor_plano_2022.ldr
0 Author: MLCad
0 Unofficial Model
0 ROTATION CENTER 0 0 0 1 "Custom" 
0 ROTATION CONFIG 0 0
1 226 30 80 0 1 0 0 0 1 0 0 0 1 alfajacn.dat
1 15 30 56 -20 1 0 0 0 1 0 0 0 1 cuna.dat
1 226 130 56 -20 0 0 -1 0 1 0 1 0 0 jacena8.dat
1 226 130 32 -20 0 0 -1 0 1 0 1 0 0 baldc4x6.dat
0 MLCAD BTG monitor16x9
1 7 70 26 62 1 0 0 0 1 0 0 0 1 popa4p.dat
1 226 130 32 60 0 0 -1 0 1 0 1 0 0 baldc4x6.dat
1 226 130 80 -20 0 0 -1 0 1 0 1 0 0 jacena8.dat
1 226 30 56 -20 0 0 -1 0 1 0 1 0 0 jacena8.dat
1 226 30 80 -20 0 0 -1 0 1 0 1 0 0 jacena8.dat
1 14 200 72 -90 0 0 -1 0 1 0 1 0 0 volkswag.dat
0 MLCAD BTG monitor16x9
1 7 60 20 52 1 0 0 0 1 0 0 0 1 trfposte.dat
0 MLCAD BTG monitor16x9
1 7 80 20 52 1 0 0 0 1 0 0 0 1 trfposte.dat
1 383 30 80 140 0 0 1 0 1 0 -1 0 0 ventana1m.dat
1 383 50 80 140 0 0 1 0 1 0 -1 0 0 ventana1m.dat
1 383 70 80 140 0 0 1 0 1 0 -1 0 0 ventana1m.dat
1 383 90 80 140 0 0 1 0 1 0 -1 0 0 ventana1m.dat
1 226 70 56 0 1 0 0 0 1 0 0 0 1 rallado2.dat
1 226 70 80 0 1 0 0 0 1 0 0 0 1 rallado2.dat
1 226 10 88 140 0 0 1 0 1 0 -1 0 0 placa6x8.dat
0 MLCAD BTG teclado
1 15 150 76.964 -71.648 -1 0 0 0 -0.996195 -0.0871557 0 -0.0871557 0.996195 placacty.dat
0 MLCAD BTG teclado
1 15 30 76.964 -71.648 -1 0 0 0 -0.996195 -0.0871557 0 -0.0871557 0.996195 placacty.dat
0 MLCAD BTG teclado
1 15 150 74.224 -132.117 -1 0 0 0 -0.996195 -0.0871557 0 -0.0871557 0.996195 placa4x8.dat
0 GROUP 3 teclado
0 MLCAD BTG monitor16x9
1 0 70 -60 45 -1 0 0 0 0 1 0 1 0 bald2x8.dat
0 MLCAD BTG monitor16x9
1 0 70 -20 45 -1 0 0 0 0 1 0 1 0 bald2x8.dat
0 MLCAD BTG monitor16x9
1 0 70 -100 45 -1 0 0 0 0 1 0 1 0 bald2x8.dat
0 MLCAD BTG monitor16x9
1 0 110 -100 53 0 0 1 1 0 0 0 1 0 placa4.dat
0 MLCAD BTG monitor16x9
1 0 10 -100 53 0 0 1 1 0 0 0 1 0 placa4.dat
0 GROUP 8 monitor16x9
0
