0 Untitled
0 Name: Astro_0657_Unidad_Teledetectora_Alter1.ldr
0 Author: MLCad
0 Unofficial Model
0 ROTATION CENTER 0 0 0 1 "Custom" 
0 ROTATION CONFIG 0 0
1 15 -20 16 0 1 0 0 0 1 0 0 0 1 placa4x6.dat
1 4 -80 16 40 1 0 0 0 1 0 0 0 1 placa2x3.dat
1 4 -60 24 40 0 0 1 0 1 0 -1 0 0 popa6p.dat
1 4 120 8 40 0 0 -1 0 1 0 1 0 0 popa6p.dat
1 4 0 24 50 0 0 -1 0 1 0 1 0 0 rueastro.dat
1 4 120 24 50 0 0 -1 0 1 0 1 0 0 rueastro.dat
1 4 154.987 -86.357 60 -0.75 -0.433013 -0.5 -0.5 0.866025 0 0.433013 0.25 -0.866025 rueastro.dat
1 0 -40 8 20 1 0 0 0 1 0 0 0 1 pinzastr.dat
1 0 -100 16 20 0 0 -1 0 1 0 1 0 0 pico.dat
1 15 201.344 -99.07 56.33 -0.75 -0.433013 -0.5 -0.5 0.866025 0 0.433013 0.25 -0.866025 pico.dat
1 15 110.951 -98.286 -6.952 0.5 -0.433013 -0.75 0 0.866025 -0.5 0.866025 0.25 0.433013 jacena6.dat
1 15 125.951 -88.285 -15.612 0.5 -0.433013 -0.75 0 0.866025 -0.5 0.866025 0.25 0.433013 jacena6.dat
1 15 -34.171 -13.868 42 0 -0.258819 0.965926 0 0.965926 0.258819 -1 0 0 astcuerv.dat
1 15 -34.55 -12.181 42 0 -1 0 0 0 1 -1 0 0 astpierv.dat
1 4 132.008 0 50.172 0.5 0 -0.866025 0 1 0 0.866025 0 0.5 platfgir.dat
1 4 140 0 40 0 0 -1 0 1 0 1 0 0 rotorinf.dat
1 15 0 8 0 1 0 0 0 1 0 0 0 1 bald2x2r.dat
1 15 40 8 80 -1 0 0 0 1 0 0 0 -1 bald2x2r.dat
1 15 40 -16 0 1 0 0 0 1 0 0 0 1 bald2x2r.dat
1 15 80 -16 80 -1 0 0 0 1 0 0 0 -1 bald2x2r.dat
1 15 80 8 0 1 0 0 0 1 0 0 0 1 bald2x2r.dat
1 15 120 8 80 -1 0 0 0 1 0 0 0 -1 bald2x2r.dat
1 0 -40 8 40 -1 0 0 0 1 0 0 0 -1 bald2x2.dat
1 0 -40 8 80 -1 0 0 0 1 0 0 0 -1 bald2x2.dat
1 0 -20 8 70 -1 0 0 0 1 0 0 0 -1 ancl1x2.dat
1 0 -20 8 10 -1 0 0 0 1 0 0 0 -1 ancl1x2.dat
1 0 80 8 60 -1 0 0 0 1 0 0 0 -1 jacen2x2.dat
1 15 159.328 -16 57.494 -0.866025 0 -0.5 0 1 0 0.5 0 -0.866025 jacen2x2.dat
1 4 149.329 -56 40.173 -0.5 0 0.866025 0 1 0 -0.866025 0 -0.5 bispqaba.dat
1 4 149.595 -55.572 40.019 -0.5 -0.433013 0.75 0 0.866025 0.5 -0.866025 0.25 -0.433013 bispqarr.dat
1 4 142.008 -40 67.493 -0.5 0 0.866025 0 1 0 -0.866025 0 -0.5 placa2.dat
1 383 50 8 10 -1 0 0 0 1 0 0 0 -1 amortigu.dat
1 383 84.523 -117.429 77.589 -0.433013 0.75 -0.5 0.866025 0.5 0 0.25 -0.433013 -0.866025 amortigu.dat
1 4 66.523 -129.428 87.981 -0.433013 0.75 -0.5 0.866025 0.5 0 0.25 -0.433013 -0.866025 laser.dat
1 383 70 8 10 -1 0 0 0 1 0 0 0 -1 amortigu.dat
1 383 173.843 -114.07 60.66 -0.75 -0.433013 -0.5 -0.5 0.866025 0 0.433013 0.25 -0.866025 amortigu.dat
1 383 188.843 -104.07 52 -0.75 -0.433013 -0.5 -0.5 0.866025 0 0.433013 0.25 -0.866025 amortigu.dat
1 15 131.344 -119.069 4.369 0.75 -0.433013 0.5 0.5 0.866025 0 -0.433013 0.25 0.866025 pico.dat
1 383 158.844 -104.07 0.039 0.75 -0.433013 0.5 0.5 0.866025 0 -0.433013 0.25 0.866025 amortigu.dat
1 383 143.844 -114.07 8.699 0.75 -0.433013 0.5 0.5 0.866025 0 -0.433013 0.25 0.866025 amortigu.dat
1 383 50 8 70 -1 0 0 0 1 0 0 0 -1 amortigu.dat
1 383 70 8 70 -1 0 0 0 1 0 0 0 -1 amortigu.dat
1 4 -80 16 0 1 0 0 0 1 0 0 0 1 placa2x3.dat
1 4 100 16 40 1 0 0 0 1 0 0 0 1 placa2x2.dat
1 4 100 16 0 1 0 0 0 1 0 0 0 1 placa2x2.dat
0
