0 Untitled
0 Name: Astro_0657_Unidad_Teledetectora_Alter2.ldr
0 Author: MLCad
0 Unofficial Model
0 ROTATION CENTER 0 0 0 1 "Custom" 
0 ROTATION CONFIG 0 0
1 15 -120 48 0 1 0 0 0 1 0 0 0 1 placa4x6.dat
1 15 -120 40 -20 0 0 -1 0 1 0 1 0 0 jacena6.dat
1 4 -10 56 50 0 0 -1 0 1 0 1 0 0 rueastro.dat
1 4 117.136 56 8.248 0.258819 0 -0.965926 0 1 0 0.965926 0 0.258819 rueastro.dat
1 4 -40 40 40 0.258819 0 -0.965926 0 1 0 0.965926 0 0.258819 platfgir.dat
1 15 119.725 48 17.907 -0.965926 0 -0.258819 0 1 0 0.258819 0 -0.965926 jacen2x4.dat
1 15 81.087 24 28.26 -0.965926 0 -0.258819 0 1 0 0.258819 0 -0.965926 jacen2x8.dat
1 0 -34.824 0 59.319 -0.965926 0 -0.258819 0 1 0 0.258819 0 -0.965926 bald2x2.dat
1 0 3.813 0 48.966 -0.965926 0 -0.258819 0 1 0 0.258819 0 -0.965926 bald2x2.dat
1 4 81.087 0 28.26 -0.965926 0 -0.258819 0 1 0 0.258819 0 -0.965926 placa2x2.dat
1 0 61.769 -8 33.437 -0.258819 0 0.965926 0 1 0 -0.965926 0 -0.258819 jacena2.dat
1 4 75.911 -40 8.942 -0.258819 0 0.965926 0 1 0 -0.965926 0 -0.258819 bispqaba.dat
1 4 75.911 -40 8.942 -0.258819 -0.482963 0.836516 0 0.866025 0.5 -0.965926 0.12941 -0.224144 bispqarr.dat
1 4 71.41 -51.929 10.148 0.836516 -0.482963 0.258819 0.5 0.866025 0 -0.224144 0.12941 0.965926 popa6p.dat
1 4 71.41 -51.929 10.148 -0.836516 -0.482963 -0.258819 -0.5 0.866025 0 0.224144 0.12941 -0.965926 popa6p.dat
1 4 97.18 -48.857 23.948 -0.836516 -0.482963 -0.258819 -0.5 0.866025 0 0.224144 0.12941 -0.965926 placa2x2.dat
1 0 -47.765 24 11.022 -0.965926 0 -0.258819 0 1 0 0.258819 0 -0.965926 ancl1x2.dat
1 0 -32.235 24 68.978 -0.965926 0 -0.258819 0 1 0 0.258819 0 -0.965926 ancl1x2.dat
1 4 -40 40 40 0 0 -1 0 1 0 1 0 0 rotorinf.dat
1 4 -70 56 50 0 0 -1 0 1 0 1 0 0 rueastro.dat
1 15 -120 88 40 0 0 1 0 1 0 -1 0 0 cirrevol.dat
1 4 -100 16 20 0 0 -1 0 1 0 1 0 0 placa2.dat
1 15 -140 16 20 0 0 1 0 1 0 -1 0 0 bald2x2r.dat
1 15 -140 16 100 0 0 1 0 1 0 -1 0 0 bald2x2r.dat
1 15 -160 16 60 0 0 1 0 1 0 -1 0 0 bald2x2r.dat
1 46 -110 8 50 0 0 1 0 1 0 -1 0 0 amortigu.dat
1 383 97.124 48 -27.801 -0.258819 0 0.965926 0 1 0 -0.965926 0 -0.258819 amortigu.dat
1 383 79.136 -65.784 8.078 -0.258819 -0.482963 0.836516 0 0.866025 0.5 -0.965926 0.12941 -0.224144 amortigu.dat
1 15 53.366 -68.856 -5.723 0.836516 -0.482963 0.258819 0.5 0.866025 0 -0.224144 0.12941 0.965926 pico.dat
1 15 97.18 -48.857 23.948 -0.836516 -0.482963 -0.258819 -0.5 0.866025 0 0.224144 0.12941 -0.965926 pico.dat
1 383 90.728 -86.57 4.97 -0.258819 -0.482963 0.836516 0 0.866025 0.5 -0.965926 0.12941 -0.224144 amortigu.dat
1 383 102.32 -107.354 1.867 -0.258819 -0.482963 0.836516 0 0.866025 0.5 -0.965926 0.12941 -0.224144 amortigu.dat
1 4 113.91 -128.138 -1.24 -0.258819 -0.482963 0.836516 0 0.866025 0.5 -0.965926 0.12941 -0.224144 laser.dat
1 383 77.806 48 -22.624 -0.258819 0 0.965926 0 1 0 -0.965926 0 -0.258819 amortigu.dat
1 383 93.335 48 35.331 -0.258819 0 0.965926 0 1 0 -0.965926 0 -0.258819 amortigu.dat
1 383 112.653 48 30.155 -0.258819 0 0.965926 0 1 0 -0.965926 0 -0.258819 amortigu.dat
1 4 91.44 24 66.897 -0.258819 0 0.965926 0 1 0 -0.965926 0 -0.258819 placa2x3.dat
1 4 75.911 24 8.942 -0.258819 0 0.965926 0 1 0 -0.965926 0 -0.258819 placa2x3.dat
1 15 119.725 16 17.907 0.258819 0 -0.965926 0 1 0 0.965926 0 0.258819 bald2x2r.dat
1 15 109.373 16 -20.73 0.258819 0 -0.965926 0 1 0 0.965926 0 0.258819 bald2x2r.dat
1 15 99.019 16 -59.367 0.258819 0 -0.965926 0 1 0 0.965926 0 0.258819 bald2x2r.dat
0
