0 Untitled
0 Name: Harlock.ldr
0 Author: MLCad
0 Unofficial Model
0 !COLOUR Kaki CODE 77 VALUE #424510 EDGE #222222 ALPHA 255
0 ROTATION CENTER 0 0 0 1 "Custom" 
0 ROTATION CONFIG 0 0
1 15 0 168.142 24 1 0 0 0 1 0 0 0 1 conotanq.dat
1 15 10 158.142 32 0.92388 0 -0.382683 -0.382683 0 -0.92388 0 1 0 chimplac.dat
1 15 23.066 163.554 24 0.92388 0 -0.382683 -0.382683 0 -0.92388 0 1 0 pistola.dat
1 15 56.194 139.007 10 0 -0.92388 -0.382683 0 0.382683 -0.92388 1 0 0 cilindro.dat
1 15 78.367 129.823 10 0 -0.92388 -0.382683 0 0.382683 -0.92388 1 0 0 cilintap.dat
1 15 10 178.142 32 0.92388 0 0.382683 0.382683 0 -0.92388 0 1 0 chimplac.dat
1 15 15.412 191.208 24 0.92388 0 0.382683 0.382683 0 -0.92388 0 1 0 pistola.dat
1 15 56.194 197.277 10 0 -0.92388 0.382683 0 -0.382683 -0.92388 1 0 0 cilindro.dat
1 15 78.367 206.461 10 0 -0.92388 0.382683 0 -0.382683 -0.92388 1 0 0 cilintap.dat
1 15 -10 158.142 32 -0.92388 0 -0.382683 -0.382683 0 0.92388 0 1 0 chimplac.dat
1 15 -15.412 145.076 24 -0.92388 0 -0.382683 -0.382683 0 0.92388 0 1 0 pistola.dat
1 15 -56.194 139.007 10 0 0.92388 -0.382683 0 0.382683 0.92388 1 0 0 cilindro.dat
1 15 -78.367 129.823 10 0 0.92388 -0.382683 0 0.382683 0.92388 1 0 0 cilintap.dat
1 15 -10 178.142 32 -0.92388 0 0.382683 0.382683 0 0.92388 0 1 0 chimplac.dat
1 15 -23.066 172.73 24 -0.92388 0 0.382683 0.382683 0 0.92388 0 1 0 pistola.dat
1 15 -56.194 197.277 10 0 0.92388 0.382683 0 -0.382683 0.92388 1 0 0 cilindro.dat
1 15 -78.367 206.461 10 0 0.92388 0.382683 0 -0.382683 0.92388 1 0 0 cilintap.dat
1 15 0 -12 16 -1 0 0 0 0 1 0 1 0 baldgord.dat
1 0 -60 208 48 0 0 -1 -1 0 0 0 1 0 alaastro.dat
1 0 20 188 48 -1 0 0 0 0 1 0 1 0 placa2.dat
1 0 -100 198 48 1 0 0 0 0 -1 0 1 0 placurd2.dat
1 0 0 198 40 1 0 0 0 0 -1 0 1 0 bald8.dat
1 0 100 198 48 -1 0 0 0 0 1 0 1 0 placurd2.dat
1 0 40 84 40 0 0 -1 -1 0 0 0 1 0 baldgord.dat
1 0 -40 44 40 0 0 1 1 0 0 0 1 0 baldgord.dat
1 0 -20 44 64 0 0 1 1 0 0 0 1 0 jacen2x2.dat
1 0 -20 84 72 1 0 0 0 0 -1 0 1 0 placa2x2.dat
1 0 0 84 80 1 0 0 0 0 -1 0 1 0 bisnrarr.dat
1 0 0 84 80 1 0 0 0 1 0 0 0 1 bisnraba.dat
1 0 20 180 80 0 0 -1 0 1 0 1 0 0 placa2x3.dat
1 0 20 172 80 0 0 -1 0 1 0 1 0 0 jacen2x3.dat
1 0 20 172 280 0 0 -1 0 1 0 1 0 0 jacen2x3.dat
1 0 -20 140 740 0 0 -1 0 -1 0 -1 0 0 bispqaba.dat
1 0 -20 140 740 0 0.92388 0.382684 0 0.382684 -0.92388 -1 0 0 bispqarr.dat
1 0 20 148 100 -1 0 0 0 1 0 0 0 -1 jacena2.dat
1 0 10 180 110 0 0 1 0 -1 0 1 0 0 placa3m.dat
1 0 10 172 310 0 0 1 0 -1 0 1 0 0 placa3m.dat
1 0 10 60 450 0 0 1 0 -1 0 1 0 0 placa3m.dat
1 0 -10 60 450 0 0 1 0 -1 0 1 0 0 placa3m.dat
1 0 -10 172 310 0 0 1 0 -1 0 1 0 0 placa3m.dat
1 0 -10 180 110 0 0 1 0 -1 0 1 0 0 placa3m.dat
1 0 -60 102 120 0 -1 0 0 0 -1 1 0 0 bispqarr.dat
1 383 -60 102 129 0 -1 0 0 0 -1 1 0 0 eje625.dat
1 383 -60 102 309 0 -1 0 0 0 -1 1 0 0 eje75.dat
1 0 -28 142 100 0 -1 0 0 0 -1 1 0 0 placa2x2.dat
1 0 -52 142 100 0 -1 0 0 0 -1 1 0 0 jacen2x2.dat
1 0 0 84 80 1 0 0 0 1 0 0 0 1 bisnreje.dat
1 0 0 4 100 1 0 0 0 1 0 0 0 1 bisnraba.dat
1 0 0 4 100 -1 0 0 0 -1 0 0 0 1 bisnraba.dat
1 0 20 -28 100 -1 0 0 0 -1 0 0 0 1 jacen2x2.dat
1 0 0 4 100 1 0 0 0 1 0 0 0 1 bisnreje.dat
1 0 0 4 420 1 0 0 0 1 0 0 0 1 bisnraba.dat
1 0 0 4 420 -1 0 0 0 -1 0 0 0 1 bisnraba.dat
1 0 20 -28 420 -1 0 0 0 -1 0 0 0 1 jacen2x2.dat
1 0 0 4 420 1 0 0 0 1 0 0 0 1 bisnreje.dat
1 0 0 196 290 -1 0 0 0 -1 0 0 0 1 bisnraba.dat
1 0 0 196 290 1 0 0 0 1 0 0 0 1 bisnraba.dat
1 0 0 196 290 1 0 0 0 1 0 0 0 1 bisnreje.dat
1 0 -20 196 250 1 0 0 0 -1 0 0 0 -1 bisnraba.dat
1 0 -20 196 250 -1 0 0 0 1 0 0 0 -1 bisnraba.dat
1 0 -20 196 250 -1 0 0 0 1 0 0 0 -1 bisnreje.dat
1 0 20 196 250 1 0 0 0 -1 0 0 0 -1 bisnraba.dat
1 0 20 196 250 -1 0 0 0 1 0 0 0 -1 bisnraba.dat
1 0 20 196 250 -1 0 0 0 1 0 0 0 -1 bisnreje.dat
1 0 40 148 40 0 0 -1 -1 0 0 0 1 0 bald2x2r.dat
1 0 -40 108 40 0 0 1 1 0 0 0 1 0 bald2x2r.dat
1 0 -20 108 64 0 0 1 1 0 0 0 1 0 jacen2x2.dat
1 0 -70 128 72 0 0 1 1 0 0 0 1 0 jacen2x2.dat
1 0 30 128 72 0 0 1 1 0 0 0 1 0 jacen2x2.dat
1 0 -30 168 72 1 0 0 0 0 -1 0 1 0 placa2x3.dat
1 0 10 168 80 1 0 0 0 0 -1 0 1 0 placa2x3.dat
1 0 -70 168 80 1 0 0 0 0 -1 0 1 0 placa2x3.dat
1 0 60 208 48 0 0 -1 -1 0 0 0 1 0 alaastro.dat
1 0 20 188 40 0 0 -1 -1 0 0 0 1 0 placa2x2.dat
1 0 0 158 64 0 0 -1 -1 0 0 0 1 0 jacena1.dat
1 15 40 -12 16 -1 0 0 0 0 1 0 1 0 baldgord.dat
1 15 0 28 24 -1 0 0 0 0 1 0 1 0 popa6p.dat
1 15 0 28 32 -1 0 0 0 0 1 0 1 0 popa6p.dat
1 15 0 28 40 -1 0 0 0 0 1 0 1 0 popa6p.dat
1 15 0 28 0 -1 0 0 0 -1 0 0 0 1 placa2x3.dat
1 15 60 28 0 -1 0 0 0 -1 0 0 0 1 placa2x3.dat
1 15 0 36 0 0 0 1 0 -1 0 1 0 0 pico1.dat
1 15 60 36 0 0 0 1 0 -1 0 1 0 0 pico.dat
1 15 0 36 20 0 0 -1 0 -1 0 -1 0 0 pico1.dat
1 15 -60 36 40 0 0 -1 0 -1 0 -1 0 0 pico.dat
1 15 -60 100 0 0 0 -1 0 1 0 1 0 0 pico.dat
1 15 0 100 0 0 0 -1 0 1 0 1 0 0 pico1.dat
1 15 60 100 40 0 0 1 0 1 0 -1 0 0 pico.dat
1 0 60 20 40 0 0 -1 0 1 0 1 0 0 pico.dat
1 0 60 20 80 0 0 -1 0 1 0 1 0 0 pico.dat
1 0 60 20 120 0 0 -1 0 1 0 1 0 0 pico.dat
1 0 60 20 160 0 0 -1 0 1 0 1 0 0 pico.dat
1 0 60 20 200 0 0 -1 0 1 0 1 0 0 pico.dat
1 0 60 20 240 0 0 -1 0 1 0 1 0 0 pico.dat
1 0 60 20 280 0 0 -1 0 1 0 1 0 0 pico.dat
1 0 60 20 320 0 0 -1 0 1 0 1 0 0 pico.dat
1 0 60 20 360 0 0 -1 0 1 0 1 0 0 pico.dat
1 0 60 20 400 0 0 -1 0 1 0 1 0 0 pico.dat
1 0 60 20 440 0 0 -1 0 1 0 1 0 0 pico.dat
1 0 60 20 480 0 0 -1 0 1 0 1 0 0 pico.dat
1 0 40 4 520 0 0 -1 0 1 0 1 0 0 pico.dat
1 0 40 4 560 0 0 -1 0 1 0 1 0 0 pico.dat
1 0 40 4 600 0 0 -1 0 1 0 1 0 0 pico.dat
1 0 40 4 640 0 0 -1 0 1 0 1 0 0 pico.dat
1 0 40 -4 200 0 0 -1 0 1 0 1 0 0 pico.dat
1 0 40 -4 240 0 0 -1 0 1 0 1 0 0 pico.dat
1 0 40 -4 280 0 0 -1 0 1 0 1 0 0 pico.dat
1 0 40 -4 320 0 0 -1 0 1 0 1 0 0 pico.dat
1 0 -60 20 80 0 0 1 0 1 0 -1 0 0 pico.dat
1 0 -60 20 120 0 0 1 0 1 0 -1 0 0 pico.dat
1 0 -60 20 160 0 0 1 0 1 0 -1 0 0 pico.dat
1 0 -60 20 200 0 0 1 0 1 0 -1 0 0 pico.dat
1 0 -40 -4 240 0 0 1 0 1 0 -1 0 0 pico.dat
1 0 -40 -4 280 0 0 1 0 1 0 -1 0 0 pico.dat
1 0 -40 -4 320 0 0 1 0 1 0 -1 0 0 pico.dat
1 0 -40 -4 360 0 0 1 0 1 0 -1 0 0 pico.dat
1 0 -60 20 240 0 0 1 0 1 0 -1 0 0 pico.dat
1 0 -60 20 280 0 0 1 0 1 0 -1 0 0 pico.dat
1 0 -60 20 320 0 0 1 0 1 0 -1 0 0 pico.dat
1 0 -60 20 360 0 0 1 0 1 0 -1 0 0 pico.dat
1 0 -60 20 440 0 0 1 0 1 0 -1 0 0 pico.dat
1 0 -60 20 400 0 0 1 0 1 0 -1 0 0 pico.dat
1 0 -60 20 480 0 0 1 0 1 0 -1 0 0 pico.dat
1 0 -60 20 520 0 0 1 0 1 0 -1 0 0 pico.dat
1 0 -40 4 560 0 0 1 0 1 0 -1 0 0 pico.dat
1 0 -40 4 600 0 0 1 0 1 0 -1 0 0 pico.dat
1 0 -40 4 600 0 0 1 0 1 0 -1 0 0 pico.dat
1 0 -40 4 640 0 0 1 0 1 0 -1 0 0 pico.dat
1 0 -40 4 680 0 0 1 0 1 0 -1 0 0 pico.dat
1 0 -60 -20 980 0 0 1 0 1 0 -1 0 0 pico.dat
1 0 -80 76 1040 0 0 1 0 1 0 -1 0 0 pico.dat
1 0 -80 76 1080 0 0 1 0 1 0 -1 0 0 pico.dat
1 0 -80 76 1120 0 0 1 0 1 0 -1 0 0 pico.dat
1 0 -80 76 1160 0 0 1 0 1 0 -1 0 0 pico.dat
1 0 -80 76 1200 0 0 1 0 1 0 -1 0 0 pico.dat
1 0 -80 76 1240 0 0 1 0 1 0 -1 0 0 pico.dat
1 0 -80 76 1280 0 0 1 0 1 0 -1 0 0 pico.dat
1 0 -60 -20 900 0 0 1 0 1 0 -1 0 0 pico.dat
1 0 -60 -20 860 0 0 1 0 1 0 -1 0 0 pico.dat
1 0 -60 -20 940 0 0 1 0 1 0 -1 0 0 pico.dat
1 0 -60 -20 1140 0 0 1 0 1 0 -1 0 0 pico.dat
1 0 -60 -20 1060 0 0 1 0 1 0 -1 0 0 pico.dat
1 0 -60 -20 1020 0 0 1 0 1 0 -1 0 0 pico.dat
1 0 -60 -20 1100 0 0 1 0 1 0 -1 0 0 pico.dat
1 0 -60 -20 1220 0 0 1 0 1 0 -1 0 0 pico.dat
1 0 -60 -20 1180 0 0 1 0 1 0 -1 0 0 pico.dat
1 0 -60 -20 1260 0 0 1 0 1 0 -1 0 0 pico.dat
1 0 -60 -20 1300 0 0 1 0 1 0 -1 0 0 pico.dat
1 0 0 148 120 -1 0 0 0 1 0 0 0 -1 ventana1.dat
1 0 0 148 140 -1 0 0 0 1 0 0 0 -1 ventana1.dat
1 0 0 148 120 -1 0 0 0 1 0 0 0 -1 ventana1.dat
1 0 -60 102 320 0 -1 0 0 0 -1 1 0 0 bispqarr.dat
1 0 -28 142 300 0 -1 0 0 0 -1 1 0 0 placa2x2.dat
1 0 -52 142 300 0 -1 0 0 0 -1 1 0 0 jacen2x2.dat
1 0 -56.358 167.507 510 0 0.446198 0.894934 0 -0.894934 0.446198 1 0 0 enganch2.dat
1 0 -103.776 170.723 530 0.894934 0.446198 0 0.446198 -0.894934 0 0 0 -1 pico.dat
1 0 -93.065 149.244 550 0.894934 0.446198 0 0.446198 -0.894934 0 0 0 -1 pico.dat
1 0 -67.977 188.568 530 0.894934 0.446198 0 0.446198 -0.894934 0 0 0 -1 pico.dat
1 0 -57.269 167.09 550 0.894934 0.446198 0 0.446198 -0.894934 0 0 0 -1 pico.dat
1 0 -71.597 151.007 570 0.894934 0.446198 0 0.446198 -0.894934 0 0 0 -1 placa2x3.dat
1 0 -32.23 161.697 570 0 0.446198 -0.894934 0 -0.894934 -0.446198 -1 0 0 placa4.dat
1 0 -35.802 168.856 530 0 0.446198 -0.894934 0 -0.894934 -0.446198 -1 0 0 placa2.dat
1 0 -35.802 168.856 450 0 0.446198 -0.894934 0 -0.894934 -0.446198 -1 0 0 placa2.dat
1 0 -48.4178 197.565 430 0 0.446198 -0.894934 0 -0.894934 -0.446198 -1 0 0 plac2x10.dat
1 0 -52.764 205.155 470 0 0.446198 -0.894934 0 -0.894934 -0.446198 -1 0 0 bald2x6.dat
1 0 -52.764 205.155 370 0 0.446198 -0.894934 0 -0.894934 -0.446198 -1 0 0 bald2x4.dat
1 0 -93.065 149.244 550 0.894934 0.446198 0 0.446198 -0.894934 0 0 0 -1 jacena4.dat
1 0 -56.358 167.507 490 0 0.446198 0.894934 0 -0.894934 0.446198 1 0 0 enganch2.dat
1 0 -56.358 167.507 430 0 0.446198 0.894934 0 -0.894934 0.446198 1 0 0 enganch2.dat
1 0 -56.358 167.507 410 0 0.446198 0.894934 0 -0.894934 0.446198 1 0 0 enganch2.dat
1 0 0 148 320 -1 0 0 0 1 0 0 0 -1 ventana1.dat
1 0 0 148 340 -1 0 0 0 1 0 0 0 -1 ventana1.dat
1 0 0 148 320 -1 0 0 0 1 0 0 0 -1 ventana1.dat
1 15 0 100 20 0 0 1 0 1 0 -1 0 0 pico1.dat
1 15 -40 36 40 1 0 0 0 -1 0 0 0 -1 bald2.dat
1 15 60 108 40 -1 0 0 0 1 0 0 0 -1 placa2x3.dat
1 15 0 108 40 -1 0 0 0 1 0 0 0 -1 placa2x3.dat
1 0 0 212 270 -1 0 0 0 1 0 0 0 -1 proa4p.dat
1 0 0 212 210 0 0 -1 0 1 0 1 0 0 placa2x3.dat
1 0 40 212 210 0 0 -1 0 1 0 1 0 0 placa2x3.dat
1 0 -60 188 50 0 0 1 0 -1 0 1 0 0 placa6x8.dat
1 0 60 148 80 -1 0 0 0 -1 0 0 0 1 enganch2.dat
1 0 40 148 80 1 0 0 0 1 0 0 0 1 enganch2.dat
1 0 20 100 80 1 0 0 0 1 0 0 0 1 jacena2.dat
1 0 -60 76 100 1 0 0 0 1 0 0 0 1 jacena6.dat
1 0 -60 124 100 1 0 0 0 1 0 0 0 1 jacena6.dat
1 0 -60 52 100 1 0 0 0 1 0 0 0 1 jacena6.dat
1 0 -60 124 80 1 0 0 0 1 0 0 0 1 jacena2.dat
1 0 -60 100 80 1 0 0 0 1 0 0 0 1 jacena2.dat
1 0 -40 28 80 1 0 0 0 1 0 0 0 1 placa4.dat
1 0 20 148 80 1 0 0 0 1 0 0 0 1 enganch2.dat
1 0 -40 148 80 1 0 0 0 1 0 0 0 1 enganch2.dat
1 0 -60 148 80 1 0 0 0 1 0 0 0 1 enganch2.dat
1 0 60 172 80 -1 0 0 0 -1 0 0 0 1 placa2.dat
1 0 60 180 80 -1 0 0 0 -1 0 0 0 1 placa2.dat
1 0 20 92 160 -1 0 0 0 1 0 0 0 -1 jacen2x2.dat
1 0 20 68 160 -1 0 0 0 1 0 0 0 -1 jacen2x2.dat
1 0 20 100 340 -1 0 0 0 1 0 0 0 -1 jacen2x2.dat
1 0 20 76 340 -1 0 0 0 1 0 0 0 -1 jacen2x2.dat
1 0 20 84 620 -1 0 0 0 1 0 0 0 -1 jacen2x2.dat
1 0 20 108 620 -1 0 0 0 1 0 0 0 -1 jacen2x2.dat
1 0 20 68 420 -1 0 0 0 -1 0 0 0 1 jacen2x2.dat
1 0 20 92 420 -1 0 0 0 -1 0 0 0 1 jacen2x2.dat
1 0 20 116 420 -1 0 0 0 -1 0 0 0 1 jacen2x2.dat
1 0 20 140 420 -1 0 0 0 -1 0 0 0 1 jacen2x2.dat
1 0 20 164 420 -1 0 0 0 -1 0 0 0 1 placa2x2.dat
1 0 20 172 420 -1 0 0 0 -1 0 0 0 1 placa2x2.dat
1 0 20 44 160 -1 0 0 0 1 0 0 0 -1 jacen2x2.dat
1 0 -20 172 80 -1 0 0 0 -1 0 0 0 1 placa2.dat
1 0 -20 180 80 -1 0 0 0 -1 0 0 0 1 placa2.dat
1 0 40 148 80 -1 0 0 0 -1 0 0 0 1 enganch2.dat
1 0 -20 148 80 -1 0 0 0 -1 0 0 0 1 enganch2.dat
1 0 -40 148 80 -1 0 0 0 -1 0 0 0 1 enganch2.dat
1 0 -60 180 250 0 0 1 0 -1 0 1 0 0 placa6x8.dat
1 0 -30 188 390 0 0 1 0 -1 0 1 0 0 placa6.dat
1 0 30 188 390 0 0 1 0 -1 0 1 0 0 placa6.dat
1 0 -20 188 420 0 0 1 0 -1 0 1 0 0 remate_2.dat
1 0 80 153.439 465.595 -1 0 0 0 -0.62932 -0.777146 0 -0.777146 0.62932 placa2x8.dat
1 0 60 135.077 490.59 0 0 -1 0.779884 -0.625923 0 -0.625923 -0.779884 0 trfrectb.dat
1 0 -60 135.077 490.59 0 0 -1 0.779884 -0.625923 0 -0.625923 -0.779884 0 trfrectb.dat
1 0 60 180 170 -1 0 0 0 -1 0 0 0 1 placa4x6.dat
1 0 -40 196 90 0 0 1 0 -1 0 1 0 0 baldc4.dat
1 0 40 196 90 0 0 1 0 -1 0 1 0 0 baldc4.dat
1 0 -40 196 170 0 0 1 0 -1 0 1 0 0 baldc4.dat
1 0 40 196 170 0 0 1 0 -1 0 1 0 0 baldc4.dat
1 0 40 196 210 0 0 1 0 -1 0 1 0 0 baldc2x2.dat
1 0 40 196 250 0 0 1 0 -1 0 1 0 0 baldc2x2.dat
1 0 40 196 290 0 0 1 0 -1 0 1 0 0 baldc2x2.dat
1 0 40 196 330 -1 0 0 0 -1 0 0 0 1 baldc4x6.dat
1 0 0 180 420 0 0 1 0 -1 0 1 0 0 alfaramp.dat
1 0 40 180 420 0 0 1 0 -1 0 1 0 0 alfaramp.dat
1 0 -80 196 250 0 0 1 0 -1 0 1 0 0 baldc2x2.dat
1 0 -40 196 270 0 0 1 0 -1 0 1 0 0 baldc1.dat
1 0 -40 188 270 0 0 1 0 -1 0 1 0 0 placa1.dat
1 0 20 188 270 0 0 1 0 -1 0 1 0 0 placa1.dat
1 0 20 196 270 0 0 1 0 -1 0 1 0 0 baldc1.dat
1 0 -80 196 210 0 0 1 0 -1 0 1 0 0 baldc2x2.dat
1 0 -80 196 290 0 0 1 0 -1 0 1 0 0 baldc2x2.dat
1 0 40 196 290 -1 0 0 0 -1 0 0 0 1 baldc2.dat
1 0 -20 196 290 -1 0 0 0 -1 0 0 0 1 baldc2.dat
1 0 -40 188 290 0 0 -1 0 -1 0 -1 0 0 placa4.dat
1 0 -20 188 330 0 0 -1 0 -1 0 -1 0 0 placa2x2.dat
1 0 60 188 330 0 0 -1 0 -1 0 -1 0 0 placa2x2.dat
1 0 60 188 290 0 0 -1 0 -1 0 -1 0 0 placa4.dat
1 15 -30 132 10 0 0 -1 0 1 0 1 0 0 cilindro.dat
1 15 -10 132 10 0 0 -1 0 1 0 1 0 0 cilindro.dat
1 15 10 132 10 0 0 -1 0 1 0 1 0 0 cilindro.dat
1 15 30 132 10 0 0 -1 0 1 0 1 0 0 cilindro.dat
1 15 40 100 40 -1 0 0 0 1 0 0 0 -1 bald2.dat
1 0 -40 92 40 0 0 1 0 1 0 -1 0 0 bald2.dat
1 0 0 92 40 0 0 1 0 1 0 -1 0 0 bald2.dat
1 0 -20 100 180 0 0 1 0 1 0 -1 0 0 placa2x8.dat
1 0 -80 28 200 0 0 1 0 1 0 -1 0 0 placa2x8.dat
1 0 -60 20 240 0 0 1 0 1 0 -1 0 0 placa6x8.dat
1 0 -60 12 240 0 0 1 0 1 0 -1 0 0 placa2.dat
1 0 -60 4 240 0 0 1 0 1 0 -1 0 0 placa2.dat
1 0 40 12 240 0 0 1 0 1 0 -1 0 0 placa2.dat
1 0 40 4 240 0 0 1 0 1 0 -1 0 0 placa2.dat
1 0 -20 12 360 0 0 1 0 1 0 -1 0 0 placa2x8.dat
1 0 -20 20 480 0 0 1 0 1 0 -1 0 0 placa2x8.dat
1 0 -10 4 290 0 0 1 0 1 0 -1 0 0 chimtubo.dat
1 0 10 4 290 0 0 1 0 1 0 -1 0 0 chimtubo.dat
1 383 10 -26 270 0 0 1 1 0 0 0 1 0 eje15.dat
1 383 10 -26 290 0 0 1 1 0 0 0 1 0 eje15.dat
1 383 -10 -26 270 0 0 1 1 0 0 0 1 0 eje15.dat
1 383 -10 -26 290 0 0 1 1 0 0 0 1 0 eje15.dat
1 0 -20 52 460 0 0 1 0 1 0 -1 0 0 jacen2x8.dat
1 0 -20 20 320 0 0 1 0 1 0 -1 0 0 placa2x2.dat
1 0 -20 20 280 0 0 1 0 1 0 -1 0 0 placa2x2.dat
1 0 -60 12 200 0 0 1 0 1 0 -1 0 0 enganc2.dat
1 0 40 12 200 0 0 1 0 1 0 -1 0 0 enganc2.dat
1 0 40 28 200 0 0 1 0 1 0 -1 0 0 placa2x8.dat
1 0 0 28 360 0 0 1 0 1 0 -1 0 0 placa4x8.dat
1 0 -80 28 360 0 0 1 0 1 0 -1 0 0 placa4x8.dat
1 0 -80 28 520 0 0 1 0 1 0 -1 0 0 placa4x8.dat
1 0 0 28 520 0 0 1 0 1 0 -1 0 0 placa4x8.dat
1 0 -40 28 680 0 0 1 0 1 0 -1 0 0 placa4x8.dat
1 0 -60 76 840 0 0 1 0 1 0 -1 0 0 jacen2x8.dat
1 0 20 4 640 0 0 -1 0 1 0 1 0 0 jacen2x8.dat
1 0 0 -20 680 0 0 -1 0 1 0 1 0 0 jacen2x8.dat
1 0 -39.045 -85 704.529 0.382683 0.92388 0 0 0 1 0.92388 -0.382683 0 pang2x4i.dat
1 0 -31.129 -85 744.546 0.382683 0.92388 0 0 0 1 0.92388 -0.382683 0 placlin2.dat
1 0 -50.263 -85 698.352 0.382683 0.92388 0 0 0 1 0.92388 -0.382683 0 bald3.dat
1 0 39.086 -85 715.463 0.382683 -0.92388 0 0 0 -1 0.92388 0.382683 0 placlin2.dat
1 0 19.953 -85 669.268 0.382683 -0.92388 0 0 0 -1 0.92388 0.382683 0 bald3.dat
1 0 7.806 -107 739.243 0.92388 0 0.382683 0 1 0 -0.382683 0 0.92388 bald3.dat
1 0 -19.91 -95 750.724 0 0.92388 -0.382683 1 0 0 0 -0.382683 -0.92388 tejls2x1.dat
1 0 35.522 -95 727.762 0 -0.92388 0.382683 1 0 0 0 0.382683 0.92388 tejls2x1.dat
1 0 -8.376 -95 752.44 0 -0.382683 -0.92388 1 0 0 0 -0.92388 0.382683 tejls2x1.dat
1 0 10.102 -95 744.787 0 -0.382683 -0.92388 1 0 0 0 -0.92388 0.382683 tejls2x1.dat
1 0 28.579 -95 737.133 0 -0.382683 -0.92388 1 0 0 0 -0.92388 0.382683 tejls2x1.dat
1 0 16.388 -85 681.569 0.382683 -0.92388 0 0 0 -1 0.92388 0.382683 0 pang2x4d.dat
1 0 -10.429 -86.583 695.219 0.92388 0.376576 0.0680962 0 0.177944 -0.984041 -0.382683 0.909135 0.164399 placa3.dat
1 0 5.036 -88.007 680.292 0.92388 0.376576 0.0680962 0 0.177944 -0.984041 -0.382683 0.909135 0.164399 laser.dat
1 0 -13.443 -88.007 687.946 0.92388 0.376576 0.0680962 0 0.177944 -0.984041 -0.382683 0.909135 0.164399 laser.dat
1 0 -31.92 -88.007 695.6 0.92388 0.376576 0.0680962 0 0.177944 -0.984041 -0.382683 0.909135 0.164399 laser.dat
1 0 -6.736 -95 704.135 0.92388 0.376576 0.0680962 0 0.177944 -0.984041 -0.382683 0.909135 0.164399 bispqarr.dat
1 0 -6.736 -95 704.135 0.92388 0.382683 0 0 0 -1 -0.382683 0.92388 0 bispqaba.dat
1 0 3.925 -85 756.004 0.382683 0.92388 0 0 0 1 0.92388 -0.382683 0 helillnt.dat
1 0 22.402 -85 748.351 0.382683 0.92388 0 0 0 1 0.92388 -0.382683 0 helillnt.dat
1 0 40.88 -85 740.697 0.382683 0.92388 0 0 0 1 0.92388 -0.382683 0 helillnt.dat
1 0 -16.083 -75 759.962 -0.382683 0 0.92388 0 1 0 -0.92388 0 -0.382683 enganch2.dat
1 0 -31.391 -99 723.007 0.92388 0 0.382683 0 1 0 -0.382683 0 0.92388 placa2x3.dat
1 0 -3.674 -99 711.526 0.382683 0 -0.92388 0 1 0 0.92388 0 0.382683 placurd2.dat
1 0 -22.152 -99 719.18 0.382683 0 -0.92388 0 1 0 0.92388 0 0.382683 placurd2.dat
1 0 14.803 -99 703.873 0.382683 0 -0.92388 0 1 0 0.92388 0 0.382683 placurd2.dat
1 0 20.872 -75 744.655 -0.92388 0 -0.382683 0 1 0 0.382683 0 -0.92388 enganch2.dat
1 0 -12.913 -75 715.353 0.92388 0 0.382683 0 1 0 -0.382683 0 0.92388 enganch2.dat
1 0 31.696 -75 718.523 0.382683 0 -0.92388 0 1 0 0.92388 0 0.382683 enganch2.dat
1 0 -23.737 -75 741.485 -0.382683 0 0.92388 0 1 0 -0.92388 0 -0.382683 enganch2.dat
1 0 24.042 -75 700.046 0.382683 0 -0.92388 0 1 0 0.92388 0 0.382683 enganch2.dat
1 0 -16.083 -101.001 860.037 -0.382683 0.92388 0 0 0 1 0.92388 0.382683 0 pang2x4i.dat
1 0 -38.781 -101 893.93 -0.382683 0.92388 0 0 0 1 0.92388 0.382683 0 placlin2.dat
1 0 -19.648 -101.001 847.738 -0.382683 0.92388 0 0 0 1 0.92388 0.382683 0 bald3.dat
1 0 31.432 -101 923.015 -0.382683 -0.92388 0 0 0 -1 0.92388 -0.382683 0 placlin2.dat
1 0 50.567 -101.001 876.823 -0.382683 -0.92388 0 0 0 -1 0.92388 -0.382683 0 bald3.dat
1 0 -7.501 -123 917.711 0.92388 0 -0.382683 0 1 0 0.382683 0 0.92388 bald3.dat
1 0 -35.218 -111 906.232 0 0.92388 0.382683 1 0 0 0 0.382683 -0.92388 tejls2x1.dat
1 0 20.215 -111 929.192 0 -0.92388 -0.382683 1 0 0 0 -0.382683 0.92388 tejls2x1.dat
1 0 -28.275 -111 915.601 0 0.382683 -0.92388 1 0 0 0 -0.92388 -0.382683 tejls2x1.dat
1 0 -9.798 -111 923.254 0 0.382683 -0.92388 1 0 0 0 -0.92388 -0.382683 tejls2x1.dat
1 0 8.679 -111 930.909 0 0.382683 -0.92388 1 0 0 0 -0.92388 -0.382683 tejls2x1.dat
1 0 39.35 -101.001 882.998 -0.382683 -0.92388 0 0 0 -1 0.92388 -0.382683 0 pang2x4d.dat
1 0 11.099 -103.822 872.808 0.92388 -0.36547 -0.113482 0 0.296542 -0.95502 0.382683 0.882324 0.273969 placa3.dat
1 0 32.5 -106.195 873.401 0.92388 -0.36547 -0.113482 0 0.296542 -0.95502 0.382683 0.882324 0.273969 laser.dat
1 0 14.022 -106.195 865.748 0.92388 -0.36547 -0.113482 0 0.296542 -0.95502 0.382683 0.882324 0.273969 laser.dat
1 0 -4.454 -106.195 858.093 0.92388 -0.36547 -0.113482 0 0.296542 -0.95502 0.382683 0.882324 0.273969 laser.dat
1 0 7.04 -111 882.604 0.92388 -0.36547 -0.113482 0 0.296542 -0.95502 0.382683 0.882324 0.273969 bispqarr.dat
1 0 7.04 -111 882.604 0.92388 -0.382683 0 0 0 -1 0.382683 0.92388 0 bispqaba.dat
1 0 -22.097 -101.001 926.819 -0.382683 0.92388 0 0 0 1 0.92388 0.382683 0 helillnt.dat
1 0 -3.62 -101.001 934.472 -0.382683 0.92388 0 0 0 1 0.92388 0.382683 0 helillnt.dat
1 0 14.858 -101.001 942.126 -0.382683 0.92388 0 0 0 1 0.92388 0.382683 0 helillnt.dat
1 0 -39.044 -90.999 915.468 0.382683 0 0.92388 0 1 0 -0.92388 0 0.382683 enganch2.dat
1 0 -23.737 -115 878.515 0.92388 0 -0.382683 0 1 0 0.382683 0 0.92388 placa2x3.dat
1 0 3.98 -115 889.996 -0.382683 0 -0.92388 0 1 0 0.92388 0 -0.382683 placurd2.dat
1 0 -14.498 -115 882.342 -0.382683 0 -0.92388 0 1 0 0.92388 0 -0.382683 placurd2.dat
1 0 22.457 -115 897.65 -0.382683 0 -0.92388 0 1 0 0.92388 0 -0.382683 placurd2.dat
1 0 -2.089 -90.999 930.777 -0.92388 0 0.382683 0 1 0 -0.382683 0 -0.92388 enganch2.dat
1 0 -5.26 -91 886.169 0.92388 0 -0.382683 0 1 0 0.382683 0 0.92388 enganch2.dat
1 0 24.042 -90.999 919.955 -0.382683 0 -0.92388 0 1 0 0.92388 0 -0.382683 enganch2.dat
1 0 -31.391 -90.999 896.994 0.382683 0 0.92388 0 1 0 -0.92388 0 0.382683 enganch2.dat
1 0 31.696 -91 901.477 -0.382683 0 -0.92388 0 1 0 0.92388 0 -0.382683 enganch2.dat
1 0 -41.275 -117 1072.83 0.55557 0.83147 0 0 0 1 0.83147 -0.55557 0 pang2x4i.dat
1 0 -25.704 -117 1110.54 0.55557 0.83147 0 0 0 1 0.83147 -0.55557 0 placlin2.dat
1 0 -53.482 -117 1068.96 0.55557 0.83147 0 0 0 1 0.83147 -0.55557 0 bald3.dat
1 0 37.488 -117 1068.32 0.55557 -0.83147 0 0 0 -1 0.83147 0.55557 0 placlin2.dat
1 0 9.711 -117 1026.74 0.55557 -0.83147 0 0 0 -1 0.83147 0.55557 0 bald3.dat
1 0 11.449 -139 1097.74 0.83147 0 0.55557 0 1 0 -0.55557 0 0.83147 bald3.dat
1 0 -13.495 -127 1114.41 0 0.83147 -0.55557 1 0 0 0 -0.55557 -0.83147 tejls2x1.dat
1 0 36.392 -127 1081.07 0 -0.83147 0.55557 1 0 0 0 0.55557 0.83147 tejls2x1.dat
1 0 -1.848 -127 1113.84 0 -0.55557 -0.83147 1 0 0 0 -0.83147 0.55557 tejls2x1.dat
1 0 14.782 -127 1102.73 0 -0.55557 -0.83147 1 0 0 0 -0.83147 0.55557 tejls2x1.dat
1 0 31.411 -127 1091.62 0 -0.55557 -0.83147 1 0 0 0 -0.83147 0.55557 tejls2x1.dat
1 0 8.614 -117 1039.5 0.55557 -0.83147 0 0 0 -1 0.83147 0.55557 0 pang2x4d.dat
1 0 -15.025 -118.583 1058.12 0.83147 0.546704 0.0988604 0 0.177944 -0.984041 -0.55557 0.8182 0.147955 placa3.dat
1 0 -2.767 -120.007 1040.47 0.83147 0.546704 0.0988604 0 0.177944 -0.984041 -0.55557 0.8182 0.147955 laser.dat
1 0 -19.397 -120.007 1051.58 0.83147 0.546704 0.0988604 0 0.177944 -0.984041 -0.55557 0.8182 0.147955 laser.dat
1 0 -36.026 -120.007 1062.69 0.83147 0.546704 0.0988604 0 0.177944 -0.984041 -0.55557 0.8182 0.147955 laser.dat
1 0 -9.663 -127 1066.14 0.83147 0.546704 0.0988604 0 0.177944 -0.984041 -0.55557 0.8182 0.147955 bispqarr.dat
1 0 -9.663 -127 1066.14 0.83147 0.55557 0 0 0 -1 -0.55557 0.83147 0 bispqaba.dat
1 0 10.912 -117 1114.94 0.55557 0.83147 0 0 0 1 0.83147 -0.55557 0 helillnt.dat
1 0 27.541 -117 1103.83 0.55557 0.83147 0 0 0 1 0.83147 -0.55557 0 helillnt.dat
1 0 44.171 -117 1092.71 0.55557 0.83147 0 0 0 1 0.83147 -0.55557 0 helillnt.dat
1 0 -7.939 -107 1122.72 -0.55557 0 0.83147 0 1 0 -0.83147 0 -0.55557 enganch2.dat
1 0 -30.163 -131 1089.46 0.83147 0 0.55557 0 1 0 -0.55557 0 0.83147 placa2x3.dat
1 0 -5.218 -131 1072.8 0.55557 0 -0.83147 0 1 0 0.83147 0 0.55557 placurd2.dat
1 0 -21.848 -131 1083.91 0.55557 0 -0.83147 0 1 0 0.83147 0 0.55557 placurd2.dat
1 0 11.411 -131 1061.68 0.55557 0 -0.83147 0 1 0 0.83147 0 0.55557 placurd2.dat
1 0 25.319 -107 1100.5 -0.83147 0 -0.55557 0 1 0 0.55557 0 -0.83147 enganch2.dat
1 0 -13.533 -107 1078.35 0.83147 0 0.55557 0 1 0 -0.55557 0 0.83147 enganch2.dat
1 0 30.837 -107 1072.76 0.55557 0 -0.83147 0 1 0 0.83147 0 0.55557 enganch2.dat
1 0 -19.051 -107 1106.09 -0.55557 0 0.83147 0 1 0 -0.83147 0 -0.55557 enganch2.dat
1 0 19.726 -107 1056.13 0.55557 0 -0.83147 0 1 0 0.83147 0 0.55557 enganch2.dat
1 0 40 -20 680 0 0 -1 0 1 0 1 0 0 jacen2x8.dat
1 0 0 -20 840 0 0 -1 0 1 0 1 0 0 jacen2x8.dat
1 0 40 -20 840 0 0 -1 0 1 0 1 0 0 jacen2x8.dat
1 0 20 4 840 0 0 -1 0 1 0 1 0 0 jacen2x8.dat
1 0 20 28 840 0 0 -1 0 1 0 1 0 0 jacen2x8.dat
1 0 20 52 840 0 0 -1 0 1 0 1 0 0 jacen2x8.dat
1 0 20 76 840 0 0 -1 0 1 0 1 0 0 jacen2x8.dat
1 0 -40 52 700 1 0 0 0 1 0 0 0 1 jacen2x4.dat
1 0 -20 76 700 1 0 0 0 1 0 0 0 1 jacen2x2.dat
1 0 -20 100 700 1 0 0 0 1 0 0 0 1 jacen2x2.dat
1 0 0 60 520 0 0 1 0 1 0 -1 0 0 plac2x10.dat
1 0 -40 100 560 0 0 -1 0 1 0 1 0 0 cuna.dat
1 0 -30 100 520 0 0 -1 0 1 0 1 0 0 jacen2x2.dat
1 0 0 124 520 -1 0 0 0 1 0 0 0 -1 quilla.dat
1 0 0 124 840 -1 0 0 0 1 0 0 0 -1 quilla.dat
1 0 0 68 1420 -1 0 0 0 1 0 0 0 -1 quilla.dat
1 0 0 68 1580 -1 0 0 0 1 0 0 0 -1 popa6qui.dat
1 0 20 116 580 0 0 -1 0 1 0 1 0 0 placa2x2.dat
1 0 40 124 520 0 0 -1 0 1 0 1 0 0 placa4x8.dat
1 0 20 116 620 0 0 -1 0 1 0 1 0 0 placa2x3.dat
1 0 20 116 760 0 0 -1 0 1 0 1 0 0 placa2x8.dat
1 0 20 116 960 0 0 -1 0 1 0 1 0 0 placa2x2.dat
1 0 20 84 960 0 0 -1 0 1 0 1 0 0 placa2x8.dat
1 0 40 -44 980 0 0 -1 0 1 0 1 0 0 placa4x8.dat
1 0 40 -44 1240 0 0 -1 0 1 0 1 0 0 placa4x6.dat
1 0 20 -44 1360 0 0 -1 0 1 0 1 0 0 placa2x8.dat
1 0 40 -36 1380 0 0 -1 0 1 0 1 0 0 placa4x6.dat
1 0 -20 -44 1420 0 0 -1 0 1 0 1 0 0 placa4.dat
1 0 -30 -44 1390 0 0 -1 0 1 0 1 0 0 bald3.dat
1 0 0 -44 1140 0 0 -1 0 1 0 1 0 0 placa2x3.dat
1 0 0 -44 1200 0 0 -1 0 1 0 1 0 0 placa2x2.dat
1 0 40 -52 1000 0 0 -1 0 1 0 1 0 0 placa2x2.dat
1 0 0 -52 1000 0 0 -1 0 1 0 1 0 0 placa2x2.dat
1 0 0 -52 1040 0 0 -1 0 1 0 1 0 0 jacen2x4.dat
1 0 -40 -93 1240 0 1 0 -1 0 0 0 0 1 alfaturb.dat
1 0 -56 -93 1240 0 1 0 0 0 1 1 0 0 bald2.dat
1 0 -48 -92 1300 0 1 0 1 0 0 0 0 -1 baldgord.dat
1 0 -40 -92 1300 0 1 0 1 0 0 0 0 -1 placa2x2.dat
1 0 40 -52 1040 0 0 -1 0 1 0 1 0 0 jacen2x4.dat
1 0 20 -52 1120 0 0 -1 0 1 0 1 0 0 jacen2x8.dat
1 0 40 -60 1040 -1 0 0 0 1 0 0 0 -1 placa4.dat
1 0 -80 8 1140 0 1 0 0 0 1 1 0 0 plac2x10.dat
1 0 -88 -12 1180 0 1 0 0 0 1 1 0 0 bald2x2.dat
1 0 -88 -12 1060 0 1 0 0 0 1 1 0 0 bald2x2.dat
1 0 -88 18 1140 0 1 0 0 0 1 1 0 0 bald4.dat
1 0 -80 -2 1040 0 1 0 0 0 1 1 0 0 placurd2.dat
1 0 -80 18 1040 0 1 0 0 0 1 1 0 0 placurd2.dat
1 0 -80 18 1240 0 1 0 0 0 -1 -1 0 0 placurd2.dat
1 0 -40 -62 1140 0 1 0 0 0 -1 -1 0 0 placlin2.dat
1 0 -60 -100 1540 0 1 0 1 0 0 0 0 -1 alfaplac.dat
1 0 -60 -70 1560 0 1 0 0 0 -1 -1 0 0 placadl2.dat
1 6 -52 -220 1600 0 1 0 0 0 1 1 0 0 bald1.dat
1 6 -52 -200 1680 0 1 0 0 0 1 1 0 0 baldc2.dat
1 6 -52 -160 1680 0 1 0 0 0 1 1 0 0 baldc2.dat
1 6 -52 -120 1680 0 1 0 0 0 1 1 0 0 baldc2.dat
1 6 -52 -120 1700 0 1 0 0 0 1 1 0 0 baldc2x2.dat
1 6 -52 -180 1740 0 1 0 0 0 1 1 0 0 baldc2x2.dat
1 6 -52 -200 1780 0 1 0 1 0 0 0 0 -1 baldc2.dat
1 6 -52 -180 1700 0 1 0 0 0 1 1 0 0 placa2x2.dat
1 46 -60 -180 1700 0 1 0 0 0 1 1 0 0 bald2.dat
1 46 -60 -180 1720 0 1 0 0 0 1 1 0 0 bald2.dat
1 46 -60 -150 1670 0 1 0 1 0 0 0 0 -1 bald3.dat
1 46 -60 -150 1650 0 1 0 1 0 0 0 0 -1 bald3.dat
1 46 -60 -150 1630 0 1 0 1 0 0 0 0 -1 bald3.dat
1 6 -52 -180 1660 0 1 0 1 0 0 0 0 -1 placa2x3.dat
1 6 -52 -150 1670 0 1 0 1 0 0 0 0 -1 placa3.dat
1 6 -52 -100 1680 0 1 0 1 0 0 0 0 -1 baldc2.dat
1 6 -52 -100 1640 0 1 0 1 0 0 0 0 -1 baldc2.dat
1 6 -52 -100 1600 0 1 0 1 0 0 0 0 -1 baldc1.dat
1 6 -52 -200 1620 0 1 0 1 0 0 0 0 -1 baldc1.dat
1 0 -60 -90 1560 0 1 0 0 0 -1 -1 0 0 placadl2.dat
1 6 -44 -60 1740 0 1 0 0 0 -1 -1 0 0 placa4x8.dat
1 6 -60 -140 1740 1 0 0 0 0 1 0 -1 0 placa4x6.dat
1 6 -40 -80 1748 0 0 1 -1 0 0 0 -1 0 placa2x3.dat
1 6 0 -80 1748 0 0 1 -1 0 0 0 -1 0 placa2x3.dat
1 6 -60 -60 1748 0 0 1 -1 0 0 0 -1 0 placa4.dat
1 6 -40 -120 1772 0 0 1 -1 0 0 0 -1 0 placa2x3.dat
1 6 0 -120 1772 0 0 1 -1 0 0 0 -1 0 placa2x3.dat
1 6 -40 -120 1764 0 0 1 -1 0 0 0 -1 0 placa2x3.dat
1 6 0 -120 1764 0 0 1 -1 0 0 0 -1 0 placa2x3.dat
1 0 40 -140 1740 -1 0 0 0 0 -1 0 -1 0 jacena4.dat
1 6 20 -220 1788 1 0 0 0 0 1 0 -1 0 placa2x2.dat
1 6 -60 -220 1788 1 0 0 0 0 1 0 -1 0 placa2x2.dat
1 6 -20 -200 1788 1 0 0 0 0 1 0 -1 0 placa2.dat
1 6 0 -200 1780 1 0 0 0 0 1 0 -1 0 placa2x2.dat
1 6 -40 -200 1780 1 0 0 0 0 1 0 -1 0 placa2x2.dat
1 6 -40 -220 1796 1 0 0 0 0 1 0 -1 0 placa1.dat
1 6 20 -220 1796 1 0 0 0 0 1 0 -1 0 placa1.dat
1 6 -40 -220 1780 0 0 -1 1 0 0 0 -1 0 placa4.dat
1 6 -60 -100 1756 1 0 0 0 0 1 0 -1 0 placa1.dat
1 6 -60 -140 1772 1 0 0 0 0 1 0 -1 0 placa1.dat
1 6 -60 -180 1788 1 0 0 0 0 1 0 -1 0 placa1.dat
1 6 -40 -140 1764 0 0 -1 1 0 0 0 -1 0 placa2.dat
1 6 -40 -220 1796 0 0 -1 1 0 0 0 -1 0 placa2.dat
1 6 -40 -240 1804 0 0 -1 1 0 0 0 -1 0 placa2.dat
1 14 -60 -220 1812 0 0 1 -1 0 0 0 -1 0 pistola.dat
1 6 -40 -140 1756 0 0 -1 1 0 0 0 -1 0 placa2.dat
1 6 0 -140 1756 1 0 0 0 0 1 0 -1 0 placa2x2.dat
1 6 -40 -140 1756 1 0 0 0 0 1 0 -1 0 placa2x2.dat
1 6 0 -70 1748 0 0 1 -1 0 0 0 -1 0 cunad4.dat
1 6 -50 -70 1756 0 0 1 -1 0 0 0 -1 0 cunad1.dat
1 6 -50 -90 1764 0 0 1 -1 0 0 0 -1 0 cunad1.dat
1 6 -50 -110 1772 0 0 1 -1 0 0 0 -1 0 cunad1.dat
1 6 -50 -130 1780 0 0 1 -1 0 0 0 -1 0 cunad1.dat
1 6 -50 -150 1788 0 0 1 -1 0 0 0 -1 0 cunad1.dat
1 6 -50 -170 1796 0 0 1 -1 0 0 0 -1 0 cunad1.dat
1 6 -50 -190 1804 0 0 1 -1 0 0 0 -1 0 cunad1.dat
1 6 -50 -210 1812 0 0 1 -1 0 0 0 -1 0 cunad1.dat
1 6 0 -90 1756 0 0 1 -1 0 0 0 -1 0 cunad4.dat
1 6 0 -110 1764 0 0 1 -1 0 0 0 -1 0 cunad4.dat
1 6 -20 -130 1780 -1 0 0 0 0 -1 0 -1 0 pastilla.dat
1 6 20 -130 1780 -1 0 0 0 0 -1 0 -1 0 pastilla.dat
1 6 0 -150 1780 0 0 1 -1 0 0 0 -1 0 cunad4.dat
1 6 0 -170 1788 0 0 1 -1 0 0 0 -1 0 cunad4.dat
1 6 0 -190 1796 0 0 1 -1 0 0 0 -1 0 cunad4.dat
1 6 0 -210 1804 0 0 1 -1 0 0 0 -1 0 cunad4.dat
1 6 -44 -140 1780 0 1 0 0 0 -1 -1 0 0 placa4x8.dat
1 0 -36 -120 1740 0 1 0 0 0 -1 -1 0 0 placa2x2.dat
1 0 -52 -130 1720 0 1 0 -1 0 0 0 0 1 cunad2.dat
1 0 -52 -190 1720 0 1 0 1 0 0 0 0 -1 cunad2.dat
1 0 -52 -190 1660 0 1 0 1 0 0 0 0 -1 cunad2.dat
1 0 -52 -190 1630 0 1 0 1 0 0 0 0 -1 cunad1.dat
1 0 -52 -110 1660 0 1 0 -1 0 0 0 0 1 cunad2.dat
1 0 -52 -110 1630 0 1 0 -1 0 0 0 0 1 cunad1.dat
1 6 -52 -210 1640 0 1 0 0 0 -1 -1 0 0 pastilla.dat
1 6 -52 -70 1600 0 1 0 0 0 -1 -1 0 0 pastilla.dat
1 6 -52 -70 1640 0 1 0 0 0 -1 -1 0 0 pastilla.dat
1 6 -52 -70 1680 0 1 0 0 0 -1 -1 0 0 pastilla.dat
1 6 -52 -70 1720 0 1 0 0 0 -1 -1 0 0 pastilla.dat
1 6 -52 -210 1680 0 1 0 0 0 -1 -1 0 0 pastilla.dat
1 6 -52 -210 1720 0 1 0 0 0 -1 -1 0 0 pastilla.dat
1 6 -52 -210 1760 0 1 0 0 0 -1 -1 0 0 pastilla.dat
1 6 -44 -60 1540 0 1 0 -1 0 0 0 0 1 placa2x3.dat
1 0 -52 -60 1540 0 1 0 -1 0 0 0 0 1 placa2x2.dat
1 0 -20 -120 1620 0 1 0 0 0 1 1 0 0 jacena4.dat
1 0 -20 -60 1560 0 1 0 0 0 1 1 0 0 jacena6.dat
1 0 -20 -160 1640 0 1 0 0 0 1 1 0 0 jacena2.dat
1 6 -52 -100 1620 0 1 0 0 0 -1 -1 0 0 baldc4in.dat
1 0 -50 -52 1660 0 1 0 0 0 1 1 0 0 baldc4in.dat
1 0 -40 34 1640 0 1 0 0 0 -1 -1 0 0 placurd2.dat
1 0 -40 24 1640 0 1 0 1 0 0 0 0 -1 pesqn2x2.dat
1 0 -48 4 1660 0 1 0 1 0 0 0 0 -1 bald2.dat
1 6 -44 -180 1610 0 1 0 1 0 0 0 0 -1 pang2x4d.dat
1 0 -88 -2 1120 0 1 0 0 0 -1 -1 0 0 pastilla.dat
1 0 -88 -2 1160 0 1 0 0 0 -1 -1 0 0 pastilla.dat
1 0 -80 -2 1240 0 1 0 0 0 -1 -1 0 0 placurd2.dat
1 0 -20 108 800 0 0 1 0 1 0 -1 0 0 paracq21.dat
1 0 20 108 800 0 0 -1 0 1 0 1 0 0 paracq21.dat
1 0 20 124 800 0 0 -1 0 1 0 1 0 0 placa2x2.dat
1 0 20 124 840 0 0 -1 0 1 0 1 0 0 placa2x8.dat
1 0 20 108 960 0 0 -1 0 1 0 1 0 0 jacen2x8.dat
1 0 -20 108 1000 0 0 -1 0 1 0 1 0 0 jacen2x8.dat
1 0 60 108 1000 0 0 -1 0 1 0 1 0 0 jacen2x8.dat
1 0 -110 84 1080 1 0 0 0 1 0 0 0 1 cunad8.dat
1 0 0 -68 1030 0 0 -1 0 1 0 1 0 0 cunad4.dat
1 0 0 -60 1010 0 0 -1 0 1 0 1 0 0 cunad4.dat
1 0 0 -52 990 0 0 -1 0 1 0 1 0 0 cunad4.dat
1 0 0 -100 1230 0 0 -1 0 1 0 1 0 0 cunad2.dat
1 0 0 -108 1250 0 0 -1 0 1 0 1 0 0 cunad2.dat
1 0 -20 -100 1240 1 0 0 0 1 0 0 0 1 placa2.dat
1 0 0 -76 1200 1 0 0 0 1 0 0 0 1 pico.dat
1 0 -40 -76 1200 1 0 0 0 1 0 0 0 1 pico.dat
1 0 20 -124 1280 1 0 0 0 1 0 0 0 1 alfapico.dat
1 0 -20 -148 1300 1 0 0 0 1 0 0 0 1 pico.dat
1 0 0 -188 1320 1 0 0 0 1 0 0 0 1 picoesq.dat
1 0 0 -188 1320 0 0 1 0 1 0 -1 0 0 picoesq.dat
1 0 -20 -188 1320 1 0 0 0 1 0 0 0 1 cuna.dat
1 0 20 -212 1320 0 0 -1 0 1 0 1 0 0 bald2.dat
1 0 20 -212 1360 -1 0 0 0 1 0 0 0 -1 placa2.dat
1 0 10 -244 1340 0 0 -1 0 1 0 1 0 0 tejls2x1.dat
1 0 -10 -244 1340 0 0 -1 0 1 0 1 0 0 tejls2x1.dat
1 0 0 -252 1350 0 0 -1 0 1 0 1 0 0 plac2m.dat
1 0 20 -276 1360 -1 0 0 0 1 0 0 0 -1 placa2.dat
1 0 0 -284 1360 -1 0 0 0 1 0 0 0 -1 pistola.dat
1 0 0 -284 1340 1 0 0 0 1 0 0 0 1 pistola.dat
1 0 40 -298 1350 0 -1 0 -0.707107 0 0.707107 -0.707107 0 -0.707107 amortigu.dat
1 0 -40 -298 1350 0 1 0 -0.707107 0 -0.707107 -0.707107 0 0.707107 amortigu.dat
1 0 -64 -312.142 1350 0 1 0 0.707107 0 -0.707107 -0.707107 0 -0.707107 picoesq.dat
1 0 64 -312.143 1350 0 -1 0 0.707107 0 -0.707107 0.707107 0 0.707107 picoesq.dat
1 0 0 -260 1360 0 0 -1 -1 0 0 0 1 0 helillnt.dat
1 0 -20 -220 1340 1 0 0 0 1 0 0 0 1 enganch2.dat
1 0 0 -220 1340 1 0 0 0 1 0 0 0 1 enganch2.dat
1 0 20 -220 1332 -1 0 0 0 0 1 0 1 0 pico.dat
1 0 -40 -220 1340 1 0 0 0 0 -1 0 1 0 placa4.dat
1 0 -29 -230 1332 1 0 0 0 0 -1 0 1 0 chimenea.dat
1 0 31 -230 1332 -1 0 0 0 0 1 0 1 0 chimenea.dat
1 0 50 -230 1340 -1 0 0 0 0 1 0 1 0 placacil.dat
1 0 -50 -230 1340 -1 0 0 0 0 1 0 1 0 placacil.dat
1 0 -30 -230 1348 -1 0 0 0 0 1 0 1 0 chimplac.dat
1 0 50 -230 1348 -1 0 0 0 0 1 0 1 0 chimplac.dat
1 0 -20 -124 1280 1 0 0 0 1 0 0 0 1 jacen2x2.dat
1 0 -20 -148 1340 0 0 1 0 1 0 -1 0 0 enganch2.dat
1 0 -20 -148 1320 0 0 1 0 1 0 -1 0 0 enganch2.dat
1 0 -20 -168 1310 0 1 0 1 0 0 0 0 -1 chimcua2.dat
1 0 -20 -168 1330 0 1 0 1 0 0 0 0 -1 chimcua2.dat
1 0 20 -148 1300 0 0 -1 0 1 0 1 0 0 enganch2.dat
1 0 20 -172 1300 0 0 -1 0 1 0 1 0 0 placa2x2.dat
1 0 20 -180 1340 -1 0 0 0 1 0 0 0 -1 placa2.dat
1 0 -20 -180 1320 0 0 1 0 1 0 -1 0 0 remate_2.dat
1 0 20 -148 1320 0 0 -1 0 1 0 1 0 0 enganch2.dat
1 0 20 -168 1310 0 -1 0 1 0 0 0 0 1 chimcua2.dat
1 0 20 -168 1330 0 -1 0 1 0 0 0 0 1 chimcua2.dat
1 0 0 -124 1320 0 0 1 0 1 0 -1 0 0 aduanasp.dat
1 0 -20 -124 1320 0 0 1 0 1 0 -1 0 0 aduanasp.dat
1 0 0 -148 1345 1 0 0 0 1 0 0 0 1 eje45.dat
1 0 0 -44 970 0 0 -1 0 1 0 1 0 0 cunad4.dat
1 0 -110 84 1244 1 0 0 0 1 0 0 0 1 cunad6.dat
1 0 -20 -72 1370 0 1 0 0 0 -1 -1 0 0 cunad2.dat
1 0 80 172 1180 0 0 -1 0 -1 0 -1 0 0 tobergal.dat
1 0 20 172 1180 0 0 -1 0 -1 0 -1 0 0 tobergal.dat
1 0 -20 108 1180 0 0 1 0 1 0 -1 0 0 tobergal.dat
1 0 -80 108 1180 0 0 1 0 1 0 -1 0 0 tobergal.dat
1 0 -40 148 1180 0 0 -1 0 -1 0 -1 0 0 tobergal.dat
1 0 -140 84 1180 0 0 1 0 1 0 -1 0 0 tobergal.dat
1 0 140 148 1180 0 0 -1 0 -1 0 -1 0 0 tobergal.dat
1 0 90 92 1150 0 0 -1 0 -1 0 -1 0 0 tuboruta.dat
1 0 90 92 1110 0 0 -1 0 -1 0 -1 0 0 tuboruta.dat
1 0 90 92 1070 0 0 -1 0 -1 0 -1 0 0 tuboruta.dat
1 0 30 120 1150 0 0 -1 0 -1 0 -1 0 0 tuboruta.dat
1 0 30 120 1110 0 0 -1 0 -1 0 -1 0 0 tuboruta.dat
1 0 30 120 1070 0 0 -1 0 -1 0 -1 0 0 tuboruta.dat
1 0 -30 120 1150 0 0 -1 0 -1 0 -1 0 0 tuboruta.dat
1 0 -30 120 1110 0 0 -1 0 -1 0 -1 0 0 tuboruta.dat
1 0 -30 120 1070 0 0 -1 0 -1 0 -1 0 0 tuboruta.dat
1 0 -90 92 1150 0 0 -1 0 -1 0 -1 0 0 tuboruta.dat
1 0 -90 92 1110 0 0 -1 0 -1 0 -1 0 0 tuboruta.dat
1 0 -90 92 1070 0 0 -1 0 -1 0 -1 0 0 tuboruta.dat
1 0 40 84 1180 0 0 1 0 1 0 -1 0 0 tobergal.dat
1 0 20 124 760 0 0 -1 0 1 0 1 0 0 placa2x2.dat
1 0 0 108 820 0 0 -1 0 1 0 1 0 0 placa2x2.dat
1 0 40 108 820 0 0 -1 0 1 0 1 0 0 placa2x2.dat
1 0 40 108 660 0 0 -1 0 1 0 1 0 0 placa4x8.dat
1 0 -10 116 730 0 0 -1 0 1 0 1 0 0 placa3m.dat
1 0 10 116 730 0 0 -1 0 1 0 1 0 0 placa3m.dat
1 0 20 124 760 0 0 -1 0 -1 0 -1 0 0 placa2x2.dat
1 0 20 116 760 0 0 -1 0 -1 0 -1 0 0 placa2x2.dat
1 0 40 108 720 0 0 -1 0 -1 0 -1 0 0 placa2.dat
1 0 -20 108 720 0 0 -1 0 -1 0 -1 0 0 placa2.dat
1 0 -20 108 700 1 0 0 0 -1 0 0 0 -1 placa2.dat
1 0 -40 116 680 0 0 1 0 -1 0 1 0 0 baldgord.dat
1 0 40 116 720 0 0 -1 0 -1 0 -1 0 0 baldgord.dat
1 0 20 108 520 1 0 0 0 1 0 0 0 1 bisnraba.dat
1 0 20 108 520 1 0 0 0 1 0 0 0 1 bisnreje.dat
1 0 -20 108 520 1 0 0 0 1 0 0 0 1 bisnreje.dat
1 0 20 108 520 1 0 0 0 -1 0 0 0 -1 bisnrarr.dat
1 0 -20 108 520 1 0 0 0 1 0 0 0 1 bisnraba.dat
1 0 -20 108 520 1 0 0 0 -1 0 0 0 -1 bisnrarr.dat
1 0 -30 76 560 -1 0 0 0 1 0 0 0 -1 placa2.dat
1 0 -30 68 560 -1 0 0 0 1 0 0 0 -1 placa2.dat
1 0 -40 100 600 0 0 -1 0 1 0 1 0 0 cuna.dat
1 0 -40 100 640 0 0 -1 0 1 0 1 0 0 cuna.dat
1 0 -40 100 840 0 0 -1 0 1 0 1 0 0 cuna.dat
1 0 -40 100 880 0 0 -1 0 1 0 1 0 0 cuna.dat
1 0 -40 100 960 0 0 -1 0 1 0 1 0 0 cuna.dat
1 0 -120 108 1240 1 0 0 0 1 0 0 0 1 cuna.dat
1 0 -80 108 1260 1 0 0 0 1 0 0 0 1 cuna.dat
1 0 -40 108 1260 1 0 0 0 1 0 0 0 1 cuna.dat
1 0 -20 84 1260 1 0 0 0 1 0 0 0 1 placa2x2.dat
1 0 -40 76 1260 1 0 0 0 1 0 0 0 1 placa4.dat
1 0 -80 108 1180 0 0 -1 0 1 0 1 0 0 jacen2x3.dat
1 0 -40 132 1220 -1 0 0 0 1 0 0 0 -1 jacen2x3.dat
1 0 40 132 1220 -1 0 0 0 1 0 0 0 -1 jacen2x4.dat
1 0 -100 132 1220 0 0 1 0 1 0 -1 0 0 alfajacn.dat
1 0 -120 132 1220 1 0 0 0 1 0 0 0 1 cuna.dat
1 0 -60 156 1180 1 0 0 0 1 0 0 0 1 cuna.dat
1 0 -20 156 1180 1 0 0 0 1 0 0 0 1 cuna.dat
1 0 -30 164 1190 1 0 0 0 1 0 0 0 1 placa3.dat
1 0 -40 100 920 0 0 -1 0 1 0 1 0 0 cuna.dat
1 0 -50 52 380 0 0 -1 0 1 0 1 0 0 jacena6.dat
1 0 -60 76 560 0 0 -1 0 1 0 1 0 0 jacena14.dat
1 0 -30 60 540 -1 0 0 0 1 0 0 0 -1 pico.dat
1 0 -60 76 560 0 0 -1 0 1 0 1 0 0 jacena6.dat
1 0 -50 76 420 0 0 -1 0 1 0 1 0 0 jacena6.dat
1 0 -40 52 580 -1 0 0 0 1 0 0 0 -1 cuna.dat
1 0 -40 52 620 0 0 -1 0 1 0 1 0 0 jacen2x8.dat
1 0 -40 76 840 0 0 -1 0 1 0 1 0 0 jacen2x8.dat
1 0 -40 28 840 0 0 -1 0 1 0 1 0 0 jacen2x8.dat
1 0 -40 28 1000 0 0 -1 0 1 0 1 0 0 jacen2x2.dat
1 0 -80 28 1060 0 0 1 0 1 0 -1 0 0 enganch2.dat
1 0 -80 28 1080 0 0 1 0 1 0 -1 0 0 enganch2.dat
1 0 -80 28 1100 0 0 1 0 1 0 -1 0 0 enganch2.dat
1 0 -80 28 1200 0 0 1 0 1 0 -1 0 0 enganch2.dat
1 0 -80 28 1220 0 0 1 0 1 0 -1 0 0 enganch2.dat
1 0 -80 28 1240 0 0 1 0 1 0 -1 0 0 enganch2.dat
1 0 -40 4 900 0 0 -1 0 1 0 1 0 0 jacen2x8.dat
1 0 -40 4 1060 0 0 -1 0 1 0 1 0 0 jacen2x8.dat
1 0 -20 -20 1100 0 0 -1 0 1 0 1 0 0 jacen2x8.dat
1 0 -40 -20 820 0 0 -1 0 1 0 1 0 0 jacena14.dat
1 0 -40 52 1100 0 0 -1 0 1 0 1 0 0 jacen2x8.dat
1 0 -60 28 1240 0 0 -1 0 1 0 1 0 0 jacena4.dat
1 0 -60 4 1220 0 0 -1 0 1 0 1 0 0 jacena4.dat
1 0 -80 4 1300 1 0 0 0 1 0 0 0 1 jacena8.dat
1 0 -40 -20 1340 0 0 1 0 1 0 -1 0 0 pico.dat
1 0 -60 36 1340 -1 0 0 0 -1 0 0 0 1 alaastro.dat
1 0 -190 12 1330 -1 0 0 0 -1 0 0 0 1 cilindro.dat
1 0 -190 -11 1330 -1 0 0 0 -1 0 0 0 1 tuboruta.dat
1 0 -170 -15 1330 -1 0 0 0 -1 0 0 0 1 tuboruta.dat
1 0 -150 -18 1320 -1 0 0 0 -1 0 0 0 1 tuboruta.dat
1 0 -90 -29 1300 -1 0 0 0 -1 0 0 0 1 tuboruta.dat
1 0 -170 12 1330 -1 0 0 0 -1 0 0 0 1 cilindro.dat
1 0 -150 4 1320 -1 0 0 0 -1 0 0 0 1 cilindro.dat
1 0 -130 -22 1320 -1 0 0 0 -1 0 0 0 1 tuboruta.dat
1 0 -130 4 1320 -1 0 0 0 -1 0 0 0 1 cilindro.dat
1 0 -110 -26 1310 -1 0 0 0 -1 0 0 0 1 tuboruta.dat
1 0 -110 -4 1310 -1 0 0 0 -1 0 0 0 1 cilindro.dat
1 0 -90 -4 1300 -1 0 0 0 -1 0 0 0 1 cilindro.dat
1 0 -130 28 1320 -1 0 0 0 -1 0 0 0 1 placacil.dat
1 0 -150 28 1320 -1 0 0 0 -1 0 0 0 1 placacil.dat
1 0 -110 28 1310 -1 0 0 0 -1 0 0 0 1 placacil.dat
1 0 -110 20 1310 -1 0 0 0 -1 0 0 0 1 placacil.dat
1 0 -90 28 1300 -1 0 0 0 -1 0 0 0 1 placacil.dat
1 0 -90 20 1300 -1 0 0 0 -1 0 0 0 1 placacil.dat
1 0 -170 28 1350 1 0 0 0 -1 0 0 0 -1 placa3m.dat
1 0 -180 28 1350 1 0 0 0 1 0 0 0 1 placadl2.dat
1 0 -140 20 1350 1 0 0 0 1 0 0 0 1 placadl2.dat
1 0 -100 12 1350 1 0 0 0 1 0 0 0 1 placadl2.dat
1 0 -120 20 1340 1 0 0 0 1 0 0 0 1 placa2.dat
1 0 -160 28 1340 1 0 0 0 1 0 0 0 1 placa4.dat
1 0 -110 28 1350 1 0 0 0 -1 0 0 0 -1 placa3m.dat
1 0 -70 44 1360 0 0 -1 0 -1 0 -1 0 0 bmaceth2.dat
1 0 -70 44 1320 0 0 -1 0 -1 0 -1 0 0 bmaceth2.dat
1 0 -70 28 1330 0 0 -1 0 -1 0 -1 0 0 placa3m.dat
1 0 -210 36 1340 0 1 0 0 0 -1 -1 0 0 enganch2.dat
1 0 -234 36 1400 0 1 0 0 0 -1 -1 0 0 placa4.dat
1 0 -202 36 1360 0 1 0 0 0 -1 -1 0 0 placa2.dat
1 0 -234 36 1400 0 1 0 0 0 -1 -1 0 0 placa4.dat
1 0 -242 36 1400 0 1 0 0 0 -1 -1 0 0 jacena4.dat
1 0 -266 36 1400 0 1 0 0 0 -1 -1 0 0 jacena4.dat
1 0 -290 26 1390 0 1 0 -1 0 0 0 0 1 piquito.dat
1 0 -290 26 1330 0 1 0 -1 0 0 0 0 1 piquito.dat
1 0 -298 36 1360 0 1 0 0 0 1 1 0 0 bispqaba.dat
1 0 -298 36 1360 0 0.83147 0.55557 0 -0.55557 0.83147 1 0 0 bispqarr.dat
1 0 -310.208 32.13 1360 -0.55557 0.83147 0 -0.83147 -0.55557 0 0 0 1 helala.dat
1 0 -210 36 1360 0 1 0 0 0 -1 -1 0 0 enganch2.dat
1 0 -62.062 -34.99 1340 -0.98404 0.177943 0 0.177943 0.98404 0 0 0 -1 alaastro.dat
1 0 -83.167 -39.303 1300 0.98404 0.177943 0 -0.177943 0.98404 0 0 0 1 bald2x2r.dat
1 0 -83.167 -39.303 1380 0 0.177943 0.98404 0 0.98404 -0.177943 -1 0 0 bald2x2.dat
1 0 -52.221 -36.77 1400 0 0.177943 0.98404 0 0.98404 -0.177943 -1 0 0 placadl2.dat
1 0 -50.798 -28.897 1480 0 0.177943 0.98404 0 0.98404 -0.177943 -1 0 0 placadl2.dat
1 0 -70.478 -25.339 1480 0 0.177943 0.98404 0 0.98404 -0.177943 -1 0 0 placadl2.dat
1 0 -71.902 -33.211 1400 0 0.177943 0.98404 0 0.98404 -0.177943 -1 0 0 placadl2.dat
1 0 -81.744 -31.43 1460 0 0.177943 0.98404 0 0.98404 -0.177943 -1 0 0 bald2x2.dat
1 0 -80.319 -23.558 1440 0 0.177943 0.98404 0 0.98404 -0.177943 -1 0 0 placa4.dat
