0 Untitled
0 Name: Hasbro0250_formula1witht8.ldr
0 Author: MLCad
0 Unofficial Model
0 ROTATION CENTER 0 0 0 1 "Custom" 
0 ROTATION CONFIG 0 0
1 15 30 9.284 100.362 1 0 0 0 0.996195 -0.0871557 0 0.0871557 0.996195 mtrhasbr.dat
1 0 50 24.226 21.363 0 0 -1 -0.0871557 0.996195 0 0.996195 0.0871557 0 placa2x3.dat
1 0 50 35.682 -17.787 0 0 -1 -0.0871557 0.996195 0 0.996195 0.0871557 0 placa2x3.dat
1 0 70 3.058 79.741 -1 0 0 0 0.996195 0.0871557 0 0.0871557 -0.996195 placa2.dat
1 0 50 18 0.742 -1 0 0 0 0.996195 0.0871557 0 0.0871557 -0.996195 placa2.dat
1 0 30 3.058 79.741 -1 0 0 0 0.996195 0.0871557 0 0.0871557 -0.996195 placa2.dat
1 4 30 1.189 9.31 -1 0 0 0 0.996195 0.0871557 0 0.0871557 -0.996195 rueruj4t.dat
1 0 70 25.969 1.438 -1 0 0 0 0.996195 0.0871557 0 0.0871557 -0.996195 placa2x2.dat
1 0 30 25.969 1.438 -1 0 0 0 0.996195 0.0871557 0 0.0871557 -0.996195 placa2x2.dat
1 0 50 -3.169 59.119 -1 0 0 0 0.996195 0.0871557 0 0.0871557 -0.996195 placa2.dat
1 4 50 -14.625 98.27 -1 0 0 0 0.996195 0.0871557 0 0.0871557 -0.996195 placa2.dat
1 4 70 -48.992 215.722 -1 0 0 0 0.996195 0.0871557 0 0.0871557 -0.996195 placa2.dat
1 4 30 -48.992 215.722 -1 0 0 0 0.996195 0.0871557 0 0.0871557 -0.996195 placa2.dat
1 0 70 12.77 60.514 -1 0 0 0 0.996195 0.0871557 0 0.0871557 -0.996195 placa2x2.dat
1 0 30 12.77 60.514 -1 0 0 0 0.996195 0.0871557 0 0.0871557 -0.996195 placa2x2.dat
1 0 50 4.801 59.817 -1 0 0 0 0.996195 0.0871557 0 0.0871557 -0.996195 placa2x2.dat
1 0 50 -6.656 98.967 -1 0 0 0 0.996195 0.0871557 0 0.0871557 -0.996195 placa2x2.dat
1 4 50 -17.114 218.511 -1 0 0 0 0.996195 0.0871557 0 0.0871557 -0.996195 placa2x2.dat
1 4 70 -13.628 178.663 -1 0 0 0 0.996195 0.0871557 0 0.0871557 -0.996195 placa2x2.dat
1 4 30 -13.628 178.663 -1 0 0 0 0.996195 0.0871557 0 0.0871557 -0.996195 placa2x2.dat
1 4 10 -23.34 197.889 0 0 1 0.0871557 0.996195 0 -0.996195 0.0871557 0 placa2x3.dat
1 0 10 -23.34 197.889 1 0 0 0 0.996195 -0.0871557 0 0.0871557 0.996195 jacena2.dat
1 4 50 -10.141 138.815 -1 0 0 0 0.996195 0.0871557 0 0.0871557 -0.996195 bald2x2.dat
1 4 50 23.229 -59.029 1 0 0 0 0.996195 -0.0871557 0 0.0871557 0.996195 bald2x2r.dat
1 4 10 23.229 -59.029 1 0 0 0 0.996195 -0.0871557 0 0.0871557 0.996195 bald2x2r.dat
1 4 10 13.516 -39.803 1 0 0 0 0.996195 -0.0871557 0 0.0871557 0.996195 bald2x2r.dat
1 4 10 2.06 -0.652 1 0 0 0 0.996195 -0.0871557 0 0.0871557 0.996195 bald2x2r.dat
1 4 10 -9.395 38.498 1 0 0 0 0.996195 -0.0871557 0 0.0871557 0.996195 bald2x2r.dat
1 15 10 -19.108 57.725 1 0 0 0 0.996195 -0.0871557 0 0.0871557 0.996195 bald2x2r.dat
1 4 90 -3.169 59.119 0 0 -1 -0.0871557 0.996195 0 0.996195 0.0871557 0 bald2x2r.dat
1 4 -30 -6.656 98.967 0 0 1 0.0871557 0.996195 0 -0.996195 0.0871557 0 bald2x2r.dat
1 4 -30 23.229 -59.029 1 0 0 0 0.996195 -0.0871557 0 0.0871557 0.996195 bald2x2r.dat
1 4 50 -55.218 195.1 1 0 0 0 0.996195 -0.0871557 0 0.0871557 0.996195 bald2x2r.dat
1 4 10 -55.218 195.1 1 0 0 0 0.996195 -0.0871557 0 0.0871557 0.996195 bald2x2r.dat
1 4 -30 -55.218 195.1 1 0 0 0 0.996195 -0.0871557 0 0.0871557 0.996195 bald2x2r.dat
1 383 20 -30.438 187.23 1 0 0 0 0.996195 -0.0871557 0 0.0871557 0.996195 amortigu.dat
1 383 40 -30.438 187.23 1 0 0 0 0.996195 -0.0871557 0 0.0871557 0.996195 amortigu.dat
1 383 40 -28.695 167.306 1 0 0 0 0.996195 -0.0871557 0 0.0871557 0.996195 amortigu.dat
1 383 20 -28.695 167.306 1 0 0 0 0.996195 -0.0871557 0 0.0871557 0.996195 amortigu.dat
1 383 20 -26.952 147.382 1 0 0 0 0.996195 -0.0871557 0 0.0871557 0.996195 amortigu.dat
1 383 40 -26.952 147.382 1 0 0 0 0.996195 -0.0871557 0 0.0871557 0.996195 amortigu.dat
1 383 60 5.672 49.855 1 0 0 0 0.996195 -0.0871557 0 0.0871557 0.996195 amortigu.dat
1 383 60 7.415 29.931 1 0 0 0 0.996195 -0.0871557 0 0.0871557 0.996195 amortigu.dat
1 383 0 5.672 49.855 1 0 0 0 0.996195 -0.0871557 0 0.0871557 0.996195 amortigu.dat
1 383 0 7.415 29.931 1 0 0 0 0.996195 -0.0871557 0 0.0871557 0.996195 amortigu.dat
0 MLCAD BTG rueda_balon_izquierda
1 0 56.5 0.5 206.5 1 0 0 0 0.996195 -0.0871557 0 0.0871557 0.996195 rueasneu.dat
0 MLCAD BTG rueda_balon_izquierda
1 4 56.5 18.182 187.971 0 -1 0 0.996195 0 -0.0871557 0.0871557 0 0.996195 ejeastr4.dat
0 GROUP 2 rueda_balon_izquierda
1 0 4.5 3.986 166.652 -1 0 0 0 0.996195 0.0871557 0 0.0871557 -0.996195 rueasneu.dat
1 4 4.5 18.182 187.971 0 1 0 0.996195 0 0.0871557 0.0871557 0 -0.996195 ejeastr4.dat
1 383 10 -18.111 138.118 1 0 0 0 0.996195 -0.0871557 0 0.0871557 0.996195 tbesctrp.dat
1 383 50 -21.597 177.966 -1 0 0 0 0.996195 0.0871557 0 0.0871557 -0.996195 tbesctrp.dat
0
