0 Untitled
0 Name: Combi_0314 (2 14) Buque de Escolta Marte.ldr
0 Author: jasolo
0 Unofficial Model
0 ROTATION CENTER 0 0 0 1 "Custom" 
0 ROTATION CONFIG 0 0
1 0 0 0 -40 1 0 0 0 1 0 0 0 1 placa4x6.dat
1 0 -120 0 -40 1 0 0 0 1 0 0 0 1 placa4x6.dat
1 7 -140 -32 -40 1 0 0 0 1 0 0 0 1 placa4x6.dat
1 8 -160 -40 0 0 0 1 0 1 0 -1 0 0 canonmed.dat
1 8 100 -40 0 0 0 -1 0 1 0 1 0 0 canonmed.dat
1 7 -20 -32 -40 1 0 0 0 1 0 0 0 1 placa4x8.dat
1 7 -20 -64 30 0 0 1 0 1 0 -1 0 0 placa2x3.dat
1 7 140 -32 0 0 0 -1 0 1 0 1 0 0 popa4p.dat
1 0 -120 0 0 0 0 1 0 1 0 -1 0 0 proa4p.dat
1 0 120 0 0 0 0 -1 0 1 0 1 0 0 popa4p.dat
1 7 20 -8 20 1 0 0 0 1 0 0 0 1 jacena4.dat
1 7 20 -8 -40 1 0 0 0 1 0 0 0 1 jacena4.dat
1 7 -100 -8 0 0 0 1 0 1 0 -1 0 0 proa4.dat
1 7 100 -8 0 0 0 1 0 1 0 -1 0 0 popa4.dat
1 7 -100 -8 -20 1 0 0 0 1 0 0 0 1 jacena6.dat
1 7 -100 -8 40 1 0 0 0 1 0 0 0 1 jacena6.dat
1 7 -60 -40 -20 1 0 0 0 1 0 0 0 1 jacen2x4.dat
1 7 -50 -64 0 0 0 1 0 1 0 -1 0 0 ancl1x2.dat
1 7 30 -40 0 0 0 1 0 1 0 -1 0 0 ancl1x2.dat
1 7 30 -64 0 0 0 1 0 1 0 -1 0 0 antncruz.dat
1 7 -50 -88 0 0 0 1 0 1 0 -1 0 0 antnradr.dat
1 8 -90 -40 -30 0.258819 0 0.965926 0 1 0 -0.965926 0 0.258819 canonpeq.dat
1 8 -10 -72 20 -0.258819 0 -0.965926 0 1 0 0.965926 0 -0.258819 canonpeq.dat
1 8 -90 -40 30 -0.258819 0 0.965926 0 1 0 -0.965926 0 -0.258819 canonpeq.dat
1 8 -10 -72 -20 0.258819 0 -0.965926 0 1 0 0.965926 0 0.258819 canonpeq.dat
1 7 -80 -64 40 0 0 1 0 1 0 -1 0 0 venta4bu.dat
1 7 -100 -40 20 0 0 1 0 1 0 -1 0 0 venta2bi.dat
1 7 -80 -40 -40 1 0 0 0 1 0 0 0 1 venta2bu.dat
1 7 -80 -88 20 0 0 1 0 1 0 -1 0 0 venta2bu.dat
1 7 -40 -40 40 -1 0 0 0 1 0 0 0 -1 venta2bu.dat
1 7 10 -72 0 -1 0 0 0 1 0 0 0 -1 chimtubo.dat
1 14 10 -96 0 -1 0 0 0 1 0 0 0 -1 chimplac.dat
1 14 170 -40 0 1 0 0 0 1 0 0 0 1 bandera.dat
1 0 -10 -104 0 -1 0 0 0 1 0 0 0 -1 chimenea.dat
1 7 -70 -112 10 1 0 0 0 1 0 0 0 1 piquito.dat
1 7 -70 -112 -10 1 0 0 0 1 0 0 0 1 piquito.dat
1 7 -80 -88 20 1 0 0 0 1 0 0 0 1 bald2.dat
1 7 -80 -88 -60 1 0 0 0 1 0 0 0 1 bald2.dat
1 7 -140 -32 0 0 0 1 0 1 0 -1 0 0 proa4rmt.dat
1 15 -140 -32 0 0 0 1 0 1 0 -1 0 0 pmarte.dat
1 4 10 -42 -30 -1 0 0 0 1 0 0 0 -1 barca.dat
1 4 10 -42 30 -1 0 0 0 1 0 0 0 -1 barca.dat
0
