0 Untitled
0 Name: Tomcat2.ldr
0 Author: MLCad
0 Unofficial Model
0 !COLOUR Kaki CODE 77 VALUE #424510 EDGE #222222 ALPHA 255
0 ROTATION CENTER 0 0 0 1 "Custom" 
0 ROTATION CONFIG 0 0
1 0 -210 50 -55 0 0 -1 -1 0 0 0 1 0 remtcoht.dat
1 7 -210 70 -15 -1 0 0 0 1 0 0 0 -1 cilindr2.dat
1 7 -210 70 65 1 0 0 0 1 0 0 0 1 cilindr2.dat
1 7 -220 76 285 0 1 0 1 0 0 0 0 -1 cilindr2.dat
1 383 -242 96 280 0 -1 0 0 0 -1 1 0 0 llantaxt.dat
1 383 -182 96 280 0 -1 0 0 0 -1 1 0 0 llantaxt.dat
1 7 -240 60 85 1 0 0 0 -1 0 0 0 -1 cilindar.dat
1 7 -180 96 205 -1 0 0 0 1 0 0 0 -1 cilindab.dat
1 7 -170 84 185 0 0 -1 0 1 0 1 0 0 placa2.dat
1 7 -160 76 185 0 0 -1 0 1 0 1 0 0 placa2x3.dat
1 7 -240 96 205 -1 0 0 0 1 0 0 0 -1 cilindab.dat
1 7 -230 84 185 0 0 -1 0 1 0 1 0 0 placa2.dat
1 7 -220 76 185 0 0 -1 0 1 0 1 0 0 placa2x3.dat
1 0 -240 60 85 1 0 0 0 -1 0 0 0 -1 tetonesp.dat
1 0 -230 76 135 1 0 0 0 -1 0 0 0 -1 tetonesp.dat
1 0 -230 76 155 1 0 0 0 -1 0 0 0 -1 tetonesp.dat
1 0 -250 76 155 1 0 0 0 -1 0 0 0 -1 tetonesp.dat
1 0 -190 76 155 1 0 0 0 -1 0 0 0 -1 tetonesp.dat
1 0 -170 76 155 1 0 0 0 -1 0 0 0 -1 tetonesp.dat
1 7 -260 76 125 0 0 1 0 -1 0 1 0 0 baldgord.dat
1 7 -240 60 65 0 0 -1 0 1 0 1 0 0 pang2x4d.dat
1 7 -180 60 65 0 0 -1 0 1 0 1 0 0 pang2x4i.dat
1 7 -190 60 105 -1 0 0 0 1 0 0 0 -1 proa4pmd.dat
1 8 -180 52 105 0 0 -1 0 1 0 1 0 0 tejls2x1.dat
1 8 -190 52 25 1 0 0 0 1 0 0 0 1 bald2r.dat
1 8 -170 36 185 -1 0 0 0 1 0 0 0 -1 bald2r.dat
1 8 -170 52 85 -1 0 0 0 1 0 0 0 -1 bald1.dat
1 8 -180 44 125 0 0 -1 0 1 0 1 0 0 placurd2.dat
1 8 -240 52 105 0 0 -1 0 1 0 1 0 0 tejls2x1.dat
1 8 -250 52 25 1 0 0 0 1 0 0 0 1 bald2r.dat
1 8 -230 36 185 -1 0 0 0 1 0 0 0 -1 bald2r.dat
1 8 -230 52 85 -1 0 0 0 1 0 0 0 -1 bald1.dat
1 8 -240 44 125 0 0 -1 0 1 0 1 0 0 placurd2.dat
1 40 -210 30 -15 0 0 -1 0 1 0 1 0 0 placurd2.dat
1 0 -210 30 85 0 0 1 0 1 0 -1 0 0 placurd2.dat
1 7 -210 44 165 0 0 1 0 1 0 -1 0 0 placurd2.dat
1 7 -210 52 185 0 0 1 0 1 0 -1 0 0 tejls2x1.dat
1 0 -210 36 125 0 0 1 0 1 0 -1 0 0 placurd2.dat
1 40 -220 30 25 0 0 1 0 1 0 -1 0 0 placa2.dat
1 0 -210 30 55 0 0 1 0 1 0 -1 0 0 placa3.dat
1 40 -210 22 35 0 0 1 0 1 0 -1 0 0 bald3.dat
1 7 -190 44 125 -1 0 0 0 1 0 0 0 -1 proa4pmd.dat
1 7 -20 51 165 -1 0 0 0 0 1 0 1 0 Pegat_EscarapelaUSA.dat
1 7 -360 51 165 -1 0 0 0 0 1 0 1 0 Pegat_EscarapelaUSA.dat
1 7 -230 44 125 -1 0 0 0 1 0 0 0 -1 proa4pmi.dat
1 7 -230 60 105 -1 0 0 0 1 0 0 0 -1 proa4pmi.dat
1 7 -180 52 135 -1 0 0 0 1 0 0 0 -1 chimplac.dat
1 7 -220 52 135 -1 0 0 0 1 0 0 0 -1 chimplac.dat
1 7 -210 44 135 0 0 1 0 1 0 -1 0 0 plac2m.dat
1 7 -210 76 285 0 0 1 0 1 0 -1 0 0 tejls2x1.dat
1 7 -220 68 245 0 0 1 0 1 0 -1 0 0 placa1.dat
1 7 -220 76 265 0 0 1 0 1 0 -1 0 0 enganc2.dat
1 7 -220 68 285 0 0 1 0 1 0 -1 0 0 bald1.dat
1 7 -210 56 255 0 0 1 0 1 0 -1 0 0 tetonesm.dat
1 0 -220 36 125 0 0 1 0 1 0 -1 0 0 placa1.dat
1 7 -210 44 115 0 0 1 0 1 0 -1 0 0 plac2m.dat
1 7 -220 60 105 1 0 0 0 1 0 0 0 1 enganch2.dat
1 7 -267.833 60 167.018 -0.997564 0 -0.0697565 0 1 0 0.0697565 0 -0.997564 alaastro.dat
1 7 -270.624 60 127.115 -0.997564 0 -0.0697565 0 1 0 0.0697565 0 -0.997564 placa1.dat
1 7 -263.648 60 226.872 -0.997564 0 -0.0697565 0 1 0 0.0697565 0 -0.997564 placa1.dat
1 7 -259.999 76 284.998 0 1 0 -1 0 0 0 0 1 helala.dat
1 7 -152.167 60 167.019 0.997564 0 -0.0697565 0 1 0 0.0697565 0 0.997564 alaastro.dat
1 7 -147.981 60 107.166 0.997564 0 -0.0697565 0 1 0 0.0697565 0 0.997564 placa1.dat
1 7 -154.956 60 206.92 0.997564 0 -0.0697565 0 1 0 0.0697565 0 0.997564 placa1.dat
1 7 -152.167 60 167.019 0.997564 0 -0.0697565 0 1 0 0.0697565 0 0.997564 alaastro.dat
1 7 -167.928 52 105.768 0.997564 0 -0.0697565 0 1 0 0.0697565 0 0.997564 bald2x2r.dat
1 7 -291.968 52 108.559 0.997564 0 0.0697565 0 1 0 -0.0697565 0 0.997564 bald2x2r.dat
1 7 -120.84 52 149.16 -0.0697565 0 -0.997564 0 1 0 0.997564 0 -0.0697565 bald2x2r.dat
1 7 -296.363 52 189.061 -0.0697565 0 0.997564 0 1 0 -0.997564 0 -0.0697565 bald2x2r.dat
1 7 -126.422 52 228.965 -0.997564 0 0.0697565 0 1 0 -0.0697565 0 -0.997564 bald2x2r.dat
1 7 -253.67 52 226.174 -0.997564 0 -0.0697565 0 1 0 0.0697565 0 -0.997564 bald2x2r.dat
1 7 -269.926 68 137.093 -0.997564 0 -0.0697565 0 1 0 0.0697565 0 -0.997564 placa4e.dat
1 7 -210 60 205 0 0 -1 0 1 0 1 0 0 placa4e.dat
1 7 -210 48 255 -1 0 0 0 1 0 0 0 -1 bald4.dat
1 7 -180 56 275 0 0 1 0 1 0 -1 0 0 placa3.dat
1 7 -267.834 68 167.02 -0.997564 0 -0.0697565 0 1 0 0.0697565 0 -0.997564 placa2.dat
1 7 -210 76 135 -1 0 0 0 1 0 0 0 -1 placa4e.dat
1 7 -200 76 285 0 -1 0 1 0 0 0 0 -1 cilindr2.dat
1 7 -180 60 85 -1 0 0 0 -1 0 0 0 -1 cilindar.dat
1 0 -180 60 85 -1 0 0 0 -1 0 0 0 -1 tetonesp.dat
1 0 -190 76 135 -1 0 0 0 -1 0 0 0 -1 tetonesp.dat
1 7 -160 76 125 0 0 -1 0 -1 0 1 0 0 baldgord.dat
1 7 -160.001 76 284.998 0 -1 0 -1 0 0 0 0 1 helala.dat
1 8 -180.001 48 284.998 -1 0 0 0 1 0 0 0 1 helala.dat
1 7 -240 56 275 0 0 1 0 1 0 -1 0 0 placa3.dat
1 8 -240.001 48 284.998 -1 0 0 0 1 0 0 0 1 helala.dat
1 8 -243.001 -8 284.998 0 0 1 0 1 0 1 0 0 Pegat_EscarapelaUSAPeq.dat
1 8 -229.001 40 -35.002 0 -0.108867 0.994056 0 0.994056 0.108867 1 0 0 Pegat_EscarapelaUSAPeq.dat
1 8 -190.86 40.089 -5.002 0 0.108867 -0.994056 0 0.994056 0.108867 -1 0 0 Pegat_EscarapelaUSAPeq.dat
1 8 -177.001 -8 314.998 0 0 -1 0 1 0 -1 0 0 Pegat_EscarapelaUSAPeq.dat
1 7 -200 76 165 0 0 -1 0 1 0 1 0 0 placa4.dat
1 7 -210 76 155 -1 0 0 0 1 0 0 0 -1 bald8.dat
1 7 -280 91 155 0 0 -1 0 1 0 1 0 0 petroeng.dat
1 7 -280 91.1 171.5 -0.707107 0 -0.707107 -0.707107 0 0.707107 0 1 0 cilindro.dat
1 7 -280 91.1 195.5 -0.707107 0 -0.707107 -0.707107 0 0.707107 0 1 0 cilindro.dat
1 0 -280 91.042 127.5 -0.707107 0 -0.707107 -0.707107 0 0.707107 0 1 0 sirena.dat
1 0 -280 91.1 219.5 -0.707107 0 -0.707107 -0.707107 0 0.707107 0 1 0 alerocoh.dat
1 7 -140 91 155 0 0 -1 0 1 0 1 0 0 petroeng.dat
1 7 -140 91.1 171.5 -0.707107 0 -0.707107 -0.707107 0 0.707107 0 1 0 cilindro.dat
1 7 -140 91.1 195.5 -0.707107 0 -0.707107 -0.707107 0 0.707107 0 1 0 cilindro.dat
1 0 -140 91.042 127.5 -0.707107 0 -0.707107 -0.707107 0 0.707107 0 1 0 sirena.dat
1 0 -140 91.1 219.5 -0.707107 0 -0.707107 -0.707107 0 0.707107 0 1 0 alerocoh.dat
1 7 -210 68 135 0 0 -1 0 1 0 1 0 0 placa3.dat
1 7 -230 60 165 0 0 1 0 1 0 -1 0 0 placa2x2.dat
1 7 -210 84 205 0 0 1 0 1 0 -1 0 0 placa10.dat
1 7 -220 76 125 0 0 1 0 1 0 -1 0 0 placa1.dat
1 7 -210 68 205 1 0 0 0 1 0 0 0 1 bald2x3.dat
1 8 -250 68 215 0 0 -1 0 1 0 1 0 0 bald3.dat
1 7 -220 68 225 0 0 -1 0 1 0 1 0 0 bald1.dat
1 7 -180 68 225 0 0 -1 0 1 0 1 0 0 bald1.dat
1 7 -210 68 175 0 0 1 0 1 0 -1 0 0 plac2m.dat
1 7 -210 44 155 0 0 1 0 1 0 -1 0 0 plac2m.dat
1 7 -230 52 145 1 0 0 0 1 0 0 0 1 placa2.dat
1 8 -170 68 215 0 0 -1 0 1 0 1 0 0 bald3.dat
1 7 -150.071 68 137.093 -0.997564 0 0.0697565 0 1 0 -0.0697565 0 -0.997564 placa4e.dat
1 7 -112.262 68 169.81 -0.997564 0 0.0697565 0 1 0 -0.0697565 0 -0.997564 placa2.dat
0
