0 Untitled
0 Name: Mar_0541_Carguero_de_Escolta.ldr
0 Author: jasolo
0 Unofficial Model
0 ROTATION CENTER 0 0 0 1 "Custom" 
0 ROTATION CONFIG 0 0
1 2 -190 0 20 0 0 1 0 1 0 -1 0 0 proa4p.dat
1 2 -190 0 -20 1 0 0 0 1 0 0 0 1 placa4x8.dat
1 0 -190 -32 -20 1 0 0 0 1 0 0 0 1 placa4x8.dat
1 0 130 -32 -20 1 0 0 0 1 0 0 0 1 placa4x8.dat
1 4 -270 -64 0 1 0 0 0 1 0 0 0 1 baldc2x2.dat
1 4 -110 -40 0 1 0 0 0 1 0 0 0 1 baldc2x2.dat
1 4 -70 -40 0 1 0 0 0 1 0 0 0 1 baldc2x2.dat
1 4 130 -40 0 1 0 0 0 1 0 0 0 1 baldc2x2.dat
1 4 190 -40 0 1 0 0 0 1 0 0 0 1 baldc2x2.dat
1 4 250 -40 0 1 0 0 0 1 0 0 0 1 baldc2x2.dat
1 8 290 -88 20 1 0 0 0 1 0 0 0 1 baldc2x2.dat
1 8 290 -88 -20 1 0 0 0 1 0 0 0 1 baldc2x2.dat
1 8 20 -96 -10 0.707107 0 -0.707107 0 1 0 0.707107 0 0.707107 canonpeq.dat
1 8 18.406 -96 50 -0.707107 0 -0.707107 0 1 0 0.707107 0 -0.707107 canonpeq.dat
1 7 50 -88 50 0 0 1 0 1 0 -1 0 0 placa2x3.dat
1 7 -230 -64 50 0 0 1 0 1 0 -1 0 0 placa2x3.dat
1 0 -200 -72 20 0 0 1 0 1 0 -1 0 0 ramplanz.dat
1 15 -200 -96 20 0 0 1 0 1 0 -1 0 0 monoplan.dat
1 15 -130 -41 20 0 -0.0697565 -0.997564 0 0.997564 -0.0697565 1 0 0 monoplan.dat
1 14 100 -66 -10 -1 0 0 0 1 0 0 0 -1 barca.dat
1 14 100 -66 50 -1 0 0 0 1 0 0 0 -1 barca.dat
1 14 80 -98 0 -1 0 0 0 1 0 0 0 -1 barca.dat
1 14 80 -98 40 -1 0 0 0 1 0 0 0 -1 barca.dat
1 7 -30 -88 20 1 0 0 0 1 0 0 0 1 placa2x3.dat
1 7 -30 -88 -20 1 0 0 0 1 0 0 0 1 placa2x3.dat
1 2 -280 -64 20 0 0 1 0 1 0 -1 0 0 pastilla.dat
1 2 340 -64 20 0 0 1 0 1 0 -1 0 0 pastilla.dat
1 14 360 -64 20 1 0 0 0 1 0 0 0 1 bandera.dat
1 2 -30 0 -20 1 0 0 0 1 0 0 0 1 placa4x8.dat
1 7 -30 -56 -20 1 0 0 0 1 0 0 0 1 placa4x8.dat
1 2 130 0 -20 1 0 0 0 1 0 0 0 1 placa4x8.dat
1 2 290 0 20 0 0 -1 0 1 0 1 0 0 popa4p.dat
1 7 330 -56 20 0 0 -1 0 1 0 1 0 0 popa4p.dat
1 7 90 -88 20 0 0 -1 0 1 0 1 0 0 popa4p.dat
1 7 290 -56 20 1 0 0 0 1 0 0 0 1 placa2x2.dat
1 7 290 -56 -20 1 0 0 0 1 0 0 0 1 placa2x2.dat
1 7 -30 -120 0 1 0 0 0 1 0 0 0 1 placa2x2.dat
1 7 -230 -56 0 1 0 0 0 1 0 0 0 1 placa2x2.dat
1 7 -170 -8 20 0 0 1 0 1 0 -1 0 0 proa4.dat
1 7 270 -8 20 0 0 1 0 1 0 -1 0 0 popa4.dat
1 7 290 -32 20 0 0 1 0 1 0 -1 0 0 popa4.dat
1 7 -190 -32 20 0 0 1 0 1 0 -1 0 0 proa4.dat
1 7 -170 -8 40 1 0 0 0 1 0 0 0 1 jacena8.dat
1 7 -170 -8 -20 1 0 0 0 1 0 0 0 1 jacena8.dat
1 7 -10 -8 40 1 0 0 0 1 0 0 0 1 jacena8.dat
1 7 -10 -8 -20 1 0 0 0 1 0 0 0 1 jacena8.dat
1 7 150 -8 60 1 0 0 0 1 0 0 0 1 jacena6.dat
1 7 150 -8 0 1 0 0 0 1 0 0 0 1 jacena6.dat
1 7 -30 -32 -20 1 0 0 0 1 0 0 0 1 venta4bi.dat
1 7 -30 -64 60 0 0 1 0 1 0 -1 0 0 venta4bi.dat
1 2 80 -120 20 -1 0 0 0 1 0 0 0 -1 chimplac.dat
1 7 80 -96 20 -1 0 0 0 1 0 0 0 -1 chimtubo.dat
1 0 80 -128 20 -1 0 0 0 1 0 0 0 -1 chimtubo.dat
1 0 80 -152 20 -1 0 0 0 1 0 0 0 -1 tubo.dat
1 15 -10 -128 20 0 0 1 0 1 0 -1 0 0 radar.dat
1 7 290 -64 40 0 0 1 0 1 0 -1 0 0 venta2bi.dat
1 7 -30 -96 40 0 0 1 0 1 0 -1 0 0 venta2bi.dat
1 7 -10 -64 -20 1 0 0 0 1 0 0 0 1 venta2bi.dat
1 7 30 -64 60 -1 0 0 0 1 0 0 0 -1 venta2bi.dat
1 7 330 -64 0 0 0 -1 0 1 0 1 0 0 venta2bi.dat
1 7 -230 -56 0 0 0 1 0 1 0 -1 0 0 bald2.dat
1 7 -10 -96 0 -1 0 0 0 1 0 0 0 -1 bald2.dat
1 7 -10 -96 80 -1 0 0 0 1 0 0 0 -1 bald2.dat
1 7 -230 -56 60 0 0 1 0 1 0 -1 0 0 bald2.dat
1 7 -10 -96 0 1 0 0 0 1 0 0 0 1 venta2bu.dat
1 7 30 -96 40 -1 0 0 0 1 0 0 0 -1 venta2bu.dat
1 7 270 -8 0 0 0 -1 0 1 0 1 0 0 jacena2.dat
1 7 -10 -8 0 0 0 -1 0 1 0 1 0 0 jacena2.dat
1 7 130 -8 0 0 0 -1 0 1 0 1 0 0 jacena2.dat
1 7 -10 -32 0 0 0 -1 0 1 0 1 0 0 jacena2.dat
1 7 130 -32 0 0 0 -1 0 1 0 1 0 0 jacena2.dat
1 7 40 -88 20 0 0 -1 0 1 0 1 0 0 ancl1x2.dat
1 7 40 -112 20 0 0 1 0 1 0 -1 0 0 antnradr.dat
1 7 180 -40 20 0 0 -1 0 1 0 1 0 0 ancl1x2.dat
1 7 -90 -40 -10 1 0 0 0 1 0 0 0 1 ancl1x2.dat
1 7 -70 -64 -10 1 0 0 0 1 0 0 0 1 gruab.dat
1 7 -70 -64 50 1 0 0 0 1 0 0 0 1 gruab.dat
1 7 -68.327 -88.057 50 0.694658 0.71934 0 -0.71934 0.694658 0 0 0 1 gruap.dat
1 7 -68.327 -88.057 -10 0.694658 0.71934 0 -0.71934 0.694658 0 0 0 1 gruap.dat
1 7 -90 -40 50 1 0 0 0 1 0 0 0 1 ancl1x2.dat
1 7 240 -40 20 0 0 -1 0 1 0 1 0 0 ancl1x2.dat
1 7 180 -64 20 0 0 1 0 1 0 -1 0 0 antncruz.dat
1 7 240 -64 20 0 0 1 0 1 0 -1 0 0 antncruz.dat
1 7 186.594 -64 14 0.707107 0 0.707107 0 1 0 -0.707107 0 0.707107 antincv.dat
1 7 185 -64 26 0.707107 0 -0.707107 0 1 0 0.707107 0 0.707107 antincv.dat
1 7 173.406 -64 26 -0.707107 0 -0.707107 0 1 0 0.707107 0 -0.707107 antincv.dat
1 7 175 -64 14 -0.707107 0 0.707107 0 1 0 -0.707107 0 -0.707107 antincv.dat
1 7 246.594 -64 14 0.707107 0 0.707107 0 1 0 -0.707107 0 0.707107 antincv.dat
1 7 245 -64 26 0.707107 0 -0.707107 0 1 0 0.707107 0 0.707107 antincv.dat
1 7 233.406 -64 26 -0.866026 0 -0.5 0 1 0 0.5 0 -0.866026 antincv.dat
1 7 235 -64 14 -0.866026 0 0.5 0 1 0 -0.5 0 -0.866026 antincv.dat
1 7 50 -32 -20 1 0 0 0 1 0 0 0 1 venta4bi.dat
1 7 30 -64 0 1 0 0 0 1 0 0 0 1 venta4bi.dat
1 7 110 -64 40 -1 0 0 0 1 0 0 0 -1 venta4bi.dat
1 7 130 -32 60 -1 0 0 0 1 0 0 0 -1 venta4bi.dat
1 7 50 -32 60 -1 0 0 0 1 0 0 0 -1 venta4bi.dat
1 7 -230 -56 20 0 0 1 0 1 0 -1 0 0 proa4rmt.dat
0
