0 Untitled
0 Name: foodtruck.ldr
0 Author: MLCad
0 Unofficial Model
0 ROTATION CENTER 0 0 0 1 "Custom" 
0 ROTATION CONFIG 0 0
1 10 -60 40 0 1 0 0 0 1 0 0 0 1 cabnuear.dat
1 15 0 32 -0.5 -1 0 0 0 1 0 0 0 -1 refresco.dat
1 10 -100 40 80 1 0 0 0 1 0 0 0 1 jacen2x4.dat
1 10 -10 40 90 1 0 0 0 1 0 0 0 1 jacena1.dat
1 10 -110 40 90 1 0 0 0 1 0 0 0 1 jacena1.dat
1 7 -20 16 120 -1 0 0 0 1 0 0 0 -1 vntthor.dat
1 7 -60 16 120 -1 0 0 0 1 0 0 0 -1 vntthor.dat
1 7 -20 -32 120 -1 0 0 0 1 0 0 0 -1 vntthor.dat
1 7 -60 -32 120 -1 0 0 0 1 0 0 0 -1 vntthor.dat
1 7 -20 40 340 0 0 1 0 1 0 -1 0 0 jacena8.dat
1 7 -100 40 280 0 0 -1 0 1 0 1 0 0 jacena2.dat
1 7 -120 40 200 1 0 0 0 1 0 0 0 1 jacen2x3.dat
1 7 -100 16 200 0 0 -1 0 1 0 1 0 0 placa4.dat
1 1 -100 8 280 -1 0 0 0 1 0 0 0 -1 baldc2.dat
1 1 -100 8 240 -1 0 0 0 1 0 0 0 -1 baldc2.dat
1 1 -100 8 200 -1 0 0 0 1 0 0 0 -1 baldc2.dat
1 1 0 8 280 -1 0 0 0 1 0 0 0 -1 baldc2.dat
1 1 0 8 240 -1 0 0 0 1 0 0 0 -1 baldc2.dat
1 1 0 8 200 -1 0 0 0 1 0 0 0 -1 baldc2.dat
1 7 -120 40 240 1 0 0 0 1 0 0 0 1 jacen2x3.dat
1 7 -110 40 110 0 0 1 0 1 0 -1 0 0 jacena1.dat
1 7 -110 40 330 0 0 -1 0 1 0 1 0 0 jacena1.dat
1 0 -60 40 160 0 0 1 0 1 0 -1 0 0 baldg2x2.dat
1 0 -60 40 200 0 0 1 0 1 0 -1 0 0 baldg2x2.dat
1 0 -60 40 240 0 0 1 0 1 0 -1 0 0 baldg2x2.dat
1 0 -60 40 280 0 0 1 0 1 0 -1 0 0 baldg2x2.dat
1 0 -100 40 280 1 0 0 0 1 0 0 0 1 baldc2.dat
1 0 -40 40 280 1 0 0 0 1 0 0 0 1 baldc2.dat
1 0 -40 40 280 0 0 -1 0 1 0 1 0 0 baldc2.dat
1 0 -100 40 340 0 0 1 0 1 0 -1 0 0 baldc1.dat
1 0 -40 40 340 0 0 1 0 1 0 -1 0 0 baldc1.dat
1 0 -60 16 200 0 0 -1 0 1 0 1 0 0 bald2x2r.dat
1 0 -60 16 240 0 0 -1 0 1 0 1 0 0 bald2x2r.dat
1 3 110 106.5 210 0 0 1 0 1 0 -1 0 0 htit2.dat
1 7 200 20 -211 0 0 1 0 -1 0 1 0 0 popa6p.dat
1 7 200 20 -211 0 0 -1 0 -1 0 -1 0 0 popa6p.dat
1 7 220 28 -191 0 0 -1 0 -1 0 -1 0 0 jacen2x2.dat
1 7 180 28 -231 0 0 1 0 -1 0 1 0 0 pico.dat
1 7 220 28 -191 0 0 -1 0 -1 0 -1 0 0 pico.dat
1 7 220 52 -191 0 0 -1 0 -1 0 -1 0 0 jacen2x2.dat
1 7 220 76 -191 0 0 -1 0 -1 0 -1 0 0 jacen2x2.dat
1 7 200 100 -211 0 0 -1 0 -1 0 -1 0 0 baldc4.dat
1 1 190 108 230 0 0 1 0 1 0 -1 0 0 htit2.dat
0 MLCAD BTG menu_iunits
1 15 167.371 26.5 -159.537 0 0 1 0 1 0 -1 0 0 baldc2x2.dat
0 MLCAD BTG menu_iunits
1 34 220.871 18 -172.037 0 0 1 0 -1 0 1 0 0 baldcil.dat
0 MLCAD BTG menu_iunits
1 34 220.871 -6 -172.037 0 0 1 0 -1 0 1 0 0 cilindro.dat
0 MLCAD BTG menu_iunits
1 7 187.583 18.5 -179.49 0.422618 0 0.906308 0 1 0 -0.906308 0 0.422618 chimbald.dat
0 MLCAD BTG menu_iunits
1 7 187.371 6 -179.037 0.422618 0 0.906308 0 1 0 -0.906308 0 0.422618 chimbald.dat
0 MLCAD BTG menu_iunits
1 4 191.598 9.5 -188.1 0.422618 0 0.906308 0 1 0 -0.906308 0 0.422618 tetonesp.dat
0 MLCAD BTG menu_iunits
1 2 183.356 9 -170.426 0.422618 0 0.906308 0 1 0 -0.906308 0 0.422618 tetonesp.dat
0 GROUP 7 menu_iunits
1 15 231.794 26.5 -264.478 0 0 -1 0 1 0 1 0 0 baldc2x2.dat
1 33 178.294 18 -251.978 0 0 -1 0 -1 0 -1 0 0 baldcil.dat
1 33 178.294 -6 -251.978 0 0 -1 0 -1 0 -1 0 0 cilindro.dat
1 36 238.294 18 -211.978 0 0 -1 0 -1 0 -1 0 0 baldcil.dat
1 36 238.294 -6 -211.978 0 0 -1 0 -1 0 -1 0 0 cilindro.dat
1 7 211.582 18.5 -244.525 -0.422618 0 -0.906308 0 1 0 0.906308 0 -0.422618 chimbald.dat
1 7 211.794 6 -244.978 -0.422618 0 -0.906308 0 1 0 0.906308 0 -0.422618 chimbald.dat
1 4 207.567 9.5 -235.915 -0.422618 0 -0.906308 0 1 0 0.906308 0 -0.422618 tetonesp.dat
1 2 215.809 9 -253.589 -0.422618 0 -0.906308 0 1 0 0.906308 0 -0.422618 tetonesp.dat
1 15 342.386 26.5 -5.64 -0.34202 0 -0.939693 0 1 0 0.939693 0 -0.34202 baldc2x2.dat
1 33 287.837 18 -12.192 0.34202 0 -0.939693 0 -1 0 -0.939693 0 -0.34202 baldcil.dat
1 33 287.837 -6 -12.192 0.34202 0 -0.939693 0 -1 0 -0.939693 0 -0.34202 cilindro.dat
1 7 316.568 18.5 6.197 -0.707107 0 -0.707107 0 1 0 0.707107 0 -0.707107 chimbald.dat
1 7 316.923 6 5.843 -0.707107 0 -0.707107 0 1 0 0.707107 0 -0.707107 chimbald.dat
1 4 309.851 9.5 12.914 -0.707107 0 -0.707107 0 1 0 0.707107 0 -0.707107 tetonesp.dat
1 2 323.64 9 -0.876 -0.707107 0 -0.707107 0 1 0 0.707107 0 -0.707107 tetonesp.dat
1 15 252.998 26.5 70.371 0.34202 0 0.939693 0 1 0 -0.939693 0 0.34202 baldc2x2.dat
1 33 307.547 18 76.923 -0.34202 0 0.939693 0 -1 0 0.939693 0 0.34202 baldcil.dat
1 33 307.547 -6 76.923 -0.34202 0 0.939693 0 -1 0 0.939693 0 0.34202 cilindro.dat
1 7 278.816 18.5 58.534 0.707107 0 0.707107 0 1 0 -0.707107 0 0.707107 chimbald.dat
1 7 278.461 6 58.888 0.707107 0 0.707107 0 1 0 -0.707107 0 0.707107 chimbald.dat
1 4 285.533 9.5 51.817 0.707107 0 0.707107 0 1 0 -0.707107 0 0.707107 tetonesp.dat
1 2 271.744 9 65.607 0.707107 0 0.707107 0 1 0 -0.707107 0 0.707107 tetonesp.dat
1 15 404.374 26.5 272.855 0.34202 0 0.939693 0 1 0 -0.939693 0 0.34202 baldc2x2.dat
1 7 430.192 18.5 261.018 0.707107 0 0.707107 0 1 0 -0.707107 0 0.707107 chimbald.dat
1 7 429.837 6 261.372 0.707107 0 0.707107 0 1 0 -0.707107 0 0.707107 chimbald.dat
1 15 365.852 26.5 241.275 0.34202 0 0.939693 0 1 0 -0.939693 0 0.34202 baldc2x2.dat
1 37 358.676 18 237.599 -0.34202 0 0.939693 0 -1 0 0.939693 0 0.34202 baldcil.dat
1 37 358.676 -6 237.599 -0.34202 0 0.939693 0 -1 0 0.939693 0 0.34202 cilindro.dat
1 7 391.67 18.5 229.438 0.707107 0 0.707107 0 1 0 -0.707107 0 0.707107 chimbald.dat
1 7 391.315 6 229.792 0.707107 0 0.707107 0 1 0 -0.707107 0 0.707107 chimbald.dat
1 4 436.909 9.5 254.301 0.707107 0 0.707107 0 1 0 -0.707107 0 0.707107 tetonesp.dat
1 2 423.12 9 268.091 0.707107 0 0.707107 0 1 0 -0.707107 0 0.707107 tetonesp.dat
1 15 -72.125 0 250.414 0.707107 0 0.707107 0 -1 0 0.707107 0 -0.707107 chimbald.dat
1 4 -77.782 8 190.309 0.707107 0 0.707107 0 -1 0 0.707107 0 -0.707107 tetonesp.dat
1 2 -77.075 12 172.632 0.707107 0 0.707107 0 -1 0 0.707107 0 -0.707107 tetonesp.dat
1 14 -84.853 4 268.091 0.707107 0 0.707107 0 -1 0 0.707107 0 -0.707107 tetonesp.dat
1 15 363.079 26.5 307.579 0 0 1 0 1 0 -1 0 0 baldc2x2.dat
1 46 416.579 18 295.079 0 0 1 0 -1 0 1 0 0 baldcil.dat
1 46 416.579 -6 295.079 0 0 1 0 -1 0 1 0 0 cilindro.dat
1 7 383.291 18.5 287.626 0.422618 0 0.906308 0 1 0 -0.906308 0 0.422618 chimbald.dat
1 7 383.079 6 288.079 0.422618 0 0.906308 0 1 0 -0.906308 0 0.422618 chimbald.dat
1 4 387.306 9.5 279.016 0.422618 0 0.906308 0 1 0 -0.906308 0 0.422618 tetonesp.dat
1 2 379.064 9 296.69 0.422618 0 0.906308 0 1 0 -0.906308 0 0.422618 tetonesp.dat
1 4 30 106.5 220 0 0 1 0 1 0 -1 0 0 htit2.dat
1 7 -60 -48 60 1 0 0 0 1 0 0 0 1 rallado2.dat
1 7 -100 -72 40 1 0 0 0 1 0 0 0 1 bald2x2.dat
1 7 -100 -72 80 1 0 0 0 1 0 0 0 1 placa1.dat
1 7 -40 -72 80 1 0 0 0 1 0 0 0 1 placa1.dat
1 7 -60 -72 40 1 0 0 0 1 0 0 0 1 bald2x2.dat
1 7 -100 -80 80 1 0 0 0 1 0 0 0 1 bald2x2.dat
1 7 -60 -80 80 1 0 0 0 1 0 0 0 1 bald2x2.dat
1 7 -100 -48 60 1 0 0 0 1 0 0 0 1 rallado2.dat
1 7 -20 -48 60 0 0 -1 0 1 0 1 0 0 jacena2.dat
1 7 -80 -48 60 0 0 -1 0 1 0 1 0 0 jacena2.dat
0 MLCAD BTG conductor
1 7 201 11.603 -130.42 1 0 0 0 1 0 0 0 1 htitcab2.dat
0 MLCAD BTG conductor
1 15 201 91.603 -130.42 1 0 0 0 1 0 0 0 1 htittron.dat
0 MLCAD BTG conductor
1 15 201 48.372 -193 1 0 0 0 0.34202 0.939693 0 -0.939693 0.34202 htitbrzi.dat
0 MLCAD BTG conductor
1 15 201 48.372 -193 1 0 0 0 0.34202 0.939693 0 -0.939693 0.34202 htitbrzd.dat
0 MLCAD BTG conductor
1 15 201 48.372 -193 1 0 0 0 0.34202 0.939693 0 -0.939693 0.34202 htitmani.dat
0 MLCAD BTG conductor
1 15 201 48.372 -193 1 0 0 0 0.34202 0.939693 0 -0.939693 0.34202 htitmand.dat
0 MLCAD BTG conductor
1 15 201 54.603 -167.92 1 0 0 0 0 1 0 -1 0 htitpies.dat
0 GROUP 7 conductor
0 MLCAD BTG cocinero
1 7 -34.389 -36.741 220.58 0 -0.642788 -0.766044 0 0.766044 -0.642788 1 0 0 htitcab2.dat
0 MLCAD BTG cocinero
1 15 -85.812 24.542 220.58 0 -0.642788 -0.766044 0 0.766044 -0.642788 1 0 0 htittron.dat
0 MLCAD BTG cocinero
1 15 -10.085 31.65 220.58 0 0.5 -0.866026 0 0.866026 0.5 1 0 0 htitbrzi.dat
0 MLCAD BTG cocinero
1 15 -10.085 31.65 220.58 0 0.5 -0.866026 0 0.866026 0.5 1 0 0 htitbrzd.dat
0 MLCAD BTG cocinero
1 15 -10.085 31.65 220.58 0 0.5 -0.866026 0 0.866026 0.5 1 0 0 htitmani.dat
0 MLCAD BTG cocinero
1 15 -10.085 31.65 220.58 0 0.5 -0.866026 0 0.866026 0.5 1 0 0 htitmand.dat
0 MLCAD BTG cocinero
1 15 -61.944 32.305 220.58 0 0 -1 0 1 0 1 0 0 htitpies.dat
0 GROUP 7 cocinero
1 7 -60 40 120 0 0 1 0 1 0 -1 0 0 asiescor.dat
1 7 -60 40 160 0 0 1 0 1 0 -1 0 0 asiescor.dat
1 7 -20 40 180 0 0 1 0 1 0 -1 0 0 jacena4.dat
1 7 -20 16 340 0 0 1 0 1 0 -1 0 0 jacena2.dat
1 7 -20 16 140 0 0 1 0 1 0 -1 0 0 jacena2.dat
1 7 -10 16 150 0 0 1 0 1 0 -1 0 0 jacena1.dat
1 7 -10 16 290 0 0 1 0 1 0 -1 0 0 jacena1.dat
1 7 0 -8 280 0 0 -1 0 1 0 1 0 0 jacena2.dat
1 7 -10 -8 330 0 0 -1 0 1 0 1 0 0 jacena1.dat
1 7 -20 -32 340 0 0 1 0 1 0 -1 0 0 jacena2.dat
1 7 -10 -32 290 0 0 1 0 1 0 -1 0 0 jacena1.dat
1 7 0 -56 280 0 0 -1 0 1 0 1 0 0 jacena2.dat
1 7 -120 16 340 0 0 1 0 1 0 -1 0 0 jacena2.dat
1 7 -110 16 290 0 0 1 0 1 0 -1 0 0 jacena1.dat
1 7 -100 -8 280 0 0 -1 0 1 0 1 0 0 jacena2.dat
1 7 -110 -8 330 0 0 -1 0 1 0 1 0 0 jacena1.dat
1 7 -120 -32 340 0 0 1 0 1 0 -1 0 0 jacena2.dat
1 7 -110 -32 290 0 0 1 0 1 0 -1 0 0 jacena1.dat
1 7 -100 -56 280 0 0 -1 0 1 0 1 0 0 jacena2.dat
1 7 -120 -56 340 0 0 1 0 1 0 -1 0 0 pgarajes.dat
1 7 -100 8 100 0 0 -1 0 1 0 1 0 0 jacena2.dat
1 7 -110 8 150 0 0 -1 0 1 0 1 0 0 jacena1.dat
1 7 -120 -16 160 0 0 1 0 1 0 -1 0 0 jacena2.dat
1 7 -110 -16 110 0 0 1 0 1 0 -1 0 0 jacena1.dat
1 7 -100 -40 100 0 0 -1 0 1 0 1 0 0 jacena2.dat
1 7 -110 -40 150 0 0 -1 0 1 0 1 0 0 jacena1.dat
1 7 -120 -64 160 0 0 1 0 1 0 -1 0 0 jacena2.dat
1 7 -110 -64 110 0 0 1 0 1 0 -1 0 0 jacena1.dat
1 7 -120 16 120 0 0 1 0 1 0 -1 0 0 placa1.dat
1 7 -40 -80 320 1 0 0 0 1 0 0 0 1 placa2.dat
1 7 0 -88 260 0 0 -1 0 1 0 1 0 0 baldc4x6.dat
1 7 0 -88 180 0 0 -1 0 1 0 1 0 0 baldc4x6.dat
1 0 -24 12.994 28.402 0 0 -1 0.906308 0.422618 0 0.422618 -0.906308 0 cabnuevo.dat
1 7 0 -88 100 0 0 -1 0 1 0 1 0 0 baldc4x6.dat
1 7 -120 -80 320 1 0 0 0 1 0 0 0 1 placa2.dat
1 7 -120 -80 320 0 0 1 0 1 0 -1 0 0 placa2.dat
1 7 -20 -80 320 0 0 1 0 1 0 -1 0 0 placa2.dat
1 7 -20 -80 160 0 0 1 0 1 0 -1 0 0 placa1.dat
1 7 -20 -80 140 0 0 1 0 1 0 -1 0 0 placa2.dat
1 7 0 -80 260 0 0 1 0 1 0 -1 0 0 bispqarr.dat
1 7 0 -80 220 0 0 1 0 1 0 -1 0 0 bispqarr.dat
1 7 0 -80 180 0 0 1 0 1 0 -1 0 0 bispqarr.dat
0 MLCAD BTG despacho_clientes
1 1 4 -84 180 0 1 0 0 0 -1 -1 0 0 bispqaba.dat
0 MLCAD BTG despacho_clientes
1 1 4 -84 220 0 1 0 0 0 -1 -1 0 0 bispqaba.dat
0 MLCAD BTG despacho_clientes
1 1 4 -84 260 0 1 0 0 0 -1 -1 0 0 bispqaba.dat
0 MLCAD BTG despacho_clientes
1 1 20 -74 190 0 1 0 0 0 -1 -1 0 0 placa3m.dat
0 MLCAD BTG despacho_clientes
1 1 20 -74 250 0 1 0 0 0 -1 -1 0 0 placa3m.dat
1 7 -120 -80 180 0 0 -1 0 1 0 1 0 0 bispqarr.dat
1 7 -120 -80 220 0 0 -1 0 1 0 1 0 0 bispqarr.dat
1 7 -120 -80 260 0 0 -1 0 1 0 1 0 0 bispqarr.dat
0 MLCAD BTG despacho_clientes
1 1 20 -64 200 0 -1 0 -1 0 0 0 0 -1 castillo.dat
0 MLCAD BTG despacho_clientes
1 1 20 -64 240 0 -1 0 -1 0 0 0 0 -1 castillo.dat
0 MLCAD BTG despacho_clientes
1 1 20 -64 280 0 -1 0 -1 0 0 0 0 -1 castillo.dat
0 GROUP 8 despacho_clientes
0 MLCAD BTG despacho_proveedores
1 1 -120 -82 260 0 0 1 0 -1 0 1 0 0 bispqaba.dat
0 MLCAD BTG despacho_proveedores
1 1 -120 -82 220 0 0 1 0 -1 0 1 0 0 bispqaba.dat
0 MLCAD BTG despacho_proveedores
1 1 -120 -82 180 0 0 1 0 -1 0 1 0 0 bispqaba.dat
0 MLCAD BTG despacho_proveedores
1 1 -130 -98 250 0 0 1 0 -1 0 1 0 0 placa3m.dat
0 MLCAD BTG despacho_proveedores
1 1 -130 -98 190 0 0 1 0 -1 0 1 0 0 placa3m.dat
0 MLCAD BTG despacho_proveedores
1 1 -140 -98 240 1 0 0 0 1 0 0 0 1 castillo.dat
0 MLCAD BTG despacho_proveedores
1 1 -140 -98 200 1 0 0 0 1 0 0 0 1 castillo.dat
0 MLCAD BTG despacho_proveedores
1 1 -140 -98 160 1 0 0 0 1 0 0 0 1 castillo.dat
0 GROUP 8 despacho_proveedores
1 7 -20 -32 160 0 0 1 0 1 0 -1 0 0 jacena2.dat
1 7 -10 -32 110 0 0 1 0 1 0 -1 0 0 jacena1.dat
1 7 0 -56 100 0 0 -1 0 1 0 1 0 0 jacena2.dat
1 7 -10 -56 150 0 0 -1 0 1 0 1 0 0 jacena1.dat
1 7 0 -8 100 0 0 -1 0 1 0 1 0 0 jacena2.dat
1 7 -10 -8 150 0 0 -1 0 1 0 1 0 0 jacena1.dat
1 7 -20 16 240 0 0 1 0 1 0 -1 0 0 placa4.dat
1 7 -20 16 280 0 0 1 0 1 0 -1 0 0 placa2.dat
1 10 -60 48 0 1 0 0 0 1 0 0 0 1 cabnuebs.dat
1 10 -60 40 0 1 0 0 0 1 0 0 0 1 cabnuept.dat
1 10 -60 8 0 -1 0 0 0 -1 0 0 0 1 cabnuept.dat
1 47 -60 40 0 1 0 0 0 1 0 0 0 1 cabnuecr.dat
1 10 -120 48 260 0 0 1 0 1 0 -1 0 0 placa6x8.dat
1 10 -120 48 260 1 0 0 0 1 0 0 0 1 placa4x6.dat
1 0 -10 56 180 0 0 -1 0 1 0 1 0 0 placa4x6.dat
1 0 -10 56 60 0 0 -1 0 1 0 1 0 0 placa4x6.dat
1 0 -10 64 180 0 0 -1 0 1 0 1 0 0 placa4x6.dat
1 0 -10 64 60 0 0 -1 0 1 0 1 0 0 placa4x6.dat
1 383 -60 40 0 1 0 0 0 1 0 0 0 1 cabnuesp.dat
1 383 -60 40 25 -1 0 0 0 1 0 0 0 -1 cabnuesp.dat
1 14 -60 64 280 -1 0 0 0 1 0 0 0 -1 rues42l.dat
1 14 -60 64 220 -1 0 0 0 1 0 0 0 -1 rues42l.dat
1 14 -60 64 80 -1 0 0 0 1 0 0 0 -1 rues42l.dat
1 10 -80 72 0 1 0 0 0 1 0 0 0 1 enganche.dat
1 10 -100 72 0 1 0 0 0 1 0 0 0 1 enganche.dat
1 10 -60 72 0 1 0 0 0 1 0 0 0 1 enganche.dat
1 10 -40 72 0 1 0 0 0 1 0 0 0 1 enganche.dat
1 10 -10 80 10 1 0 0 0 1 0 0 0 1 jacena1.dat
0 MLCAD BTG banqueta
1 0 180 68 -131 1 0 0 0 1 0 0 0 1 sillastr.dat
0 MLCAD BTG banqueta
1 0 180 68 -171 1 0 0 0 1 0 0 0 1 bald2x2.dat
0 MLCAD BTG banqueta
1 0 220 76 -171 0 0 -1 0 1 0 1 0 0 placa2x3.dat
0 MLCAD BTG banqueta
1 0 210 108 -121 0 0 -1 0 1 0 1 0 0 ejealfa.dat
0 MLCAD BTG banqueta
1 0 190 108 -121 0 0 -1 0 1 0 1 0 0 ejealfa.dat
0 MLCAD BTG banqueta
1 0 190 108 -161 0 0 -1 0 1 0 1 0 0 ejealfa.dat
0 MLCAD BTG banqueta
1 0 210 108 -161 0 0 -1 0 1 0 1 0 0 ejealfa.dat
0 GROUP 7 banqueta
1 7 201 11.603 -290.42 -1 0 0 0 1 0 0 0 -1 htitcab2.dat
1 11 201 91.603 -290.42 -1 0 0 0 1 0 0 0 -1 htittron.dat
1 11 201 48.372 -227.84 -1 0 0 0 0.34202 0.939693 0 0.939693 -0.34202 htitbrzi.dat
1 11 201 48.372 -227.84 -1 0 0 0 0.34202 0.939693 0 0.939693 -0.34202 htitbrzd.dat
1 15 201 48.372 -227.84 -1 0 0 0 0.34202 0.939693 0 0.939693 -0.34202 htitmani.dat
1 15 201 48.372 -227.84 -1 0 0 0 0.34202 0.939693 0 0.939693 -0.34202 htitmand.dat
1 1 201 54.603 -252.92 -1 0 0 0 0 1 0 1 0 htitpies.dat
1 0 222 68 -289.84 -1 0 0 0 1 0 0 0 -1 sillastr.dat
1 0 222 68 -249.84 -1 0 0 0 1 0 0 0 -1 bald2x2.dat
1 0 182 76 -249.84 0 0 1 0 1 0 -1 0 0 placa2x3.dat
1 0 192 108 -299.84 0 0 1 0 1 0 -1 0 0 ejealfa.dat
1 0 212 108 -299.84 0 0 1 0 1 0 -1 0 0 ejealfa.dat
1 0 212 108 -259.84 0 0 1 0 1 0 -1 0 0 ejealfa.dat
1 0 192 108 -259.84 0 0 1 0 1 0 -1 0 0 ejealfa.dat
1 7 281 11.603 -210.42 0 0 1 0 1 0 -1 0 0 htitcab2.dat
1 2 281 91.603 -210.42 0 0 1 0 1 0 -1 0 0 htittron.dat
1 2 218.42 48.372 -210.42 0 -0.939693 0.34202 0 0.34202 0.939693 -1 0 0 htitbrzi.dat
1 2 218.42 48.372 -210.42 0 -0.939693 0.34202 0 0.34202 0.939693 -1 0 0 htitbrzd.dat
1 15 218.42 48.372 -210.42 0 -0.939693 0.34202 0 0.34202 0.939693 -1 0 0 htitmani.dat
1 15 218.42 48.372 -210.42 0 -0.939693 0.34202 0 0.34202 0.939693 -1 0 0 htitmand.dat
1 2 243.5 54.603 -210.42 0 -1 0 0 0 1 -1 0 0 htitpies.dat
1 0 280.42 68 -189.42 0 0 1 0 1 0 -1 0 0 sillastr.dat
1 0 240.42 68 -189.42 0 0 1 0 1 0 -1 0 0 bald2x2.dat
1 0 240.42 76 -229.42 1 0 0 0 1 0 0 0 1 placa2x3.dat
1 0 290.42 108 -219.42 1 0 0 0 1 0 0 0 1 ejealfa.dat
1 0 290.42 108 -199.42 1 0 0 0 1 0 0 0 1 ejealfa.dat
1 0 250.42 108 -199.42 1 0 0 0 1 0 0 0 1 ejealfa.dat
1 0 250.42 108 -219.42 1 0 0 0 1 0 0 0 1 ejealfa.dat
0 MLCAD BTG banqueta_vacia
1 0 119 68 -227.5 0 0 -1 0 1 0 1 0 0 sillastr.dat
0 MLCAD BTG banqueta_vacia
1 0 159 68 -227.5 0 0 -1 0 1 0 1 0 0 bald2x2.dat
0 MLCAD BTG banqueta_vacia
1 0 159 76 -187.5 -1 0 0 0 1 0 0 0 -1 placa2x3.dat
0 MLCAD BTG banqueta_vacia
1 0 109 108 -197.5 -1 0 0 0 1 0 0 0 -1 ejealfa.dat
0 MLCAD BTG banqueta_vacia
1 0 108.999 108 -217.5 -1 0 0 0 1 0 0 0 -1 ejealfa.dat
0 MLCAD BTG banqueta_vacia
1 0 149 108 -217.5 -1 0 0 0 1 0 0 0 -1 ejealfa.dat
0 MLCAD BTG banqueta_vacia
1 0 149 108 -197.5 -1 0 0 0 1 0 0 0 -1 ejealfa.dat
0 GROUP 7 banqueta_vacia
1 7 294.815 20 29.392 -0.258819 0 0.965926 0 -1 0 0.965926 0 0.258819 popa6p.dat
1 7 294.815 20 29.392 0.258819 0 -0.965926 0 -1 0 -0.965926 0 -0.258819 popa6p.dat
1 7 308.957 28 53.887 0.258819 0 -0.965926 0 -1 0 -0.965926 0 -0.258819 jacen2x2.dat
1 7 280.673 28 4.897 -0.258819 0 0.965926 0 -1 0 0.965926 0 0.258819 pico.dat
1 7 308.957 28 53.887 0.258819 0 -0.965926 0 -1 0 -0.965926 0 -0.258819 pico.dat
1 7 308.957 52 53.887 0.258819 0 -0.965926 0 -1 0 -0.965926 0 -0.258819 jacen2x2.dat
1 7 308.957 76 53.887 0.258819 0 -0.965926 0 -1 0 -0.965926 0 -0.258819 jacen2x2.dat
1 7 294.815 100 29.392 0.258819 0 -0.965926 0 -1 0 -0.965926 0 -0.258819 baldc4.dat
1 7 274.925 11.603 107.486 0.965926 0 -0.258819 0 1 0 0.258819 0 0.965926 htitcab2.dat
1 13 274.925 91.603 107.486 0.965926 0 -0.258819 0 1 0 0.258819 0 0.965926 htittron.dat
1 13 291.122 48.372 47.037 0.965926 0.24321 -0.0885213 0 0.34202 0.939693 0.258819 -0.907674 0.330366 htitbrzi.dat
1 13 291.122 48.372 47.037 0.965926 0.24321 -0.0885213 0 0.34202 0.939693 0.258819 -0.907674 0.330366 htitbrzd.dat
1 15 291.122 48.372 47.037 0.965926 0.24321 -0.0885213 0 0.34202 0.939693 0.258819 -0.907674 0.330366 htitmani.dat
1 15 291.122 48.372 47.037 0.965926 0.24321 -0.0885213 0 0.34202 0.939693 0.258819 -0.907674 0.330366 htitmand.dat
1 4 284.632 54.603 71.263 0.965926 0.258819 0 0 0 1 0.258819 -0.965926 0 htitpies.dat
1 0 254.791 68 101.489 0.965926 0 -0.258819 0 1 0 0.258819 0 0.965926 sillastr.dat
1 0 265.144 68 62.853 0.965926 0 -0.258819 0 1 0 0.258819 0 0.965926 bald2x2.dat
1 0 303.782 76 73.205 -0.258819 0 -0.965926 0 1 0 0.965926 0 -0.258819 placa2x3.dat
1 0 281.181 108 118.913 -0.258819 0 -0.965926 0 1 0 0.965926 0 -0.258819 ejealfa.dat
1 0 261.862 108 113.737 -0.258819 0 -0.965926 0 1 0 0.965926 0 -0.258819 ejealfa.dat
1 0 272.214 108 75.1 -0.258819 0 -0.965926 0 1 0 0.965926 0 -0.258819 ejealfa.dat
1 0 291.534 108 80.277 -0.258819 0 -0.965926 0 1 0 0.965926 0 -0.258819 ejealfa.dat
1 7 316.336 11.603 -47.063 -0.965926 0 0.258819 0 1 0 -0.258819 0 -0.965926 htitcab2.dat
1 9 316.336 91.603 -47.063 -0.965926 0 0.258819 0 1 0 -0.258819 0 -0.965926 htittron.dat
1 9 300.139 48.372 13.384 -0.965926 -0.24321 0.0885213 0 0.34202 0.939693 -0.258819 0.907674 -0.330366 htitbrzi.dat
1 9 300.139 48.372 13.384 -0.965926 -0.24321 0.0885213 0 0.34202 0.939693 -0.258819 0.907674 -0.330366 htitbrzd.dat
1 15 300.139 48.372 13.384 -0.965926 -0.24321 0.0885213 0 0.34202 0.939693 -0.258819 0.907674 -0.330366 htitmani.dat
1 15 300.139 48.372 13.384 -0.965926 -0.24321 0.0885213 0 0.34202 0.939693 -0.258819 0.907674 -0.330366 htitmand.dat
1 2 306.63 54.603 -10.84 -0.965926 -0.258819 0 0 0 1 -0.258819 0.965926 0 htitpies.dat
1 0 336.471 68 -41.068 -0.965926 0 0.258819 0 1 0 -0.258819 0 -0.965926 sillastr.dat
1 0 326.118 68 -2.431 -0.965926 0 0.258819 0 1 0 -0.258819 0 -0.965926 bald2x2.dat
1 0 287.481 76 -12.784 0.258819 0 0.965926 0 1 0 -0.965926 0 0.258819 placa2x3.dat
1 0 310.081 108 -58.491 0.258819 0 0.965926 0 1 0 -0.965926 0 0.258819 ejealfa.dat
1 0 329.399 108 -53.315 0.258819 0 0.965926 0 1 0 -0.965926 0 0.258819 ejealfa.dat
1 0 319.047 108 -14.678 0.258819 0 0.965926 0 1 0 -0.965926 0 0.258819 ejealfa.dat
1 0 299.728 108 -19.854 0.258819 0 0.965926 0 1 0 -0.965926 0 0.258819 ejealfa.dat
1 15 312.457 48.372 34.72 0.258819 -0.907674 0.330366 0 0.34202 0.939693 -0.965926 -0.24321 0.0885213 htitmani.dat
1 15 312.457 48.372 34.72 0.258819 -0.907674 0.330366 0 0.34202 0.939693 -0.965926 -0.24321 0.0885213 htitmand.dat
1 7 394.815 20 259.392 0.173648 0 0.984808 0 -1 0 0.984808 0 -0.173648 popa6p.dat
1 7 394.815 20 259.392 -0.173648 0 -0.984808 0 -1 0 -0.984808 0 0.173648 popa6p.dat
1 7 417.984 28 275.615 -0.173648 0 -0.984808 0 -1 0 -0.984808 0 0.173648 jacen2x2.dat
1 7 371.646 28 243.169 0.173648 0 0.984808 0 -1 0 0.984808 0 -0.173648 pico.dat
1 7 417.984 28 275.615 -0.173648 0 -0.984808 0 -1 0 -0.984808 0 0.173648 pico.dat
1 7 417.984 52 275.615 -0.173648 0 -0.984808 0 -1 0 -0.984808 0 0.173648 jacen2x2.dat
1 7 417.984 76 275.615 -0.173648 0 -0.984808 0 -1 0 -0.984808 0 0.173648 jacen2x2.dat
1 7 394.815 100 259.392 -0.173648 0 -0.984808 0 -1 0 -0.984808 0 0.173648 baldc4.dat
1 7 409.792 11.603 338.574 0.984808 0 0.173648 0 1 0 -0.173648 0 0.984808 htitcab2.dat
1 8 409.792 91.603 338.574 0.984808 0 0.173648 0 1 0 -0.173648 0 0.984808 htittron.dat
1 7 398.925 48.372 276.945 0.984808 -0.163176 0.0593911 0 0.34202 0.939693 -0.173648 -0.925417 0.336824 htitbrzi.dat
1 7 398.925 48.372 276.945 0.984808 -0.163176 0.0593911 0 0.34202 0.939693 -0.173648 -0.925417 0.336824 htitbrzd.dat
1 15 398.925 48.372 276.945 0.984808 -0.163176 0.0593911 0 0.34202 0.939693 -0.173648 -0.925417 0.336824 htitmani.dat
1 15 398.925 48.372 276.945 0.984808 -0.163176 0.0593911 0 0.34202 0.939693 -0.173648 -0.925417 0.336824 htitmand.dat
1 6 403.281 54.603 301.644 0.984808 -0.173648 0 0 0 1 -0.173648 -0.984808 0 htitpies.dat
1 0 389.011 68 341.65 0.984808 0 0.173648 0 1 0 -0.173648 0 0.984808 sillastr.dat
1 0 382.064 68 302.257 0.984808 0 0.173648 0 1 0 -0.173648 0 0.984808 bald2x2.dat
1 0 421.457 76 295.312 0.173648 0 -0.984808 0 1 0 0.984808 0 0.173648 placa2x3.dat
1 0 420.291 108 346.288 0.173648 0 -0.984808 0 1 0 0.984808 0 0.173648 ejealfa.dat
1 0 400.595 108 349.761 0.173648 0 -0.984808 0 1 0 0.984808 0 0.173648 ejealfa.dat
1 0 393.649 108 310.369 0.173648 0 -0.984808 0 1 0 0.984808 0 0.173648 ejealfa.dat
1 0 413.346 108 306.896 0.173648 0 -0.984808 0 1 0 0.984808 0 0.173648 ejealfa.dat
1 7 382.008 11.603 181.005 -0.984808 0 -0.173648 0 1 0 0.173648 0 -0.984808 htitcab2.dat
1 11 382.008 91.603 181.005 -0.984808 0 -0.173648 0 1 0 0.173648 0 -0.984808 htittron.dat
1 11 392.875 48.372 242.634 -0.984808 0.163176 -0.0593911 0 0.34202 0.939693 0.173648 0.925417 -0.336824 htitbrzi.dat
1 11 392.875 48.372 242.634 -0.984808 0.163176 -0.0593911 0 0.34202 0.939693 0.173648 0.925417 -0.336824 htitbrzd.dat
1 15 392.875 48.372 242.634 -0.984808 0.163176 -0.0593911 0 0.34202 0.939693 0.173648 0.925417 -0.336824 htitmani.dat
1 15 392.875 48.372 242.634 -0.984808 0.163176 -0.0593911 0 0.34202 0.939693 0.173648 0.925417 -0.336824 htitmand.dat
1 2 388.521 54.603 217.935 -0.984808 0.173648 0 0 0 1 0.173648 0.984808 0 htitpies.dat
1 0 402.79 68 177.93 -0.984808 0 -0.173648 0 1 0 0.173648 0 -0.984808 sillastr.dat
1 0 409.736 68 217.321 -0.984808 0 -0.173648 0 1 0 0.173648 0 -0.984808 bald2x2.dat
1 0 370.344 76 224.268 -0.173648 0 0.984808 0 1 0 -0.984808 0 -0.173648 placa2x3.dat
1 0 371.51 108 173.291 -0.173648 0 0.984808 0 1 0 -0.984808 0 -0.173648 ejealfa.dat
1 0 391.205 108 169.818 -0.173648 0 0.984808 0 1 0 -0.984808 0 -0.173648 ejealfa.dat
1 0 398.152 108 209.21 -0.173648 0 0.984808 0 1 0 -0.984808 0 -0.173648 ejealfa.dat
1 0 378.456 108 212.683 -0.173648 0 0.984808 0 1 0 -0.984808 0 -0.173648 ejealfa.dat
1 7 474.685 11.603 245.898 -0.173648 0 0.984808 0 1 0 -0.984808 0 -0.173648 htitcab2.dat
1 2 474.685 91.603 245.898 -0.173648 0 0.984808 0 1 0 -0.984808 0 -0.173648 htittron.dat
1 2 413.055 48.372 256.764 -0.173648 -0.925417 0.336824 0 0.34202 0.939693 -0.984808 0.163176 -0.0593911 htitbrzi.dat
1 2 413.055 48.372 256.764 -0.173648 -0.925417 0.336824 0 0.34202 0.939693 -0.984808 0.163176 -0.0593911 htitbrzd.dat
1 15 413.055 48.372 256.764 -0.173648 -0.925417 0.336824 0 0.34202 0.939693 -0.984808 0.163176 -0.0593911 htitmani.dat
1 15 413.055 48.372 256.764 -0.173648 -0.925417 0.336824 0 0.34202 0.939693 -0.984808 0.163176 -0.0593911 htitmand.dat
1 2 437.755 54.603 252.41 -0.173648 -0.984808 0 0 0 1 -0.984808 0.173648 0 htitpies.dat
1 0 477.761 68 266.68 -0.173648 0 0.984808 0 1 0 -0.984808 0 -0.173648 sillastr.dat
1 0 438.368 68 273.625 -0.173648 0 0.984808 0 1 0 -0.984808 0 -0.173648 bald2x2.dat
1 0 431.423 76 234.233 0.984808 0 0.173648 0 1 0 -0.173648 0 0.984808 placa2x3.dat
1 0 482.399 108 235.398 0.984808 0 0.173648 0 1 0 -0.173648 0 0.984808 ejealfa.dat
1 0 485.872 108 255.095 0.984808 0 0.173648 0 1 0 -0.173648 0 0.984808 ejealfa.dat
1 0 446.479 108 262.041 0.984808 0 0.173648 0 1 0 -0.173648 0 0.984808 ejealfa.dat
1 0 443.007 108 242.345 0.984808 0 0.173648 0 1 0 -0.173648 0 0.984808 ejealfa.dat
1 0 312.18 68 257.208 0.173648 0 -0.984808 0 1 0 0.984808 0 0.173648 sillastr.dat
1 0 351.573 68 250.262 0.173648 0 -0.984808 0 1 0 0.984808 0 0.173648 bald2x2.dat
1 0 358.518 76 289.655 -0.984808 0 -0.173648 0 1 0 0.173648 0 -0.984808 placa2x3.dat
1 0 307.542 108 288.489 -0.984808 0 -0.173648 0 1 0 0.173648 0 -0.984808 ejealfa.dat
1 0 304.068 108 268.793 -0.984808 0 -0.173648 0 1 0 0.173648 0 -0.984808 ejealfa.dat
1 0 343.462 108 261.847 -0.984808 0 -0.173648 0 1 0 0.173648 0 -0.984808 ejealfa.dat
1 0 346.934 108 281.543 -0.984808 0 -0.173648 0 1 0 0.173648 0 -0.984808 ejealfa.dat
1 10 -40 72 20 1 0 0 0 1 0 0 0 1 cuna.dat
1 10 -40 80 20 1 0 0 0 1 0 0 0 1 placa2.dat
1 10 -120 80 20 1 0 0 0 1 0 0 0 1 placa2.dat
1 10 -20 80 150 0 0 -1 0 1 0 1 0 0 alfajacn.dat
1 10 0 56 110 0 0 -1 0 1 0 1 0 0 placa4.dat
1 10 -20 80 110 0 0 -1 0 1 0 1 0 0 alfajacn.dat
1 10 -100 80 150 0 0 1 0 1 0 -1 0 0 alfajacn.dat
1 10 -120 56 190 0 0 1 0 1 0 -1 0 0 placa4.dat
1 10 -100 80 190 0 0 1 0 1 0 -1 0 0 alfajacn.dat
1 10 -120 72 20 1 0 0 0 1 0 0 0 1 cuna.dat
1 10 -80 72 340 -1 0 0 0 1 0 0 0 -1 cuna.dat
1 10 0 72 340 -1 0 0 0 1 0 0 0 -1 cuna.dat
1 10 -40 72 340 -1 0 0 0 1 0 0 0 -1 cuna.dat
0 MLCAD BTG luces_traseras
1 46 -10 58 340 -1 0 0 0 0 -1 0 -1 0 baldcil.dat
0 MLCAD BTG luces_traseras
1 46 -110 58 340 -1 0 0 0 0 -1 0 -1 0 baldcil.dat
0 MLCAD BTG luces_traseras
1 15 -40 48 340 0 0 -1 1 0 0 0 -1 0 bald2.dat
0 MLCAD BTG luces_traseras
1 36 -30 58 340 -1 0 0 0 0 -1 0 -1 0 baldcil.dat
0 MLCAD BTG luces_traseras
1 36 -90 58 340 -1 0 0 0 0 -1 0 -1 0 baldcil.dat
0 MLCAD BTG luces_traseras
1 15 -10 58 340 -1 0 0 0 0 -1 0 -1 0 tetonesp.dat
0 MLCAD BTG luces_traseras
1 15 -30 58 340 -1 0 0 0 0 -1 0 -1 0 tetonesp.dat
0 MLCAD BTG luces_traseras
1 15 -50 58 340 -1 0 0 0 0 -1 0 -1 0 tetonesp.dat
0 MLCAD BTG luces_traseras
1 15 -70 58 340 -1 0 0 0 0 -1 0 -1 0 tetonesp.dat
0 MLCAD BTG luces_traseras
1 15 -90 58 340 -1 0 0 0 0 -1 0 -1 0 tetonesp.dat
0 MLCAD BTG luces_traseras
1 15 -110 58 340 -1 0 0 0 0 -1 0 -1 0 tetonesp.dat
0 GROUP 11 luces_traseras
1 10 -110 80 10 1 0 0 0 1 0 0 0 1 jacena1.dat
1 46 -20 56 0 1 0 0 0 1 0 0 0 1 placa1.dat
1 46 -120 56 0 1 0 0 0 1 0 0 0 1 placa1.dat
1 10 -100 80 0 1 0 0 0 1 0 0 0 1 placa4.dat
1 47 0 32 0 -1 0 0 0 0 1 0 1 0 respirad.dat
1 47 -80 32 0 -1 0 0 0 0 1 0 1 0 respirad.dat
1 8 -40 32 0 -1 0 0 0 0 1 0 1 0 alfaplac.dat
1 0 -40 40 300 0 0 -1 0 1 0 1 0 0 baldb2x2.dat
1 7 -40 -80 300 0 0 -1 0 1 0 1 0 0 baldb2x2.dat
1 7 -120 -96 361 0 0 1 1 0 0 0 1 0 pgaraje.dat
1 7 0 52 361 0 0 -1 -1 0 0 0 1 0 pgaraje.dat
0
