0 Untitled
0 Name: base_space_aventure.ldr
0 Author: CPCBEGIN
0 Hasbro 480
0 ROTATION CENTER 0 0 0 1 "Custom" 
0 ROTATION CONFIG 0 0
1 0 0 56 10 1 0 0 0 1 0 0 0 1 jacen2x4.dat
1 0 0 56 50 1 0 0 0 1 0 0 0 1 jacen2x4.dat
1 0 0 32 90 0 0 1 0 1 0 -1 0 0 jacen2x4.dat
1 0 -20 80 110 0 0 1 0 1 0 -1 0 0 jacen2x4.dat
1 0 60 80 70 0 0 1 0 1 0 -1 0 0 jacen2x4.dat
1 0 60 104 110 0 0 1 0 1 0 -1 0 0 jacen2x4.dat
1 0 -20 104 70 0 0 1 0 1 0 -1 0 0 jacen2x4.dat
1 0 100 104 30 -1 0 0 0 1 0 0 0 -1 jacen2x4.dat
1 0 60 104 110 -1 0 0 0 1 0 0 0 -1 jacen2x4.dat
1 0 60 80 30 -1 0 0 0 1 0 0 0 -1 jacen2x4.dat
1 0 100 80 110 -1 0 0 0 1 0 0 0 -1 jacen2x4.dat
1 0 -20 128 110 0 0 1 0 1 0 -1 0 0 jacen2x4.dat
1 0 60 128 70 0 0 1 0 1 0 -1 0 0 jacen2x4.dat
1 0 60 128 30 -1 0 0 0 1 0 0 0 -1 jacen2x4.dat
1 0 100 128 110 -1 0 0 0 1 0 0 0 -1 jacen2x4.dat
1 32 -20 128 50 0 0 1 0 1 0 -1 0 0 cirrevop.dat
1 32 40 128 110 -1 0 0 0 1 0 0 0 -1 cirrevop.dat
1 32 40 128 -10 1 0 0 0 1 0 0 0 1 cirrevop.dat
1 32 100 128 50 0 0 -1 0 1 0 1 0 0 cirrevop.dat
1 0 40 32 90 0 0 1 0 1 0 -1 0 0 jacen2x4.dat
1 15 -40 56 90 0 0 1 0 1 0 -1 0 0 placa2x2.dat
1 15 -40 56 50 0 0 1 0 1 0 -1 0 0 placa2x2.dat
1 15 80 56 90 0 0 1 0 1 0 -1 0 0 placa2x2.dat
1 15 40 56 130 0 0 1 0 1 0 -1 0 0 placa2x2.dat
1 15 0 56 130 0 0 1 0 1 0 -1 0 0 placa2x2.dat
1 15 0 56 10 0 0 1 0 1 0 -1 0 0 placa2x2.dat
1 15 40 56 10 0 0 1 0 1 0 -1 0 0 placa2x2.dat
1 15 -40 136 -30 1 0 0 0 1 0 0 0 1 placa4x8.dat
1 15 -40 136 50 1 0 0 0 1 0 0 0 1 placa4x8.dat
1 15 80 8 -30 0 0 -1 0 1 0 1 0 0 placa4x8.dat
1 1 80 -48 -30 0 0 -1 0 1 0 1 0 0 placa4x8.dat
1 15 42 132 14 -1 0 0 0 -1 0 0 0 1 cabantmr.dat
1 15 43 132 86 1 0 0 0 -1 0 0 0 -1 cabantmr.dat
1 46 -10 56 100 -1 0 0 0 1 0 0 0 -1 amortigu.dat
1 46 90 56 100 -1 0 0 0 1 0 0 0 -1 amortigu.dat
1 46 90 56 0 -1 0 0 0 1 0 0 0 -1 amortigu.dat
1 46 -10 56 0 -1 0 0 0 1 0 0 0 -1 amortigu.dat
1 15 80 56 50 0 0 1 0 1 0 -1 0 0 placa2x2.dat
1 4 -30 44 60 -0.707107 0 -0.707107 0 1 0 0.707107 0 -0.707107 antincv.dat
1 4 -30 44 40 -0.707107 0 0.707107 0 1 0 -0.707107 0 -0.707107 antincv.dat
1 4 110 44 40 0.707107 0 0.707107 0 1 0 -0.707107 0 0.707107 antincv.dat
1 4 110 44 60 0.707107 0 -0.707107 0 1 0 0.707107 0 0.707107 antincv.dat
1 1 40 0 90 0 0 1 0 1 0 -1 0 0 cabant.dat
1 1 40 0 10 0 0 1 0 1 0 -1 0 0 cabant.dat
1 1 40 0 10 0 0 -1 0 1 0 1 0 0 cabant.dat
1 1 40 0 90 0 0 -1 0 1 0 1 0 0 cabant.dat
1 15 60 -56 -30 0 0 -1 0 1 0 1 0 0 jacen2x8.dat
1 15 10 -60 120 0 0 1 0 1 0 -1 0 0 panelast.dat
1 0 60 -80 -30 0 0 -1 0 1 0 1 0 0 bald2x2.dat
1 0 60 -80 10 0 0 -1 0 1 0 1 0 0 bald2x2.dat
1 0 60 -80 50 0 0 -1 0 1 0 1 0 0 bald2x2.dat
1 0 60 -80 90 0 0 -1 0 1 0 1 0 0 bald2x2.dat
0
