0 Untitled
0 Name: titan_mare_explorer.ldr
0 Author: CPCBegin
0 Unofficial Model
0 ROTATION CENTER 0 0 0 1 "Custom" 
0 ROTATION CONFIG 0 0
1 7 -30 0 150 1 0 0 0 1 0 0 0 1 popa4.dat
1 7 -30 0 130 1 0 0 0 1 0 0 0 1 proa4.dat
1 7 -70 0 130 1 0 0 0 1 0 0 0 1 jacena4.dat
1 7 -30 -24 90 1 0 0 0 1 0 0 0 1 proa4p.dat
1 7 -30 8 110 1 0 0 0 1 0 0 0 1 proa4p.dat
1 8 -40 -32 40 0.965926 0 0.258819 0 1 0 -0.258819 0 0.965926 tubo.dat
1 383 -30 -32 190 1 0 0 0 1 0 0 0 1 semicuqg.dat
1 383 -30 -32 190 -1 0 0 0 1 0 0 0 -1 semicuqg.dat
1 8 -20 -32 60 1 0 0 0 1 0 0 0 1 tubo.dat
1 7 -30 -32 80 0 0 -1 0 1 0 1 0 0 plac2m.dat
1 8 -30 -45 80 1 0 0 0 1 0 0 0 1 trfposte.dat
1 8 -78 -12 130 0 -1 0 0 0 -1 1 0 0 rejilla.dat
1 8 18 -12 170 0 1 0 0 0 -1 -1 0 0 rejilla.dat
1 7 -30 -24 190 -1 0 0 0 1 0 0 0 -1 popa4p.dat
1 7 -30 8 170 -1 0 0 0 1 0 0 0 -1 popa4p.dat
1 7 -30 8 170 0 0 1 0 1 0 -1 0 0 placa2x3.dat
1 7 -70 8 170 0 0 1 0 1 0 -1 0 0 placa2x3.dat
1 34 -60 -24 140 -1 0 0 0 1 0 0 0 -1 tuboruta.dat
1 36 0 -24 120 -0.258819 0 -0.965926 0 1 0 0.965926 0 -0.258819 tuboruta.dat
1 383 -30 -24 110 -1 0 0 0 1 0 0 0 -1 alfamotr.dat
1 15 -40 -48 40 0.965926 0 0.258819 0 1 0 -0.258819 0 0.965926 radar.dat
1 15 -20 -48 60 0.5 0 -0.866025 0 1 0 0.866025 0 0.5 radar.dat
1 7 -60.433 -55 139.969 0.5 0 -0.866025 0 1 0 0.866025 0 0.5 cilindro.dat
1 7 -60.433 -79 139.969 0.5 0 -0.866025 0 1 0 0.866025 0 0.5 radarneg.dat
1 7 -12.277 -55 112.921 0.965925 0 0.258819 0 1 0 -0.258819 0 0.965925 pistola.dat
1 383 -30.007 -96.665 75.61 0.707107 0 -0.707106 -0.707106 0 -0.707107 0 1 0 baldc4in.dat
0
