0 Untitled
0 Name: urna_votacion.ldr
0 Author: MLCad
0 Unofficial Model
0 ROTATION CENTER 0 0 0 1 "Custom" 
0 ROTATION CONFIG 0 0
1 7 20 -48 -10 0 0 -1 0 1 0 1 0 0 baldc2x2.dat
1 7 20 -48 50 0 0 -1 0 1 0 1 0 0 baldc2x2.dat
1 7 -20 -48 50 0 0 -1 0 1 0 1 0 0 baldc2x2.dat
1 7 -60 -48 50 0 0 -1 0 1 0 1 0 0 baldc2x2.dat
1 15 -40 -64 34 -0.25 -0.0669873 -0.965926 0.933013 0.25 -0.258819 0.258819 -0.965926 0 baldc2x2.dat
1 15 -57.835 -5.44 34.532 -0.772693 0.310596 -0.553603 0.476727 0.859789 -0.183013 0.419139 -0.40533 -0.812422 baldc2x2.dat
1 15 -6.803 -16.411 51.314 -0.772693 0.310596 -0.553603 -0.419139 0.40533 0.812422 0.476727 0.859789 -0.183013 baldc2x2.dat
1 7 -100 -48 50 0 0 -1 0 1 0 1 0 0 baldc2x2.dat
1 14 -80 24 30 0 0 -1 0 1 0 1 0 0 baldc2x2.dat
1 14 -40 24 30 0 0 -1 0 1 0 1 0 0 baldc2x2.dat
1 14 0 24 30 0 0 -1 0 1 0 1 0 0 baldc2x2.dat
1 7 -100 -48 30 0 0 -1 0 1 0 1 0 0 baldc2.dat
1 14 -80 24 10 0 0 -1 0 1 0 1 0 0 baldc2.dat
1 14 -40 24 10 0 0 -1 0 1 0 1 0 0 baldc2.dat
1 14 0 24 10 0 0 -1 0 1 0 1 0 0 baldc2.dat
1 7 -100 32 -10 0 0 -1 0 1 0 1 0 0 placa2x3.dat
1 7 -60 32 -10 0 0 -1 0 1 0 1 0 0 placa2x3.dat
1 7 -20 32 -10 0 0 -1 0 1 0 1 0 0 placa2x3.dat
1 7 20 32 -10 0 0 -1 0 1 0 1 0 0 placa2x3.dat
1 7 20 32 90 -1 0 0 0 1 0 0 0 -1 placa2x8.dat
1 14 90 32 40 1 0 0 0 -1 0 0 0 -1 placa15.dat
1 14 -210 32 40 1 0 0 0 -1 0 0 0 -1 placa15.dat
1 14 200 40 -90 1 0 0 0 -1 0 0 0 -1 torremcr.dat
1 14 -80 40 -90 1 0 0 0 -1 0 0 0 -1 torremcr.dat
1 14 -360 40 -90 1 0 0 0 -1 0 0 0 -1 torremcr.dat
1 14 -320 40 170 -1 0 0 0 -1 0 0 0 1 torremcr.dat
1 14 -40 40 170 -1 0 0 0 -1 0 0 0 1 torremcr.dat
1 14 240 40 170 -1 0 0 0 -1 0 0 0 1 torremcr.dat
1 14 240 160 190 0 0 -1 0 -1 0 -1 0 0 baldc2.dat
1 14 -40 160 190 0 0 -1 0 -1 0 -1 0 0 baldc2.dat
1 14 -320 160 190 0 0 -1 0 -1 0 -1 0 0 baldc2.dat
1 14 -320 160 -90 0 0 -1 0 -1 0 -1 0 0 baldc2.dat
1 14 -40 160 -90 0 0 -1 0 -1 0 -1 0 0 baldc2.dat
1 14 240 160 -90 0 0 -1 0 -1 0 -1 0 0 baldc2.dat
1 7 20 -48 30 0 0 -1 0 1 0 1 0 0 baldc2.dat
1 7 -20 -48 -10 0 0 -1 0 1 0 1 0 0 baldc2x2.dat
1 7 -60 -48 -10 0 0 -1 0 1 0 1 0 0 baldc2x2.dat
1 7 -100 -48 -10 0 0 -1 0 1 0 1 0 0 baldc2x2.dat
1 47 20 24 10 0 0 -1 0 1 0 1 0 0 jacena4.dat
1 47 -120 24 10 0 0 -1 0 1 0 1 0 0 jacena4.dat
1 47 20 24 10 -1 0 0 0 1 0 0 0 -1 jacena8.dat
1 47 0 24 70 -1 0 0 0 1 0 0 0 -1 jacena6.dat
1 47 20 -24 10 0 0 -1 0 1 0 1 0 0 jacena4.dat
1 47 -120 -24 10 0 0 -1 0 1 0 1 0 0 jacena4.dat
1 47 20 -24 10 -1 0 0 0 1 0 0 0 -1 jacena8.dat
1 47 0 -24 70 -1 0 0 0 1 0 0 0 -1 jacena6.dat
1 47 -140 0 70 0 0 1 0 1 0 -1 0 0 jacena4.dat
1 47 0 0 70 0 0 1 0 1 0 -1 0 0 jacena4.dat
1 47 -140 0 70 1 0 0 0 1 0 0 0 1 jacena8.dat
1 47 -120 0 10 1 0 0 0 1 0 0 0 1 jacena6.dat
0
