0 Palmera Grande
0 Name: plmgrand.dat
0 Author: jasolo
0 BFC CERTIFY CCW
1 6 0 0 0 1 0 0 0 1 0 0 0 1 plmgtrnc.dat
1 2 20.223 -223.243 0 0.984808 -0.173648 0 0.173648 0.984808 0 0 0 1 plmghoja.dat
1 2 21.61 -231.122 0 0.304322 -0.173648 0.936608 0.0536602 0.984808 0.165149 -0.951057 0 0.309017 plmghoja.dat
1 2 24.39 -246.878 0 -0.796726 -0.173648 0.578855 -0.140484 0.984808 0.102068 -0.587785 0 -0.809017 plmghoja.dat
1 2 25.777 -254.757 0 -0.796726 -0.173648 -0.578855 -0.140484 0.984808 -0.102068 0.587785 0 -0.809017 plmghoja.dat
1 2 23 -239 0 0.28793 -0.173648 -0.941776 0.0507698 0.984808 -0.166061 0.956305 0 0.292372 plmghoja.dat
0
