0 Untitled
0 Name: Battlebot.ldr
0 Author: MLCad
0 Unofficial Model
0 ROTATION CENTER 0 0 0 1 "Custom" 
0 ROTATION CONFIG 0 0
1 25 -40 184.025 -45.582 1 0 0 0 0.999391 0.0348995 0 -0.0348995 0.999391 palaexcv.dat
1 1 40 186.436 -205.763 0 0 -1 0.0348995 0.999391 0 0.999391 -0.0348995 0 placa4x6.dat
1 1 0 197.921 -106.103 1 0 0 0 0.999391 0.0348995 0 -0.0348995 0.999391 bispqarr.dat
1 1 0 199.317 -66.128 -1 0 0 0 0.999391 -0.0348995 0 -0.0348995 -0.999391 bispqarr.dat
1 25 0 139.163 -184.101 -1 0 0 0 -0.999391 0.0348995 0 0.0348995 0.999391 proa4qui.dat
1 1 0 139.861 -164.113 1 0 0 0 0.999391 0.0348995 0 -0.0348995 0.999391 bisnraba.dat
1 1 0 139.861 -164.113 -1 0 0 0 -0.999848 -0.0174524 0 -0.0174524 0.999848 bisnraba.dat
1 25 0 105.82 -104.647 -1 0 0 0 -0.999848 -0.0174524 0 -0.0174524 0.999848 proa4qui.dat
1 1 0 139.861 -164.113 -1 0 0 0 -0.999391 0.0348995 0 0.0348995 0.999391 bisnreje.dat
1 1 20 118.668 -83.324 1 0 0 0 0.999391 0.0348995 0 -0.0348995 0.999391 bisnraba.dat
1 1 20 118.668 -83.324 1 0 0 0 0.999391 0.0348995 0 -0.0348995 0.999391 bisnrarr.dat
1 25 40 110.672 -83.044 0 0 -1 0.0348995 0.999391 0 0.999391 -0.0348995 0 bald2r.dat
1 25 -40 111.371 -63.056 0 0 1 -0.0348995 0.999391 0 -0.999391 -0.0348995 0 bald2r.dat
1 1 20 118.668 -83.324 1 0 0 0 0.999391 0.0348995 0 -0.0348995 0.999391 bisnreje.dat
1 1 0 26.914 39.953 -1 0 0 0 0.999391 -0.0348995 0 -0.0348995 -0.999391 bisnraba.dat
1 25 -20 41.509 -0.58 1 0 0 0 0.999391 0.0348995 0 -0.0348995 0.999391 placa2x2.dat
1 1 0 26.914 39.953 -1 0 0 0 0.999391 -0.0348995 0 -0.0348995 -0.999391 bisnrarr.dat
1 1 0 26.914 39.953 -1 0 0 0 0.999391 -0.0348995 0 -0.0348995 -0.999391 bisnreje.dat
1 1 -20 118.668 -83.324 1 0 0 0 0.999391 0.0348995 0 -0.0348995 0.999391 bisnraba.dat
1 1 -20 118.668 -83.324 1 0 0 0 0.999391 0.0348995 0 -0.0348995 0.999391 bisnrarr.dat
1 1 -20 118.668 -83.324 1 0 0 0 0.999391 0.0348995 0 -0.0348995 0.999391 bisnreje.dat
1 1 -20 155.852 -164.671 1 0 0 0 0.999391 0.0348995 0 -0.0348995 0.999391 placa2x2.dat
1 1 0 161.753 -224.913 -1 0 0 0 -0.999391 0.0348995 0 0.0348995 0.999391 proa4rmt.dat
1 1 20 161.753 -224.913 -1 0 0 0 -0.999391 0.0348995 0 0.0348995 0.999391 placa2.dat
1 1 30 162.102 -214.92 -1 0 0 0 -0.999391 0.0348995 0 0.0348995 0.999391 jacena1.dat
1 1 -30 162.102 -214.92 -1 0 0 0 -0.999391 0.0348995 0 0.0348995 0.999391 jacena1.dat
1 1 20 170.445 -205.205 0 0 -1 -0.0348995 -0.999391 0 -0.999391 0.0348995 0 placa2x3.dat
1 1 20 178.441 -205.484 0 0 -1 -0.0348995 -0.999391 0 -0.999391 0.0348995 0 placa4.dat
1 1 0 178.441 -205.484 0 0 -1 -0.0348995 -0.999391 0 -0.999391 0.0348995 0 placa4.dat
1 1 17.653 190.646 -314.453 0.382683 0 -0.92388 -0.0322429 -0.999391 -0.0133554 -0.923317 0.0348995 -0.38245 chimplac.dat
1 1 10 183.295 -295.709 0.382683 0 -0.92388 -0.0322429 -0.999391 -0.0133554 -0.923317 0.0348995 -0.38245 chimplac.dat
1 1 -10 168.003 -275.162 0 0 -1 -0.0348995 -0.999391 0 -0.999391 0.0348995 0 chimplac.dat
1 1 10 168.003 -275.162 0 0 -1 -0.0348995 -0.999391 0 -0.999391 0.0348995 0 chimplac.dat
1 1 -10 175.301 -295.429 1 0 0 0 -0.999391 -0.0348995 0 0.0348995 -0.999391 chimplac.dat
1 1 -25.307 190 -332.92 0.382683 0 0.92388 0.0322429 -0.999391 -0.0133554 0.923317 0.0348995 -0.38245 chimplac.dat
1 1 -10 183.295 -295.709 -0.382683 0 -0.92388 -0.0322429 -0.999391 0.0133554 -0.923317 0.0348995 0.38245 chimplac.dat
1 383 -25.307 191 -332.954 0 -0.92388 -0.382683 -0.999391 0.0133554 -0.0322429 0.0348995 0.38245 -0.923317 eje15.dat
1 25 -47.481 182.326 -323.462 0 -0.92388 -0.382683 -0.999391 0.0133554 -0.0322429 0.0348995 0.38245 -0.923317 soprtmar.dat
1 25 47.481 182.326 -323.461 0 0.92388 -0.382683 -0.999391 0.0133554 0.0322429 0.0348995 0.38245 0.923317 soprtmar.dat
1 2 -39.166 182.206 -326.905 0 0.92388 0.382683 -0.999391 -0.0133554 0.0322429 0.0348995 -0.38245 0.923317 cilindro.dat
1 383 25.308 191 -332.953 0 0.92388 -0.382683 -0.999391 0.0133554 0.0322429 0.0348995 0.38245 0.923317 eje15.dat
1 2 39.167 182.206 -326.904 0 -0.92388 0.382683 -0.999391 -0.0133554 -0.0322429 0.0348995 -0.38245 -0.923317 cilindro.dat
1 2 61.34 182.527 -317.726 0.382683 -0.92388 0 -0.0322429 -0.0133554 0.999391 -0.923317 -0.38245 -0.0348995 plmghoja.dat
1 2 -61.339 182.527 -317.724 -0.382683 0.92388 0 -0.0322429 -0.0133554 -0.999391 -0.923317 -0.38245 0.0348995 plmghoja.dat
1 1 60 193.417 -5.885 -1 0 0 0 0.999391 -0.0348995 0 -0.0348995 -0.999391 placa4x6.dat
1 1 0 136.054 -43.906 0 0 1 -0.0348995 0.999391 0 -0.999391 -0.0348995 0 placa2x2.dat
1 1 -40 136.054 -43.906 0 0 1 -0.0348995 0.999391 0 -0.999391 -0.0348995 0 placa2x2.dat
1 25 40 50.9 39.116 0 0 1 -0.0348995 0.999391 0 -0.999391 -0.0348995 0 alfaramp.dat
1 1 -20 -48.532 -57.473 0 0 -1 0.0348995 0.999391 0 0.999391 -0.0348995 0 alfaramp.dat
1 25 0 50.9 39.116 0 0 1 -0.0348995 0.999391 0 -0.999391 -0.0348995 0 alfaramp.dat
1 1 20 -32.542 -58.031 -1 0 0 0 0.999391 -0.0348995 0 -0.0348995 -0.999391 helcol.dat
1 25 0 133.96 -103.87 -1 0 0 0 0.999391 -0.0348995 0 -0.0348995 -0.999391 pico.dat
1 25 40 133.96 -103.87 -1 0 0 0 0.999391 -0.0348995 0 -0.0348995 -0.999391 pico.dat
1 1 20 17.523 0.257 0 0 -1 0.0348995 0.999391 0 0.999391 -0.0348995 0 bald2.dat
1 1 -20 -24.547 -58.31 1 0 0 0 0.999391 0.0348995 0 -0.0348995 0.999391 cuna.dat
1 1 -20 -25.943 -98.286 1 0 0 0 0.999391 0.0348995 0 -0.0348995 0.999391 placa2x2.dat
1 1 0 -64.522 -56.914 1 0 0 0 0.999391 0.0348995 0 -0.0348995 0.999391 bisnraba.dat
1 1 0 -64.522 -56.914 -1 0 0 0 0.999391 -0.0348995 0 -0.0348995 -0.999391 bisnraba.dat
1 1 0 -64.522 -56.914 -1 0 0 0 0.999391 -0.0348995 0 -0.0348995 -0.999391 bisnreje.dat
1 1 0 -74.294 -336.744 1 0 0 0 0.999391 0.0348995 0 -0.0348995 0.999391 bisnraba.dat
1 1 0 -74.294 -336.744 1 0 0 0 -0.999391 -0.0348995 0 0.0348995 -0.999391 bisnrarr.dat
1 1 -20 -66.299 -337.023 1 0 0 0 -0.999391 -0.0348995 0 0.0348995 -0.999391 placa2x2.dat
1 0 0 -59.002 -357.29 -1 0 0 0 -0.999391 0.0348995 0 0.0348995 0.999391 rotorinf.dat
1 0 0 -56.968 -356.36 -0.707107 0 -0.707107 -0.0246777 -0.999391 0.0246777 -0.706676 0.0348995 0.706676 platfgir.dat
1 15 28.284 -40.978 -356.919 -0.707107 0 -0.707107 -0.0246777 -0.999391 0.0246777 -0.706676 0.0348995 0.706676 placa2x2.dat
1 15 28.284 -32.983 -357.198 -0.707107 0 -0.707107 -0.0246777 -0.999391 0.0246777 -0.706676 0.0348995 0.706676 placa2x2.dat
1 383 28.284 -36.475 -371.227 0.707107 0 -0.707107 -0.0246777 -0.999391 -0.0246777 -0.706676 0.0348995 -0.706676 tbescrct.dat
1 383 14.142 -36.967 -385.36 0.707107 0 -0.707107 -0.0246777 -0.999391 -0.0246777 -0.706676 0.0348995 -0.706676 tbescrct.dat
1 383 -14.142 -34.993 -328.826 0.707107 0 -0.707107 -0.0246777 -0.999391 -0.0246777 -0.706676 0.0348995 -0.706676 tbescrct.dat
1 383 28.284 -35.487 -342.96 0.707107 0 -0.707107 -0.0246777 -0.999391 -0.0246777 -0.706676 0.0348995 -0.706676 tbescrct.dat
1 383 14.142 -34.993 -328.826 0.707107 0 -0.707107 -0.0246777 -0.999391 -0.0246777 -0.706676 0.0348995 -0.706676 tbescrct.dat
1 383 -14.142 -36.967 -385.36 0.707107 0 -0.707107 -0.0246777 -0.999391 -0.0246777 -0.706676 0.0348995 -0.706676 tbescrct.dat
1 383 -28.284 -36.475 -371.227 0.707107 0 -0.707107 -0.0246777 -0.999391 -0.0246777 -0.706676 0.0348995 -0.706676 tbescrct.dat
1 383 0 -20.484 -371.784 0.707107 0 -0.707107 -0.0246777 -0.999391 -0.0246777 -0.706676 0.0348995 -0.706676 tbescrct.dat
1 383 -14.142 -19.991 -357.651 0.707107 0 -0.707107 -0.0246777 -0.999391 -0.0246777 -0.706676 0.0348995 -0.706676 tbescrct.dat
1 383 14.142 -19.991 -357.651 0.707107 0 -0.707107 -0.0246777 -0.999391 -0.0246777 -0.706676 0.0348995 -0.706676 tbescrct.dat
1 383 0 -19.497 -343.518 0.707107 0 -0.707107 -0.0246777 -0.999391 -0.0246777 -0.706676 0.0348995 -0.706676 tbescrct.dat
1 383 -28.284 -35.487 -342.96 0.707107 0 -0.707107 -0.0246777 -0.999391 -0.0246777 -0.706676 0.0348995 -0.706676 tbescrct.dat
1 1 0 -74.294 -336.744 -1 0 0 0 0.999391 -0.0348995 0 -0.0348995 -0.999391 bisnreje.dat
1 25 20 42.905 39.395 0 0 -1 0.0348995 0.999391 0 0.999391 -0.0348995 0 alfapico.dat
1 25 -20 41.509 -0.58 0 0 1 -0.0348995 0.999391 0 -0.999391 -0.0348995 0 alfapico.dat
1 1 60 182.629 -85.557 0 0 -1 0.0348995 0.999391 0 0.999391 -0.0348995 0 rejilla.dat
1 1 20 181.233 -125.533 0 0 1 -0.0348995 0.999391 0 -0.999391 -0.0348995 0 rejilla.dat
1 1 -48 173.746 -225.332 0 -1 0 -0.0348995 0 0.999391 -0.999391 0 -0.0348995 rejilla.dat
1 1 48 172.35 -265.308 0 1 0 0.0348995 0 0.999391 0.999391 0 -0.0348995 rejilla.dat
1 1 -20 179.837 -165.509 0 0 -1 0.0348995 0.999391 0 0.999391 -0.0348995 0 rejilla.dat
1 25 80 156.042 -44.604 0 1 0 -0.0348995 0 -0.999391 -0.999391 0 0.0348995 cuna.dat
1 1 48 133.262 -123.857 0 1 0 -0.999391 0 0.0348995 0.0348995 0 0.999391 bald2.dat
1 1 -48 134.658 -83.882 0 -1 0 -0.999391 0 -0.0348995 0.0348995 0 -0.999391 bald2.dat
1 1 48 193.226 -125.951 0 1 0 -0.999391 0 0.0348995 0.0348995 0 0.999391 bald2.dat
1 1 -48 194.622 -85.976 0 -1 0 -0.999391 0 -0.0348995 0.0348995 0 -0.999391 bald2.dat
1 1 48 173.238 -125.253 0 1 0 -0.999391 0 0.0348995 0.0348995 0 0.999391 placa2.dat
1 1 -48 173.936 -105.266 0 -1 0 -0.999391 0 -0.0348995 0.0348995 0 -0.999391 placa2.dat
1 1 48 134.658 -83.882 0 1 0 -0.999391 0 0.0348995 0.0348995 0 0.999391 bald2.dat
1 25 40 184.025 -45.582 1 0 0 0 0.999391 0.0348995 0 -0.0348995 0.999391 palaexcv.dat
1 1 40 185.421 -5.606 -1 0 0 0 0.999391 -0.0348995 0 -0.0348995 -0.999391 paracq21.dat
1 1 -40 185.421 -5.606 -1 0 0 0 0.999391 -0.0348995 0 -0.0348995 -0.999391 paracq21.dat
1 1 152 194.622 -85.976 0 1 0 0.0348995 0 0.999391 0.999391 0 -0.0348995 cirrevog.dat
1 25 72 154.646 -84.58 0 1 0 -0.999391 0 0.0348995 0.0348995 0 0.999391 proa4qui.dat
1 25 -72 154.646 -84.58 0 -1 0 0.999391 0 0.0348995 -0.0348995 0 0.999391 proa4qui.dat
1 1 -48 153.25 -124.555 0 -1 0 0.999391 0 0.0348995 -0.0348995 0 0.999391 proa4p.dat
1 1 64 176.03 -45.302 0 1 0 -0.0348995 0 -0.999391 -0.999391 0 0.0348995 placa2.dat
1 1 72 176.03 -45.302 0 1 0 -0.0348995 0 -0.999391 -0.999391 0 0.0348995 placa2.dat
1 1 80 196.018 -46 0 1 0 -0.0348995 0 -0.999391 -0.999391 0 0.0348995 placa2x2.dat
1 1 -64 174.634 -85.278 0 -1 0 0.0348995 0 -0.999391 0.999391 0 0.0348995 placa2.dat
1 1 -72 174.634 -85.278 0 -1 0 0.0348995 0 -0.999391 0.999391 0 0.0348995 placa2.dat
1 1 -80 194.622 -85.976 0 -1 0 0.0348995 0 -0.999391 0.999391 0 0.0348995 placa2x2.dat
1 1 72 134.658 -83.882 0 1 0 0.999391 0 -0.0348995 -0.0348995 0 -0.999391 jacena2.dat
1 1 -72 133.96 -103.87 0 -1 0 0.999391 0 0.0348995 -0.0348995 0 0.999391 jacena2.dat
1 25 56 116.066 -43.208 0 1 0 0.999391 0 -0.0348995 -0.0348995 0 -0.999391 placa2x3.dat
1 1 -60 184.025 -45.582 0 0 1 -0.0348995 0.999391 0 -0.999391 -0.0348995 0 rejilla.dat
1 25 -80 154.646 -84.58 0 -1 0 0.0348995 0 -0.999391 0.999391 0 0.0348995 cuna.dat
1 1 -48 136.054 -43.906 0 -1 0 -0.999391 0 -0.0348995 0.0348995 0 -0.999391 bald2.dat
1 25 -56 114.67 -83.184 0 -1 0 0.999391 0 0.0348995 -0.0348995 0 0.999391 placa2x3.dat
1 1 48 153.25 -124.555 0 1 0 -0.999391 0 0.0348995 0.0348995 0 0.999391 proa4p.dat
1 1 0 160.039 -44.744 0 0 1 -0.0348995 0.999391 0 -0.999391 -0.0348995 0 jacen2x3.dat
1 1 -40 160.039 -44.744 0 0 1 -0.0348995 0.999391 0 -0.999391 -0.0348995 0 jacen2x3.dat
1 1 20 183.327 -65.569 0 0 1 -0.0348995 0.999391 0 -0.999391 -0.0348995 0 jacena2.dat
1 1 -40 183.327 -65.569 0 0 1 -0.0348995 0.999391 0 -0.999391 -0.0348995 0 jacena2.dat
1 1 -20 184.025 -45.582 0 0 1 -0.0348995 0.999391 0 -0.999391 -0.0348995 0 jacen2x8.dat
1 1 -20 155.154 -184.659 0 0 1 -0.0348995 0.999391 0 -0.999391 -0.0348995 0 enganc2.dat
1 1 0 155.154 -184.659 0 0 1 -0.0348995 0.999391 0 -0.999391 -0.0348995 0 enganc2.dat
1 1 20 179.139 -185.497 0 0 1 -0.0348995 0.999391 0 -0.999391 -0.0348995 0 enganc2.dat
1 1 -40 179.139 -185.497 0 0 1 -0.0348995 0.999391 0 -0.999391 -0.0348995 0 enganc2.dat
1 1 120 193.036 -246.018 0 1 0 0.0348995 0 0.999391 0.999391 0 -0.0348995 cirrevop.dat
1 1 40 193.036 -246.018 0 1 0 0.0348995 0 0.999391 0.999391 0 -0.0348995 enganch2.dat
1 1 40 192.338 -266.006 0 1 0 0.0348995 0 0.999391 0.999391 0 -0.0348995 enganch2.dat
1 1 16 202.681 -256.361 0 1 0 0.0348995 0 0.999391 0.999391 0 -0.0348995 tubo.dat
1 1 16 203.378 -236.373 0 1 0 0.0348995 0 0.999391 0.999391 0 -0.0348995 tubo.dat
1 1 64 202.681 -256.361 0 1 0 0.0348995 0 0.999391 0.999391 0 -0.0348995 chimtubo.dat
1 1 -120 193.036 -246.018 0 -1 0 -0.0348995 0 0.999391 -0.999391 0 -0.0348995 cirrevop.dat
1 0 59 170.574 -38.238 1 0 0 0 -0.731354 0.681999 0 -0.681999 -0.731354 neumaxt.dat
1 8 59 170.574 -38.238 1 0 0 0 -0.731354 0.681999 0 -0.681999 -0.731354 llantaxt.dat
1 0 91 185.676 -51.5 0 -1 0 -0.731354 0 0.681999 -0.681999 0 -0.731354 tuboruta.dat
1 1 104 199.317 -66.128 0 1 0 -0.681999 0 0.731354 0.731354 0 0.681999 chimplac.dat
1 1 96 199.317 -66.128 0 1 0 -0.681999 0 0.731354 0.731354 0 0.681999 chimplac.dat
1 0 59 176.616 -140.015 1 0 0 0 0.819152 0.573577 0 -0.573577 0.819152 neumaxt.dat
1 8 59 176.616 -140.015 1 0 0 0 0.819152 0.573577 0 -0.573577 0.819152 llantaxt.dat
1 0 91 186.447 -122.488 0 -1 0 0.819152 0 0.573577 -0.573577 0 0.819152 tuboruta.dat
1 1 72 203.331 -236.295 0 1 0 -0.850352 0 -0.526214 -0.526214 0 0.850352 chimplac.dat
1 1 104 197.938 -106.667 0 1 0 -0.573576 0 -0.819153 -0.819153 0 0.573576 chimplac.dat
1 1 96 197.938 -106.667 0 1 0 -0.573576 0 -0.819153 -0.819153 0 0.573576 chimplac.dat
1 1 -152 194.622 -85.976 0 -1 0 -0.0348995 0 0.999391 -0.999391 0 -0.0348995 cirrevog.dat
1 0 -59 173.338 -137.722 -1 0 0 0 -0.819152 0.573577 0 0.573577 0.819152 neumaxt.dat
1 8 -59 173.338 -137.722 -1 0 0 0 -0.819152 0.573577 0 0.573577 0.819152 llantaxt.dat
1 0 -91 186.447 -122.488 0 1 0 -0.819152 0 0.573577 0.573577 0 0.819152 tuboruta.dat
1 1 -104 197.921 -106.103 0 -1 0 -0.573577 0 0.819152 -0.819152 0 -0.573577 chimplac.dat
1 1 -96 197.921 -106.103 0 -1 0 -0.573577 0 0.819152 -0.819152 0 -0.573577 chimplac.dat
1 0 -59 173.5 -35.509 -1 0 0 0 0.731354 0.681999 0 0.681999 -0.731354 neumaxt.dat
1 8 -59 173.5 -35.509 -1 0 0 0 0.731354 0.681999 0 0.681999 -0.731354 llantaxt.dat
1 0 -91 185.676 -51.5 0 1 0 0.731354 0 0.681999 0.681999 0 -0.731354 tuboruta.dat
1 383 0 197.921 -106.103 1 0 0 0 0.173648 0.984808 0 -0.984808 0.173648 eje75.dat
1 383 0 199.317 -66.128 1 0 0 0 -0.0348995 0.999391 0 -0.999391 -0.0348995 eje75.dat
1 1 -40 193.733 -226.03 0 -1 0 -0.0348995 0 0.999391 -0.999391 0 -0.0348995 enganch2.dat
1 1 -40 193.036 -246.018 0 -1 0 -0.0348995 0 0.999391 -0.999391 0 -0.0348995 enganch2.dat
1 1 -64 203.378 -236.373 0 -1 0 -0.0348995 0 0.999391 -0.999391 0 -0.0348995 chimtubo.dat
1 1 -16 203.378 -236.373 0 -1 0 -0.0348995 0 0.999391 -0.999391 0 -0.0348995 chimplac.dat
1 1 -104 199.254 -65.568 0 -1 0 -0.681999 0 -0.731355 0.731355 0 -0.681999 chimplac.dat
1 1 -96 199.254 -65.568 0 -1 0 -0.681999 0 -0.731355 0.731355 0 -0.681999 chimplac.dat
1 0 27 170.416 -259.123 1 0 0 0 0.526214 0.850353 0 -0.850353 0.526214 neumaxt.dat
1 8 29 170.416 -259.123 1 0 0 0 0.526214 0.850353 0 -0.850353 0.526214 llantaxt.dat
1 0 59 186.37 -246.898 0 -1 0 0.526214 0 0.850353 -0.850353 0 0.526214 tuboruta.dat
1 1 -72 203.325 -236.447 0 -1 0 -0.850352 0 0.526214 -0.526214 0 -0.850352 chimplac.dat
1 0 -27 168.211 -255.721 -1 0 0 0 -0.526214 0.850353 0 0.850353 0.526214 neumaxt.dat
1 8 -29 168.211 -255.721 -1 0 0 0 -0.526214 0.850353 0 0.850353 0.526214 llantaxt.dat
1 0 -59 186.27 -246.894 0 1 0 -0.526214 0 0.850353 0.850353 0 0.526214 tuboruta.dat
0
