0 Untitled
0 Name: Boeing.ldr
0 Author: MLCad
0 Unofficial Model
0 ROTATION CENTER 0 0 0 1 "Custom" 
0 ROTATION CONFIG 0 0
1 15 0 0 -100 -1 0 0 0 -1 0 0 0 1 popa_6_ser.dat
1 383 -21.334 27.118 207.399 -0.178802 0.908992 -0.376516 -0.00343447 -0.383258 -0.923635 -0.983879 -0.163856 0.0716493 eje6.dat
1 15 -23.122 27.081 197.557 -0.178802 0.908992 -0.376516 -0.00343447 -0.383258 -0.923635 -0.983879 -0.163856 0.0716493 bispqarr.dat
1 15 -15.971 27.227 236.911 -0.178802 0.908992 -0.376516 -0.00343447 -0.383258 -0.923635 -0.983879 -0.163856 0.0716493 bispqarr.dat
1 15 -12.137 48.831 256.47 -0.178802 0.908992 -0.376516 -0.00343447 -0.383258 -0.923635 -0.983879 -0.163856 0.0716493 placa4.dat
1 15 22.933 26.986 197.52 -0.180519 -0.908702 0.376396 0.00343325 -0.383262 -0.923634 0.983565 -0.165441 0.0723057 bispqarr.dat
1 383 20.947 27.023 208.34 -0.180519 -0.908702 0.376396 0.00343325 -0.383262 -0.923634 0.983565 -0.165441 0.0723057 eje6.dat
1 15 15.712 27.119 236.858 -0.180519 -0.908702 0.376396 0.00343325 -0.383262 -0.923634 0.983565 -0.165441 0.0723057 bispqarr.dat
1 15 26.285 48.451 177.722 -0.180519 -0.908702 0.376396 0.00343325 -0.383262 -0.923634 0.983565 -0.165441 0.0723057 placa4.dat
1 15 0 -24 -80 -1 0 0 0 -1 0 0 0 1 popa6qui.dat
1 15 7 -4.315 -177.149 0 -1 0 0.766044 0 0.642788 -0.642788 0 0.766044 jeepfrnj.dat
1 15 0 -24 80 -1 0 0 0 -1 0 0 0 1 quilla.dat
1 15 0 -24 240 -1 0 0 0 -1 0 0 0 1 quilla.dat
1 15 30 2.923 159.582 0.179661 0 -0.983729 0.0171684 -0.999848 0.00313552 -0.983579 -0.0174524 -0.179634 soprtmar.dat
1 15 -30 2.923 159.582 -0.172789 0 -0.984959 0.0171899 -0.999848 -0.00301558 -0.984809 -0.0174524 0.172763 soprtmar.dat
1 15 -60 0 180 0 0 -1 0 -1 0 -1 0 0 pico.dat
1 15 -60 0 220 0 0 -1 0 -1 0 -1 0 0 pico.dat
1 15 60 0 180 0 0 1 0 -1 0 1 0 0 pico.dat
1 15 60 0 140 0 0 1 0 -1 0 1 0 0 pico.dat
1 15 -60 24 260 1 0 0 0 -1 0 0 0 -1 bald2.dat
1 15 -60 24 300 1 0 0 0 -1 0 0 0 -1 bald2.dat
1 15 40 24 260 1 0 0 0 -1 0 0 0 -1 bald2.dat
1 15 40 24 300 1 0 0 0 -1 0 0 0 -1 bald2.dat
1 15 40 24 140 1 0 0 0 -1 0 0 0 -1 bald2.dat
1 15 -60 24 140 1 0 0 0 -1 0 0 0 -1 bald2.dat
1 15 -30 48 340 0 -1 0 0 0 1 -1 0 0 enganch2.dat
1 15 -20 24 300 -1 0 0 0 -1 0 0 0 1 remate_2.dat
1 15 20 24 340 1 0 0 0 -1 0 0 0 -1 remate_2.dat
1 15 -60 0 340 0 0 1 0 -1 0 1 0 0 venta4ci.dat
1 15 60 0 420 0 0 -1 0 -1 0 -1 0 0 venta4ci.dat
1 15 60 0 340 0 0 -1 0 -1 0 -1 0 0 venta4ci.dat
1 15 60 0 260 0 0 -1 0 -1 0 -1 0 0 venta2ci.dat
1 15 60 0 140 0 0 -1 0 -1 0 -1 0 0 venta2ci.dat
1 15 60 0 -60 0 0 -1 0 -1 0 -1 0 0 jacena2.dat
1 15 -40 0 -60 0 0 -1 0 -1 0 -1 0 0 jacena2.dat
1 15 -60 0 220 0 0 1 0 -1 0 1 0 0 venta2ci.dat
1 15 -50 24 400 0 0 1 0 -1 0 1 0 0 ancl1x2.dat
1 15 -60 0 100 0 0 1 0 -1 0 1 0 0 venta2ci.dat
1 15 -50 0 -80 0 0 1 0 -1 0 1 0 0 ancl1x2.dat
1 15 -50 24 360 0 0 1 0 -1 0 1 0 0 ancl1x2.dat
1 15 -60 0 260 0 0 1 0 -1 0 1 0 0 venta4ci.dat
1 15 -60 0 20 0 0 1 0 -1 0 1 0 0 venta4ci.dat
1 15 60 0 100 0 0 -1 0 -1 0 -1 0 0 venta4ci.dat
1 15 60 0 20 0 0 -1 0 -1 0 -1 0 0 venta4ci.dat
1 15 -60 0 -60 0 0 1 0 -1 0 1 0 0 venta4ci.dat
1 15 0 -24 400 -1 0 0 0 -1 0 0 0 1 quilla.dat
1 15 0 -24 560 -1 0 0 0 -1 0 0 0 1 quilla.dat
1 15 -40 8 500 0 0 1 0 1 0 -1 0 0 placa4.dat
1 15 -40 8 540 0 0 1 0 1 0 -1 0 0 placa2.dat
1 15 20 8 540 0 0 1 0 1 0 -1 0 0 placa2.dat
1 15 20 8 500 0 0 1 0 1 0 -1 0 0 placa4.dat
1 15 0 -48 700 1 0 0 0 1 0 0 0 1 helala.dat
1 15 20 -34 700 0 -1 0 1 0 0 0 0 1 helala.dat
1 15 -20 -34 700 0 1 0 -1 0 0 0 0 1 helala.dat
1 15 0 56 -140 1 0 0 0 1 0 0 0 1 popa6rem.dat
1 15 217.89 15.817 243.508 0.180519 0.975599 -0.124977 -0.00343325 -0.12644 -0.991968 -0.983565 0.179498 -0.0194752 soprtmar.dat
1 15 206.016 28.031 210.781 -0.180519 -0.975599 -0.124977 0.00343325 0.12644 -0.991968 0.983565 -0.179498 -0.0194752 enganch2.dat
1 15 202.406 28.102 230.453 -0.180519 -0.975599 -0.124977 0.00343325 0.12644 -0.991968 0.983565 -0.179498 -0.0194752 enganch2.dat
1 15 221.501 15.747 223.833 0.180519 0.975599 -0.124977 -0.00343325 -0.12644 -0.991968 -0.983565 0.179498 -0.0194752 soprtmar.dat
1 15 0 40 -120 -1 0 0 0 1 0 0 0 -1 bisnraba.dat
1 15 0 40 -120 1 0 0 0 -1 0 0 0 -1 bisnraba.dat
1 15 0 40 -120 1 0 0 0 -1 0 0 0 -1 bisnreje.dat
1 15 0 -16 440 1 0 0 0 1 0 0 0 1 bisnraba.dat
1 15 0 -16 440 -1 0 0 0 -1 0 0 0 1 bisnraba.dat
1 15 0 -16 440 -1 0 0 0 -1 0 0 0 1 bisnreje.dat
1 15 0 -8 380 1 0 0 0 1 0 0 0 1 bisnraba.dat
1 15 0 -8 380 -1 0 0 0 -1 0 0 0 1 bisnraba.dat
1 15 20 -24 380 -1 0 0 0 -1 0 0 0 1 placa2x2.dat
1 15 0 -8 380 -1 0 0 0 -1 0 0 0 1 bisnreje.dat
1 15 0 -16 60 1 0 0 0 1 0 0 0 1 bisnraba.dat
1 15 -30 16 160 0.984808 0 0.173648 0 1 0 -0.173648 0 0.984808 cilindro.dat
1 15 0 -16 60 -1 0 0 0 -1 0 0 0 1 bisnraba.dat
1 15 30 16 160 -0.173648 0 -0.984808 0 1 0 0.984808 0 -0.173648 cilindro.dat
1 15 40 -24 -100 -1 0 0 0 -1 0 0 0 1 jacen2x4.dat
1 15 20 0 -100 -1 0 0 0 -1 0 0 0 1 jacen2x2.dat
1 15 20 24 -100 -1 0 0 0 -1 0 0 0 1 jacen2x2.dat
1 15 40 0 -60 0 0 -1 0 -1 0 -1 0 0 placa2.dat
1 15 -20 0 -60 0 0 -1 0 -1 0 -1 0 0 placa2.dat
1 15 20 48 -100 -1 0 0 0 -1 0 0 0 1 jacen2x2.dat
1 15 20 72 -100 -1 0 0 0 -1 0 0 0 1 bald2x2.dat
1 15 0 -16 60 -1 0 0 0 -1 0 0 0 1 bisnreje.dat
1 15 -20 -16 140 1 0 0 0 1 0 0 0 1 bisnraba.dat
1 15 -20 -16 140 -1 0 0 0 -1 0 0 0 1 bisnraba.dat
1 15 -20 -16 140 -1 0 0 0 -1 0 0 0 1 bisnreje.dat
1 15 20 -16 140 1 0 0 0 1 0 0 0 1 bisnraba.dat
1 15 -20 16 260 1 0 0 0 1 0 0 0 1 jacena2.dat
1 15 20 -16 140 -1 0 0 0 -1 0 0 0 1 bisnraba.dat
1 15 20 -16 140 -1 0 0 0 -1 0 0 0 1 bisnreje.dat
1 15 0 -16 300 -1 0 0 0 1 0 0 0 -1 bisnraba.dat
1 15 0 -16 300 1 0 0 0 -1 0 0 0 -1 bisnraba.dat
1 15 0 -24 260 1 0 0 0 -1 0 0 0 -1 placa2x2.dat
1 15 -40 -24 260 1 0 0 0 -1 0 0 0 -1 placa2x2.dat
1 15 0 -16 300 1 0 0 0 -1 0 0 0 -1 bisnreje.dat
1 15 -18 58 330 0 1 0 0 0 -1 -1 0 0 soprtmar.dat
1 15 -30 48 120 0 -1 0 0 0 1 -1 0 0 enganch2.dat
1 15 -18 58 110 0 1 0 0 0 -1 -1 0 0 soprtmar.dat
1 15 -10 4.002 269.62 -0.156434 0 -0.987688 0.0172375 -0.999848 -0.00273015 -0.987538 -0.0174524 0.15641 soprtmar.dat
1 15 10 4.002 269.62 0.190809 0 -0.981627 0.0171318 -0.999848 0.00333008 -0.981477 -0.0174524 -0.19078 soprtmar.dat
1 15 -50 80 300 0 0 1 0 -1 0 1 0 0 bald2x2r.dat
1 15 50 80 340 0 0 -1 0 -1 0 -1 0 0 bald2x2r.dat
1 15 -10 80 340 1 0 0 0 -1 0 0 0 -1 bald2.dat
1 15 -50 80 260 0 0 1 0 -1 0 1 0 0 bald2x2r.dat
1 15 50 80 300 0 0 -1 0 -1 0 -1 0 0 bald2x2r.dat
1 15 -10 80 300 1 0 0 0 -1 0 0 0 -1 bald2.dat
1 15 -50 80 220 0 0 1 0 -1 0 1 0 0 bald2x2r.dat
1 15 50 80 260 0 0 -1 0 -1 0 -1 0 0 bald2x2r.dat
1 15 -10 80 260 1 0 0 0 -1 0 0 0 -1 bald2.dat
1 15 -50 80 180 0 0 1 0 -1 0 1 0 0 bald2x2r.dat
1 15 50 80 220 0 0 -1 0 -1 0 -1 0 0 bald2x2r.dat
1 15 -10 80 220 1 0 0 0 -1 0 0 0 -1 bald2.dat
1 15 -50 80 140 0 0 1 0 -1 0 1 0 0 bald2x2r.dat
1 15 50 80 180 0 0 -1 0 -1 0 -1 0 0 bald2x2r.dat
1 15 -10 80 180 1 0 0 0 -1 0 0 0 -1 bald2.dat
1 15 -50 80 100 0 0 1 0 -1 0 1 0 0 bald2x2r.dat
1 15 50 80 140 0 0 -1 0 -1 0 -1 0 0 bald2x2r.dat
1 15 -10 80 140 1 0 0 0 -1 0 0 0 -1 bald2.dat
1 15 0 -16 520 -1 0 0 0 1 0 0 0 -1 bisnraba.dat
1 15 0 -16 520 1 0 0 0 -1 0 0 0 -1 bisnraba.dat
1 15 0 -16 520 1 0 0 0 -1 0 0 0 -1 bisnreje.dat
1 15 0 24 -140 -1 0 0 0 -1 0 0 0 1 popa6rem.dat
1 15 20 56 -140 1 0 0 0 1 0 0 0 1 remate_2.dat
1 15 20 40 -140 1 0 0 0 1 0 0 0 1 remate62.dat
1 15 30 8 -90 -1 0 0 0 -1 0 0 0 1 tubo.dat
1 15 30 8 -70 -1 0 0 0 -1 0 0 0 1 tubo.dat
1 15 -30 8 -90 -1 0 0 0 -1 0 0 0 1 tubo.dat
1 15 -30 8 -70 -1 0 0 0 -1 0 0 0 1 tubo.dat
1 15 -20 56 -100 -1 0 0 0 1 0 0 0 -1 remate_2.dat
1 15 -40 48 -100 0 0 1 0 1 0 -1 0 0 placa2.dat
1 15 20 48 -100 0 0 1 0 1 0 -1 0 0 placa2.dat
1 15 -20 40 -20 -1 0 0 0 1 0 0 0 -1 remate62.dat
1 15 20 40 -20 1 0 0 0 1 0 0 0 1 remate62.dat
1 15 -20 40 100 -1 0 0 0 1 0 0 0 -1 remate62.dat
1 15 0 80.001 -100 1 0 0 0 1 0 0 0 1 popa6qui.dat
1 15 0 48.001 540 -1 0 0 0 1 0 0 0 -1 proa6qui.dat
1 15 0 24.001 560 -1 0 0 0 1 0 0 0 -1 proa_6.dat
1 15 0 80.001 340 -1 0 0 0 1 0 0 0 -1 proa6qui.dat
1 15 40 80.001 360 -1 0 0 0 1 0 0 0 -1 jacena4.dat
1 15 40 56.001 380 -1 0 0 0 1 0 0 0 -1 placa2x2.dat
1 15 0 48.001 340 0 0 1 0 1 0 -1 0 0 baldc4.dat
1 15 -40 48.001 140 0 0 1 0 1 0 -1 0 0 placa4x6.dat
1 15 20 48.001 20 0 0 1 0 1 0 -1 0 0 placa4.dat
1 15 -40 48.001 20 0 0 1 0 1 0 -1 0 0 placa4.dat
1 15 -20 40.001 100 0 0 1 0 1 0 -1 0 0 jacen2x2.dat
1 15 -20 16.001 100 0 0 1 0 1 0 -1 0 0 jacen2x2.dat
1 15 -60 56.001 20 1 0 0 0 1 0 0 0 1 remate_6.dat
1 15 -60 56.001 -60 1 0 0 0 1 0 0 0 1 remate_6.dat
1 15 -40 80.001 20 1 0 0 0 1 0 0 0 1 jacen2x4.dat
1 15 -40 80.001 60 1 0 0 0 1 0 0 0 1 jacen2x4.dat
1 15 -20 48.001 380 1 0 0 0 1 0 0 0 1 jacena2.dat
1 15 -20 24.001 380 1 0 0 0 1 0 0 0 1 jacena2.dat
1 15 0 56.001 380 -1 0 0 0 1 0 0 0 -1 placa2x2.dat
1 15 0 80.001 -60 -1 0 0 0 1 0 0 0 -1 quilla.dat
1 15 0 56.001 380 -1 0 0 0 1 0 0 0 -1 proa6p.dat
1 15 30 72.001 300 -1 0 0 0 -1 0 0 0 1 placa2x3.dat
1 15 20 64.001 320 0 0 -1 0 -1 0 -1 0 0 placa2x8.dat
1 15 20 64.001 160 0 0 -1 0 -1 0 -1 0 0 placa2x2.dat
1 15 0 56.001 280 -1 0 0 0 -1 0 0 0 1 bisnrarr.dat
1 15 0 56.001 280 1 0 0 0 1 0 0 0 1 bisnrarr.dat
1 15 0 56.001 280 1 0 0 0 1 0 0 0 1 bisnreje.dat
1 15 0 56.001 160 1 0 0 0 -1 0 0 0 -1 bisnrarr.dat
1 15 0 56.001 160 -1 0 0 0 1 0 0 0 -1 bisnrarr.dat
1 15 0 56.001 160 -1 0 0 0 1 0 0 0 -1 bisnreje.dat
1 15 30 72.001 260 -1 0 0 0 -1 0 0 0 1 placa2x3.dat
1 15 30 72.001 220 -1 0 0 0 -1 0 0 0 1 placa2x3.dat
1 15 30 72.001 180 -1 0 0 0 -1 0 0 0 1 placa2x3.dat
1 15 30 72.001 140 -1 0 0 0 -1 0 0 0 1 placa2x3.dat
1 15 30 72.001 100 -1 0 0 0 -1 0 0 0 1 placa2x3.dat
1 15 -40 56.001 380 -1 0 0 0 1 0 0 0 -1 bald2.dat
1 15 50 24 360 0 0 1 0 -1 0 1 0 0 ancl1x2.dat
1 15 50 24 400 0 0 1 0 -1 0 1 0 0 ancl1x2.dat
1 15 60 56.001 380 -1 0 0 0 1 0 0 0 -1 bald2.dat
1 15 -20 48.001 560 0 0 1 0 1 0 -1 0 0 jacen2x8.dat
1 15 -20 24.001 560 0 0 1 0 1 0 -1 0 0 jacen2x8.dat
1 15 -40 0.001 600 0 0 1 0 1 0 -1 0 0 placa4x8.dat
1 15 -20 8.001 480 0 1 0 0 0 1 1 0 0 enganch2.dat
1 15 -20 8.001 460 0 1 0 0 0 1 1 0 0 enganch2.dat
1 15 -20 8.001 440 0 1 0 0 0 1 1 0 0 enganch2.dat
1 15 -20 8.001 420 0 1 0 0 0 1 1 0 0 enganch2.dat
1 15 -20 8.001 520 0 1 0 0 0 1 1 0 0 enganch2.dat
1 15 20 8.001 540 0 -1 0 0 0 1 -1 0 0 enganch2.dat
1 15 20 8.001 520 0 -1 0 0 0 1 -1 0 0 enganch2.dat
1 15 20 8.001 500 0 -1 0 0 0 1 -1 0 0 enganch2.dat
1 15 20 8.001 480 0 -1 0 0 0 1 -1 0 0 enganch2.dat
1 15 20 8.001 460 0 -1 0 0 0 1 -1 0 0 enganch2.dat
1 15 20 8.001 440 0 -1 0 0 0 1 -1 0 0 enganch2.dat
1 15 -20 8.001 500 0 1 0 0 0 1 1 0 0 enganch2.dat
1 15 -20 48.001 420 0 1 0 0 0 1 1 0 0 jacena6.dat
1 15 20 48.001 540 0 -1 0 0 0 1 -1 0 0 jacena6.dat
1 15 44 48.001 500 0 -1 0 0 0 -1 1 0 0 baldgord.dat
1 15 44 48.001 460 0 -1 0 0 0 -1 1 0 0 baldgord.dat
1 15 44 48.001 420 0 -1 0 0 0 -1 1 0 0 baldgord.dat
1 15 44 80.001 -100 0 -1 0 0 0 -1 1 0 0 baldgord.dat
1 15 -44 80.001 -60 0 1 0 0 0 -1 -1 0 0 baldgord.dat
1 15 -20 80.001 -60 0 1 0 0 0 -1 -1 0 0 jacena2.dat
1 15 20 80.001 -100 0 -1 0 0 0 -1 1 0 0 jacena2.dat
1 15 20 40.001 -80 0 -1 0 0 0 1 -1 0 0 enganch2.dat
1 15 20 40.001 -60 0 -1 0 0 0 1 -1 0 0 enganch2.dat
1 15 -20 40.001 -80 0 1 0 0 0 1 1 0 0 enganch2.dat
1 15 -20 40.001 -100 0 1 0 0 0 1 1 0 0 enganch2.dat
1 15 -40 0 460 -1 0 0 0 -1 0 0 0 1 bald2.dat
1 15 -40 0 420 -1 0 0 0 -1 0 0 0 1 bald2.dat
1 15 -44 48.001 500 0 1 0 0 0 -1 -1 0 0 baldgord.dat
1 15 -45.573 79.564 340 0 0.980786 -0.19509 0 -0.19509 -0.980786 -1 0 0 bald2x2r.dat
1 15 -45.573 79.564 300 0 0.980786 -0.19509 0 -0.19509 -0.980786 -1 0 0 bald2x2r.dat
1 15 -45.573 79.564 260 0 0.980786 -0.19509 0 -0.19509 -0.980786 -1 0 0 bald2x2r.dat
1 15 -45.573 79.564 220 0 0.980786 -0.19509 0 -0.19509 -0.980786 -1 0 0 bald2x2r.dat
1 15 -45.573 79.564 180 0 0.980786 -0.19509 0 -0.19509 -0.980786 -1 0 0 bald2x2r.dat
1 15 -45.573 79.564 140 0 0.980786 -0.19509 0 -0.19509 -0.980786 -1 0 0 bald2x2r.dat
1 15 -41.629 58.387 140 0 0.980786 -0.19509 0 -0.19509 -0.980786 -1 0 0 bispqarr.dat
1 15 -41.629 58.387 180 0 0.980786 -0.19509 0 -0.19509 -0.980786 -1 0 0 bispqarr.dat
1 15 -41.629 58.387 220 0 0.980786 -0.19509 0 -0.19509 -0.980786 -1 0 0 bispqarr.dat
1 15 -41.629 58.387 260 0 0.980786 -0.19509 0 -0.19509 -0.980786 -1 0 0 bispqarr.dat
1 15 -41.629 58.387 300 0 0.980786 -0.19509 0 -0.19509 -0.980786 -1 0 0 bispqarr.dat
1 383 -41.434 58.368 160 0 0.980786 -0.19509 0 -0.19509 -0.980786 -1 0 0 eje45.dat
1 383 -41.434 58.368 280 0 0.980786 -0.19509 0 -0.19509 -0.980786 -1 0 0 eje45.dat
1 15 30 48 100 0 1 0 0 0 1 1 0 0 enganch2.dat
1 15 18 58 110 0 -1 0 0 0 -1 1 0 0 soprtmar.dat
1 15 30 48 319.999 0 1 0 0 0 1 1 0 0 enganch2.dat
1 15 18 58 330 0 -1 0 0 0 -1 1 0 0 soprtmar.dat
1 15 45.573 79.564 100 0 -0.980786 0.19509 0 -0.19509 -0.980786 1 0 0 bald2x2r.dat
1 15 45.573 79.564 140 0 -0.980786 0.19509 0 -0.19509 -0.980786 1 0 0 bald2x2r.dat
1 15 45.573 79.564 180 0 -0.980786 0.19509 0 -0.19509 -0.980786 1 0 0 bald2x2r.dat
1 15 45.573 79.564 220 0 -0.980786 0.19509 0 -0.19509 -0.980786 1 0 0 bald2x2r.dat
1 15 45.573 79.564 260 0 -0.980786 0.19509 0 -0.19509 -0.980786 1 0 0 bald2x2r.dat
1 15 45.573 79.564 300 0 -0.980786 0.19509 0 -0.19509 -0.980786 1 0 0 bald2x2r.dat
1 15 41.629 58.387 299.999 0 -0.980786 0.19509 0 -0.19509 -0.980786 1 0 0 bispqarr.dat
1 15 41.629 58.387 260 0 -0.980786 0.19509 0 -0.19509 -0.980786 1 0 0 bispqarr.dat
1 15 41.629 58.387 220 0 -0.980786 0.19509 0 -0.19509 -0.980786 1 0 0 bispqarr.dat
1 15 41.628 58.387 180 0 -0.980786 0.19509 0 -0.19509 -0.980786 1 0 0 bispqarr.dat
1 15 41.629 58.387 140 0 -0.980786 0.19509 0 -0.19509 -0.980786 1 0 0 bispqarr.dat
1 383 41.434 58.368 280 0 -0.980786 0.19509 0 -0.19509 -0.980786 1 0 0 eje45.dat
1 383 41.434 58.368 159.999 0 -0.980786 0.19509 0 -0.19509 -0.980786 1 0 0 eje45.dat
1 15 -40 0 500 -1 0 0 0 -1 0 0 0 1 bald2.dat
1 15 60 0 420 -1 0 0 0 -1 0 0 0 1 bald2.dat
1 15 60 0 460 -1 0 0 0 -1 0 0 0 1 bald2.dat
1 15 60 0 500 -1 0 0 0 -1 0 0 0 1 bald2.dat
1 15 -40 8 540 -1 0 0 0 -1 0 0 0 1 enganc2.dat
1 15 -40 0 540 -1 0 0 0 -1 0 0 0 1 placa1.dat
1 15 60 8 540 -1 0 0 0 -1 0 0 0 1 enganc2.dat
1 15 60 0 540 -1 0 0 0 -1 0 0 0 1 placa1.dat
1 15 -44 48.001 540 0 1 0 0 0 -1 -1 0 0 baldgord.dat
1 15 -44 48.001 460 0 1 0 0 0 -1 -1 0 0 baldgord.dat
1 15 0 0.001 600 -1 0 0 0 1 0 0 0 -1 proa6p.dat
1 15 0 -7.999 600 -1 0 0 0 1 0 0 0 -1 proa6p.dat
1 15 -40 -15.999 640 0 0 1 0 1 0 -1 0 0 baldgord.dat
1 15 40 -15.999 600 0 0 -1 0 1 0 1 0 0 baldgord.dat
1 15 20 -23.999 680 0 0 -1 0 1 0 1 0 0 enganch2.dat
1 15 20 -23.999 700 0 0 -1 0 1 0 1 0 0 enganch2.dat
1 15 20 -15.999 640 0 0 -1 0 1 0 1 0 0 placa4.dat
1 15 0 -15.999 640 0 0 -1 0 1 0 1 0 0 placa4.dat
1 15 -20 -23.999 660 1 0 0 0 1 0 0 0 1 pico.dat
1 15 -20 -23.999 660 1 0 0 0 1 0 0 0 1 jacena2.dat
1 15 20 -47.999 660 0 0 -1 0 1 0 1 0 0 bald2.dat
1 15 -20 -23.999 720 0 0 1 0 1 0 -1 0 0 enganch2.dat
1 15 -20 -23.999 700 0 0 1 0 1 0 -1 0 0 enganch2.dat
1 15 -40 0.001 600 0 0 1 0 1 0 -1 0 0 pico.dat
1 15 -40 0.001 560 1 0 0 0 1 0 0 0 1 jacen2x4.dat
1 15 -40 -23.999 560 1 0 0 0 1 0 0 0 1 bald2x2.dat
1 15 0 -23.999 560 1 0 0 0 1 0 0 0 1 bald2x2.dat
1 15 40 0.001 560 0 0 -1 0 1 0 1 0 0 pico.dat
1 15 349.802 16.921 257.547 0.975599 0.124977 -0.180519 -0.12644 0.991968 0.00343325 0.179498 0.0194752 0.983565 alaastro.dat
1 15 275.362 26.962 223.513 -0.975599 0.124977 0.180519 0.12644 0.991968 -0.00343325 -0.179498 0.0194752 -0.983565 placa4.dat
1 15 264.531 27.168 282.527 -0.975599 0.124977 0.180519 0.12644 0.991968 -0.00343325 -0.179498 0.0194752 -0.983565 placa4.dat
1 15 220.899 24.363 294.862 -0.975599 0.124977 0.180519 0.12644 0.991968 -0.00343325 -0.179498 0.0194752 -0.983565 bald2x2r.dat
1 15 259.921 19.301 302.044 -0.975599 0.124977 0.180519 0.12644 0.991968 -0.00343325 -0.179498 0.0194752 -0.983565 bald2x2r.dat
1 15 203.535 29.006 169.654 0.975599 0.124977 -0.180519 -0.12644 0.991968 0.00343325 0.179498 0.0194752 0.983565 bald2x2r.dat
1 15 242.56 23.951 176.833 0.975599 0.124977 -0.180519 -0.12644 0.991968 0.00343325 0.179498 0.0194752 0.983565 bald2x2r.dat
1 15 281.582 18.89 184.013 0.975599 0.124977 -0.180519 -0.12644 0.991968 0.00343325 0.179498 0.0194752 0.983565 bald2x2r.dat
1 15 320.614 13.83 191.196 0.975599 0.124977 -0.180519 -0.12644 0.991968 0.00343325 0.179498 0.0194752 0.983565 bald2x2r.dat
1 15 391.435 3.855 244.897 -0.180519 0.124977 -0.975599 0.00343325 0.991968 0.12644 0.983565 0.0194752 -0.179498 bald2x2r.dat
1 15 274.364 19.024 223.356 -0.180519 0.124977 -0.975599 0.00343325 0.991968 0.12644 0.983565 0.0194752 -0.179498 bald2x2.dat
1 15 285.654 8.7 266.138 -0.975599 0.124977 0.180519 0.12644 0.991968 -0.00343325 -0.179498 0.0194752 -0.983565 bisnraba.dat
1 15 285.654 8.7 266.138 0.975599 0.124977 -0.180519 -0.12644 0.991968 0.00343325 0.179498 0.0194752 0.983565 bisnraba.dat
1 15 324.676 3.645 273.315 -0.975599 0.124977 0.180519 0.12644 0.991968 -0.00343325 -0.179498 0.0194752 -0.983565 bisnraba.dat
1 15 324.676 3.645 273.315 0.975599 0.124977 -0.180519 -0.12644 0.991968 0.00343325 0.179498 0.0194752 0.983565 bisnraba.dat
1 15 285.654 8.7 266.138 0.975599 0.124977 -0.180519 -0.12644 0.991968 0.00343325 0.179498 0.0194752 0.983565 bisnreje.dat
1 15 324.676 3.645 273.315 0.975599 0.124977 -0.180519 -0.12644 0.991968 0.00343325 0.179498 0.0194752 0.983565 bisnreje.dat
1 15 359.637 8.778 198.376 0.975599 0.124977 -0.180519 -0.12644 0.991968 0.00343325 0.179498 0.0194752 0.983565 bald2r.dat
1 15 357.482 6.66 319.993 -0.975599 0.124977 0.180519 0.12644 0.991968 -0.00343325 -0.179498 0.0194752 -0.983565 bald2r.dat
1 15 232.729 32.085 236.004 0.180519 0.124977 0.975599 -0.00343325 0.991968 -0.12644 -0.983565 0.0194752 0.179498 bisnrarr.dat
1 15 268.14 27.097 262.856 0.180519 0.124977 0.975599 -0.00343325 0.991968 -0.12644 -0.983565 0.0194752 0.179498 placa2x3.dat
1 15 307.167 22.045 270.033 0.180519 0.124977 0.975599 -0.00343325 0.991968 -0.12644 -0.983565 0.0194752 0.179498 placa2x3.dat
1 15 260.463 37.364 200.407 0.975599 0.124977 -0.180519 -0.12644 0.991968 0.00343325 0.179498 0.0194752 0.983565 placa4x6.dat
1 15 232.729 32.085 236.004 0.180519 -0.124977 -0.975599 -0.00343325 -0.991968 0.12644 -0.983565 -0.0194752 -0.179498 bisnraba.dat
1 15 232.729 32.085 236.004 0.180519 -0.124977 -0.975599 -0.00343325 -0.991968 0.12644 -0.983565 -0.0194752 -0.179498 bisnreje.dat
1 15 37.537 33.191 200.177 0.380359 -0.907051 0.180519 -0.921952 -0.387289 -0.00343325 0.0730278 -0.165124 -0.983565 alaafgrn.dat
1 15 -221.641 14.818 223.514 0.178802 -0.975242 0.130124 0.00343447 -0.131636 -0.991293 0.983879 0.177693 -0.0201875 soprtmar.dat
1 15 -199.048 27.332 249.857 -0.178802 0.975242 0.130124 -0.00343447 0.131636 -0.991293 -0.983879 -0.177693 -0.0201875 enganch2.dat
1 15 -202.623 27.27 230.177 -0.178802 0.975242 0.130124 -0.00343447 0.131636 -0.991293 -0.983879 -0.177693 -0.0201875 enganch2.dat
1 15 -218.062 14.89 243.188 0.178802 -0.975242 0.130124 0.00343447 -0.131636 -0.991293 0.983879 0.177693 -0.0201875 soprtmar.dat
1 15 -350.004 15.299 257.003 -0.975242 -0.130124 -0.178802 -0.131636 0.991293 -0.00343447 0.177693 0.0201875 -0.983879 alaastro.dat
1 15 -268.407 25.892 262.472 0.975242 -0.130124 0.178802 0.131636 0.991293 0.00343447 -0.177693 0.0201875 0.983879 placa4.dat
1 15 -279.136 25.687 203.435 0.975242 -0.130124 0.178802 0.131636 0.991293 0.00343447 -0.177693 0.0201875 0.983879 placa4.dat
1 15 -242.666 22.954 176.486 0.975242 -0.130124 0.178802 0.131636 0.991293 0.00343447 -0.177693 0.0201875 0.983879 bald2x2r.dat
1 15 -281.673 17.7 183.594 0.975242 -0.130124 0.178802 0.131636 0.991293 0.00343447 -0.177693 0.0201875 0.983879 bald2x2r.dat
1 15 -182.195 28.662 287.443 -0.975242 -0.130124 -0.178802 -0.131636 0.991293 -0.00343447 0.177693 0.0201875 -0.983879 bald2x2r.dat
1 15 -221.208 23.366 294.554 -0.975242 -0.130124 -0.178802 -0.131636 0.991293 -0.00343447 0.177693 0.0201875 -0.983879 bald2x2r.dat
1 15 -274.518 17.833 222.953 -0.975242 -0.130124 -0.178802 -0.131636 0.991293 -0.00343447 0.177693 0.0201875 -0.983879 bald2x2r.dat
1 15 -313.533 12.574 230.06 -0.975242 -0.130124 -0.178802 -0.131636 0.991293 -0.00343447 0.177693 0.0201875 -0.983879 bald2x2r.dat
1 15 -384.394 2.176 283.627 -0.178802 -0.130124 0.975242 -0.00343447 0.991293 0.131636 -0.983879 0.0201875 -0.177693 bald2x2r.dat
1 15 -267.367 17.969 262.303 -0.178802 -0.130124 0.975242 -0.00343447 0.991293 0.131636 -0.983879 0.0201875 -0.177693 bald2x2.dat
1 15 -285.83 7.398 265.693 0.975242 -0.130124 0.178802 0.131636 0.991293 0.00343447 -0.177693 0.0201875 0.983879 bisnraba.dat
1 15 -285.83 7.398 265.693 -0.975242 -0.130124 -0.178802 -0.131636 0.991293 -0.00343447 0.177693 0.0201875 -0.983879 bisnraba.dat
1 15 -324.842 2.145 272.799 0.975242 -0.130124 0.178802 0.131636 0.991293 0.00343447 -0.177693 0.0201875 0.983879 bisnraba.dat
1 15 -324.842 2.145 272.799 -0.975242 -0.130124 -0.178802 -0.131636 0.991293 -0.00343447 0.177693 0.0201875 -0.983879 bisnraba.dat
1 15 -285.83 7.398 265.693 -0.975242 -0.130124 -0.178802 -0.131636 0.991293 -0.00343447 0.177693 0.0201875 -0.983879 bisnreje.dat
1 15 -324.842 2.145 272.799 -0.975242 -0.130124 -0.178802 -0.131636 0.991293 -0.00343447 0.177693 0.0201875 -0.983879 bisnreje.dat
1 15 -338.239 7.577 315.875 -0.975242 -0.130124 -0.178802 -0.131636 0.991293 -0.00343447 0.177693 0.0201875 -0.983879 bald2r.dat
1 15 -379.195 4.53 201.364 0.975242 -0.130124 0.178802 0.131636 0.991293 0.00343447 -0.177693 0.0201875 0.983879 bald2r.dat
1 15 -232.976 31.108 235.681 0.178802 -0.130124 -0.975242 0.00343447 0.991293 -0.131636 0.983879 0.0201875 0.177693 bisnrarr.dat
1 15 -279.135 25.687 203.435 0.178802 -0.130124 -0.975242 0.00343447 0.991293 -0.131636 0.983879 0.0201875 0.177693 placa2x3.dat
1 15 -318.146 20.439 210.541 0.178802 -0.130124 -0.975242 0.00343447 0.991293 -0.131636 0.983879 0.0201875 0.177693 placa2x3.dat
1 15 -246.375 36.533 278.753 -0.975242 -0.130124 -0.178802 -0.131636 0.991293 -0.00343447 0.177693 0.0201875 -0.983879 placa4x6.dat
1 15 -232.976 31.108 235.681 0.178802 0.130124 0.975242 0.00343447 -0.991293 0.131636 0.983879 -0.0201875 -0.177693 bisnraba.dat
1 15 -232.976 31.108 235.681 0.178802 0.130124 0.975242 0.00343447 -0.991293 0.131636 0.983879 -0.0201875 -0.177693 bisnreje.dat
1 15 -37.73 33.243 200.192 -0.375724 0.90932 0.178802 -0.923969 -0.382451 0.00343447 0.0715057 -0.163918 0.983879 alaafgrn.dat
1 0 -221.915 49.499 162.151 0.130124 -0.0370116 0.990806 -0.991293 0.0154899 0.130767 -0.0201875 -0.999195 -0.0346745 toberast.dat
1 8 -220.398 48.863 203.116 -0.0370116 -0.130124 0.990806 0.0154899 0.991293 0.130767 -0.999195 0.0201875 -0.0346745 petroeng.dat
1 15 -221.029 49.128 186.129 0.130124 -0.0370116 0.990806 -0.991293 0.0154899 0.130767 -0.0201875 -0.999195 -0.0346745 cilindro.dat
1 15 -221.029 49.128 186.129 0.130124 -0.0370116 0.990806 -0.991293 0.0154899 0.130767 -0.0201875 -0.999195 -0.0346745 toberast.dat
1 8 221.216 49.138 203.298 0.0386596 0.124977 0.991406 0.0147455 0.991968 -0.125624 -0.999143 0.0194752 0.0365058 petroeng.dat
1 15 221.873 49.387 186.312 -0.124977 0.0386596 0.991406 -0.991968 0.0147455 -0.125624 -0.0194752 -0.999143 0.0365058 cilindro.dat
1 15 221.873 49.387 186.312 -0.124977 0.0386596 0.991406 -0.991968 0.0147455 -0.125624 -0.0194752 -0.999143 0.0365058 toberast.dat
1 0 222.8 49.74 162.336 -0.124977 0.0386596 0.991406 -0.991968 0.0147455 -0.125624 -0.0194752 -0.999143 0.0365058 toberast.dat
0
