0 Untitled
0 Name: Buggy.ldr
0 Author: MLCad
0 Unofficial Model
0 ROTATION CENTER 0 0 0 1 "Custom" 
0 ROTATION CONFIG 0 0
1 7 -160 72 0 1 0 0 0 1 0 0 0 1 paracqtt.dat
1 0 -180 48 239 1 0 0 0 0.980785 0.19509 0 -0.19509 0.980785 respirad.dat
1 0 -170 64 249 0 0 1 0 1 0 -1 0 0 chimenea.dat
1 0 -150 64 249 0 0 1 0 1 0 -1 0 0 chimenea.dat
1 7 -160 72 240 -1 0 0 0 1 0 0 0 -1 paracqtt.dat
1 0 -210 72 -30 1 0 0 0 1 0 0 0 1 tubo.dat
1 15 -210 60 -30 1 0 0 0 1 0 0 0 1 radar.dat
1 0 -110 72 -30 1 0 0 0 1 0 0 0 1 tubo.dat
1 0 -130 80 -30 1 0 0 0 1 0 0 0 1 chimplac.dat
1 0 -170 72 -70 1 0 0 0 1 0 0 0 1 chimplac.dat
1 0 -170 72 -50 1 0 0 0 1 0 0 0 1 chimplac.dat
1 0 -170 64 -30 1 0 0 0 1 0 0 0 1 chimplac.dat
1 0 -140 80 -60 0 0 -1 0 1 0 1 0 0 placa2x3.dat
1 0 -210 80 -30 1 0 0 0 1 0 0 0 1 chimplac.dat
1 15 -110 60 -30 1 0 0 0 1 0 0 0 1 radar.dat
1 0 -200 72 0 1 0 0 0 1 0 0 0 1 alfaneum.dat
1 14 -200 72 0 1 0 0 0 1 0 0 0 1 alfalln2.dat
1 383 -200 72 0 1 0 0 0 1 0 0 0 1 alfalln1.dat
1 0 -180 62.29 260.338 0 0 1 0.980785 0.19509 0 -0.19509 0.980785 0 alfaneum.dat
1 14 -180 62.291 260.338 0 0 1 0.980785 0.19509 0 -0.19509 0.980785 0 alfalln2.dat
1 383 -180 62.29 260.338 0 0 1 0.980785 0.19509 0 -0.19509 0.980785 0 alfalln1.dat
1 0 -120 72 40 -1 0 0 0 1 0 0 0 -1 alfaneum.dat
1 14 -120 72 40 -1 0 0 0 1 0 0 0 -1 alfalln2.dat
1 383 -120 72 40 -1 0 0 0 1 0 0 0 -1 alfalln1.dat
1 0 -200 72 220 1 0 0 0 1 0 0 0 1 alfaneum.dat
1 14 -200 72 220 1 0 0 0 1 0 0 0 1 alfalln2.dat
1 383 -200 72 220 1 0 0 0 1 0 0 0 1 alfalln1.dat
1 0 -120 72 260 -1 0 0 0 1 0 0 0 -1 alfaneum.dat
1 14 -120 72 260 -1 0 0 0 1 0 0 0 -1 alfalln2.dat
1 383 -120 72 260 -1 0 0 0 1 0 0 0 -1 alfalln1.dat
1 0 -120 88 260 -1 0 0 0 1 0 0 0 -1 alfa_eje.dat
1 0 -120 72 220 -1 0 0 0 1 0 0 0 -1 alfachas.dat
1 0 -115 36 80 0 1 0 0 0 1 1 0 0 vnt1x1.dat
1 0 -205 36 100 0 -1 0 0 0 1 -1 0 0 vnt1x1.dat
1 0 -211 47.171 164.099 0.0372278 -0.998782 -0.0323815 0.068499 0.0348782 -0.997041 0.996956 0.0348995 0.069714 tbfutur1.dat
1 0 -150 64 -50 0 0 -1 0 1 0 1 0 0 chimenea.dat
1 0 -150 56 -10 0 0 -1 0 1 0 1 0 0 chimenea.dat
1 0 -150 48 30 0 0 -1 0 1 0 1 0 0 chimenea.dat
1 0 -138.888 56 66.63 0.55557 0 -0.83147 0 1 0 0.83147 0 0.55557 chimenea.dat
1 0 -181.112 56 66.63 -0.55557 0 -0.83147 0 1 0 0.83147 0 -0.55557 chimenea.dat
1 0 -140 56 0 0 0 -1 0 1 0 1 0 0 placa2x2.dat
1 0 -170 56 -10 0 0 -1 0 1 0 1 0 0 chimenea.dat
1 0 -170 48 30 0 0 -1 0 1 0 1 0 0 chimenea.dat
1 0 -170 64 -50 0 0 -1 0 1 0 1 0 0 chimenea.dat
1 0 -130 36.295 58.847 0 0 1 0.19509 0.980785 0 -0.980785 0.19509 0 bispqarr.dat
1 0 -140 36.338 99.638 -1 0 0 0 0.980785 0.19509 0 0.19509 -0.980785 placa2.dat
1 0 -140 28.492 98.077 -1 0 0 0 0.980785 0.19509 0 0.19509 -0.980785 placa2.dat
1 14 -200.001 13.058 95.163 0 0 1 0.19509 0.980785 0 -0.980785 0.19509 0 bald2r.dat
1 14 -120 16.96 75.547 0 0 -1 -0.19509 0.980785 0 0.980785 0.19509 0 bald2r.dat
1 14 -190 32.393 78.462 0 0 1 0.19509 0.980785 0 -0.980785 0.19509 0 placa2x2.dat
1 383 -130 33.954 70.616 0 0 1 0.19509 0.980785 0 -0.980785 0.19509 0 eje5.dat
1 0 -130 25.956 110.829 0 0 1 -0.980785 0.19509 0 -0.19509 -0.980785 0 cabnuevo.dat
1 14 -160 20.645 96.518 0 0 1 0.19509 0.980785 0 -0.980785 0.19509 0 alaastro.dat
1 7 -100.001 10.026 176.846 0 0 1 0.92388 -0.382683 0 0.382683 0.92388 0 trfposte.dat
1 7 -80.001 26.722 178.349 0 0 1 -0.382683 -0.92388 0 0.92388 -0.382683 0 ejeastr1.dat
1 383 -160.001 0.761 199.782 -1 0 0 0 -1 0 0 0 1 eje6.dat
1 0 -140 72 260 0 0 1 0 1 0 -1 0 0 vntscorp.dat
1 14 -140 48 180 0 0 -1 0 1 0 1 0 0 jacen2x2.dat
1 383 -130 48 210 1 0 0 0 1 0 0 0 1 amortigu.dat
1 0 -130 64 270 -1 0 0 0 1 0 0 0 -1 piquito.dat
1 0 -190 64 270 -1 0 0 0 1 0 0 0 -1 piquito.dat
1 7 -130 48 190 1 0 0 0 1 0 0 0 1 ejeastr2.dat
1 7 -190 48 190 1 0 0 0 1 0 0 0 1 ejeastr2.dat
1 0 -130 56 190 0 0 -1 0 1 0 1 0 0 chimplac.dat
1 14 -130 48 230 0 0 1 0 1 0 -1 0 0 chimenea.dat
1 14 -190 48 230 0 0 1 0 1 0 -1 0 0 chimenea.dat
1 383 -190 48 210 1 0 0 0 1 0 0 0 1 amortigu.dat
1 0 -190 56 190 0 0 -1 0 1 0 1 0 0 chimplac.dat
1 0 -180 72 220 0 0 -1 0 1 0 1 0 0 vntscorp.dat
1 0 -140 72 240 -1 0 0 0 1 0 0 0 -1 placa2.dat
1 0 -140 64 240 -1 0 0 0 1 0 0 0 -1 placa2.dat
1 0 -140 56 180 0 0 -1 0 1 0 1 0 0 placa2x3.dat
1 15 -160 24 200 -1 0 0 0 1 0 0 0 -1 soprtmar.dat
1 7 -184 -21 210 0 1 0 0.707107 0 0.707107 0.707107 0 -0.707107 soprtmar.dat
1 7 -136 -21 210 0 -1 0 0.707107 0 -0.707107 0.707107 0 0.707107 soprtmar.dat
1 7 -196 -21 210 0 -1 0 0.707107 0 -0.707107 0.707107 0 0.707107 cilindro.dat
1 7 -124 -21 210 0 1 0 0.707107 0 0.707107 0.707107 0 -0.707107 cilindro.dat
1 7 -148 -21 210 0 1 0 0.707107 0 0.707107 0.707107 0 -0.707107 tubo.dat
1 14 -160 56 180 1 0 0 0 1 0 0 0 1 pico.dat
1 14 -200 56 180 1 0 0 0 1 0 0 0 1 pico.dat
1 7 -170 56 120 0 0 -1 0 1 0 1 0 0 pinzastr.dat
1 7 -140 -41.838 154.54 -1 0 0 0 0.95882 0.284015 0 0.284015 -0.95882 placa2.dat
1 7 -100 78.9 169.445 0 1 0 0.284015 0 -0.95882 -0.95882 0 -0.284015 extenarr.dat
1 7 -220 73.219 188.621 0 -1 0 -0.284015 0 -0.95882 0.95882 0 -0.284015 extenarr.dat
1 0 -80 -50.995 220.662 1 0 0 0 0.95882 -0.284015 0 0.284015 0.95882 paracqtf.dat
1 0 -120 -50.995 220.662 1 0 0 0 0.95882 -0.284015 0 0.284015 0.95882 paracqtf.dat
1 15 -170 -47.591 141.902 1 0 0 0 0.95882 -0.284015 0 0.284015 0.95882 farosluz.dat
1 15 -130 -47.591 141.902 1 0 0 0 0.95882 -0.284015 0 0.284015 0.95882 farosluz.dat
1 7 -110 56 120 0 0 -1 0 1 0 1 0 0 pinzastr.dat
1 0 -120 56 100 0 0 -1 0 1 0 1 0 0 baldc1.dat
1 0 -140 56 100 0 0 -1 0 1 0 1 0 0 placa1.dat
1 383 -150 30 110.1 0 0.707107 -0.707107 -1 0 0 0 0.707107 0.707107 eje15.dat
1 0 -160 56 100 0 0 -1 0 1 0 1 0 0 baldc2.dat
1 7 -220.001 10.08 176.847 0 0 -1 -0.92388 -0.382684 0 -0.382684 0.92388 0 trfposte.dat
1 7 -240.001 -2.789 166.104 0 0 -1 -0.382684 0.92388 0 0.92388 0.382684 0 ejeastr1.dat
1 7 -160 46 90 1 0 0 0 0.992006 -0.126199 0 0.126199 0.992006 eje15.dat
1 0 -109 47.081 164.733 0.0372278 0.998782 0.0323815 -0.0684995 0.0348782 -0.997041 -0.996956 0.0348995 0.0697145 tbfutur1.dat
0 
1 1 -130.716 43.071 112.975 1 0 0 0 0 1 0 -1 0 htitpies.dat
1 19 -130.72 14.511 88.362 1 0 0 0 0.0218145 0.999763 0 -0.999762 0.0218153 htitmani.dat
1 1 -130.716 14.534 87.363 1 0 0 0 0.0218145 0.999763 0 -0.999762 0.0218153 htitbrzi.dat
1 19 -129.716 20.319 91.725 1 0 0 0 0.126199 0.992005 0 -0.992005 0.126199 htitmand.dat
1 1 -130.716 20.446 90.739 1 0 0 0 0.126199 0.992005 0 -0.992005 0.126199 htitbrzd.dat
1 1 -130.716 78.527 142.726 1 0 0 0 0.984808 0.173648 0 -0.173648 0.984808 htittron.dat
1 0 -130.716 -0.259 156.617 1 0 0 0 0.984808 0.173648 0 -0.173648 0.984808 htitcab2.dat
1 1 -190.716 43.071 112.975 1 0 0 0 0 1 0 -1 0 htitpies.dat
1 19 -190.72 50.443 102.291 1 0 0 0 0.573576 0.819153 0 -0.819152 0.573577 htitmani.dat
1 1 -190.716 51.018 101.474 1 0 0 0 0.573576 0.819153 0 -0.819152 0.573577 htitbrzi.dat
1 19 -189.716 -16.407 96.313 1 0 0 0 -0.446198 0.894934 0 -0.894934 -0.446198 htitmand.dat
1 1 -190.716 -16.849 95.423 1 0 0 0 -0.446198 0.894934 0 -0.894934 -0.446198 htitbrzd.dat
1 1 -190.716 78.527 142.726 1 0 0 0 0.984808 0.173648 0 -0.173648 0.984808 htittron.dat
1 0 -190.716 -0.259 156.617 1 0 0 0 0.984808 0.173648 0 -0.173648 0.984808 htitcab2.dat
0
