0 Untitled
0 Name: Numero5.ldr
0 Author: MLCad
0 Unofficial Model
0 ROTATION CENTER 0 0 0 1 "Custom" 
0 ROTATION CONFIG 0 0
1 0 197.183 106.481 -103.48 1 0 0 0 -1 0 0 0 -1 cadcorta.dat
1 0 167.182 106.481 -103.479 1 0 0 0 -1 0 0 0 -1 cadcorta.dat
1 0 33.182 106.481 -103.48 1 0 0 0 -1 0 0 0 -1 cadcorta.dat
1 0 3.183 106.48 -103.478 1 0 0 0 -1 0 0 0 -1 cadcorta.dat
1 0 243.183 100.481 -163.479 0 -1 0 -1 0 0 0 0 -1 llantnq.dat
1 0 243.183 100.481 -43.48 0 -1 0 -1 0 0 0 0 -1 llantnq.dat
1 0 243.182 86.481 -83.478 0 -1 0 -1 0 0 0 0 -1 llantnq.dat
1 0 211.182 87.13 -125.775 0 -1 0 0.0174524 0 0.999848 -0.999848 0 0.0174524 llantnq.dat
1 0 243.183 87.13 -125.775 0 -1 0 0.0174524 0 0.999848 -0.999848 0 0.0174524 llantnq.dat
1 0 119.182 87.13 -125.774 0 1 0 0.0174524 0 0.999848 0.999848 0 -0.0174524 llantnq.dat
1 0 87.183 87.13 -125.774 0 1 0 0.0174524 0 0.999848 0.999848 0 -0.0174524 llantnq.dat
1 0 211.183 86.48 -83.479 0 -1 0 -1 0 0 0 0 -1 llantnq.dat
1 0 87.182 86.482 -83.48 0 1 0 -1 0 0 0 0 1 llantnq.dat
1 0 119.182 86.481 -83.48 0 1 0 -1 0 0 0 0 1 llantnq.dat
1 0 205.182 83.48 -103.479 1 0 0 0 -1 0 0 0 -1 ejedbcad.dat
1 8 185.183 83.481 -103.479 -1 0 0 0 -1 0 0 0 1 pico.dat
1 8 145.182 59.481 -83.478 1 0 0 0 -1 0 0 0 -1 cuna.dat
1 8 145.183 59.481 -63.479 1 0 0 0 -1 0 0 0 -1 jacena2.dat
1 8 165.183 51.481 -63.478 1 0 0 0 -1 0 0 0 -1 bisnrarr.dat
1 8 165.183 51.297 -63.594 1 0 0 0 -0.707107 -0.707107 0 0.707107 -0.707107 bisnraba.dat
1 8 195.182 3.214 -43.795 0 1 0 -0.707107 0 -0.707107 -0.707107 0 0.707107 cilindab.dat
1 8 135.182 3.214 -43.795 0 -1 0 0.707107 0 -0.707107 0.707107 0 0.707107 cilindab.dat
1 8 147.183 -17.999 -36.726 0 -1 0 0.707107 0 0.707107 -0.707107 0 0.707107 placa2.dat
1 8 155.183 -30.728 -9.855 1 0 0 0 -0.707107 -0.707107 0 0.707107 -0.707107 chimplac.dat
1 8 165.182 -47.7 7.115 1 0 0 0 -0.707107 -0.707107 0 0.707107 -0.707107 cilindro.dat
1 8 165.183 51.481 -63.478 -1 0 0 0 1 0 0 0 -1 bisnreje.dat
1 8 205.182 83.48 -103.479 -1 0 0 0 0 -1 0 -1 0 enganch2.dat
1 8 185.182 63.481 -79.478 1 0 0 0 0 1 0 -1 0 enganch2.dat
1 8 125.183 63.481 -79.478 1 0 0 0 0 1 0 -1 0 enganch2.dat
1 8 125.182 63.48 -99.478 1 0 0 0 1 0 0 0 1 bald2r.dat
1 8 185.182 63.481 -99.478 1 0 0 0 1 0 0 0 1 bald2r.dat
1 8 175.183 73.48 -50.478 -1 0 0 0 0 -1 0 -1 0 gruab.dat
1 8 155.182 73.48 -50.478 1 0 0 0 0 1 0 -1 0 gruab.dat
1 8 185.183 83.481 -58.478 -1 0 0 0 0 -1 0 -1 0 placa2.dat
1 8 195.182 73.48 -87.479 1 0 0 0 0 -1 0 1 0 soprtmar.dat
1 8 135.183 73.481 -87.479 1 0 0 0 0 -1 0 1 0 soprtmar.dat
1 383 125.183 73.48 -111.479 1 0 0 0 0 -1 0 1 0 eje15.dat
1 383 205.182 73.481 -111.477 1 0 0 0 0 -1 0 1 0 eje15.dat
1 8 145.182 83.48 -103.479 -1 0 0 0 0 -1 0 -1 0 enganch2.dat
1 8 208.182 87.128 -125.772 0 1 0 0.333807 0 -0.942641 -0.942641 0 -0.333807 chimplac.dat
1 8 216.183 100.481 -163.479 0 1 0 -0.333807 0 0.942641 0.942641 0 0.333807 chimplac.dat
1 8 114.183 100.481 -163.478 0 -1 0 -0.32969 0 -0.944089 0.944089 0 -0.32969 chimplac.dat
1 8 122.183 93.887 -144.596 0 -1 0 -0.32969 0 -0.944089 0.944089 0 -0.32969 chimplac.dat
1 8 114.183 87.292 -125.715 0 -1 0 -0.691513 0 -0.722364 0.722364 0 -0.691513 chimplac.dat
1 8 216.183 87.128 -125.772 0 1 0 -0.681998 0 0.731353 0.731353 0 0.681998 chimplac.dat
1 0 211.183 100.481 -163.478 0 -1 0 -1 0 0 0 0 -1 llantnq.dat
1 0 87.182 100.481 -163.48 0 1 0 -1 0 0 0 0 1 llantnq.dat
1 0 119.181 100.481 -163.479 0 1 0 -1 0 0 0 0 1 llantnq.dat
1 0 211.182 100.48 -43.48 0 -1 0 -1 0 0 0 0 -1 llantnq.dat
1 0 87.183 100.479 -43.48 0 1 0 -1 0 0 0 0 1 llantnq.dat
1 0 119.181 100.48 -43.48 0 1 0 -1 0 0 0 0 1 llantnq.dat
1 383 175.182 105.48 23.52 -1 0 0 0 1 0 0 0 -1 llanrutt.dat
1 383 155.182 105.481 63.521 1 0 0 0 1 0 0 0 1 llanrutt.dat
1 0 155.182 105.481 63.521 1 0 0 0 1 0 0 0 1 ruta21nm.dat
1 0 195.183 105.481 63.521 1 0 0 0 1 0 0 0 1 ruta21nm.dat
1 383 165.182 98.481 43.521 1 0 0 0 1 0 0 0 1 eje15.dat
1 8 165.182 74.481 43.52 1 0 0 0 -1 0 0 0 -1 soprtmar.dat
1 8 165.182 87.481 43.52 0 0 1 0 1 0 -1 0 0 cilindro.dat
1 8 185.183 63.481 53.52 -1 0 0 0 1 0 0 0 -1 bald2x2r.dat
1 8 145.182 63.481 -26.479 1 0 0 0 1 0 0 0 1 bald2x2r.dat
1 8 175.183 27.254 -48.038 0 0 -1 -0.707107 0.707107 0 0.707107 0.707107 0 vntscorp.dat
1 8 175.183 24.428 -79.152 0 0 -1 -0.707107 0.707107 0 0.707107 0.707107 0 placa4.dat
1 8 175.183 -37.8 -28.24 -1 0 0 0 0.707107 0.707107 0 0.707107 -0.707107 bald2r.dat
1 0 175.182 -9.514 -56.523 -1 0 0 0 0.707107 0.707107 0 0.707107 -0.707107 baldc2.dat
1 8 175.183 47.053 -56.523 0 0 -1 -0.707107 0.707107 0 0.707107 0.707107 0 placa4.dat
1 8 224.881 -74.53 -140.327 -0.391514 0.353553 0.849539 0.84798 0.497096 0.183919 -0.357278 0.792399 -0.494426 ejeastr2.dat
1 8 208.307 -115.695 -163.896 -0.849539 0.353553 -0.391514 -0.183919 0.497096 0.84798 0.494426 0.792399 -0.357278 tbesctrp.dat
1 8 210.057 -109.352 -178.752 -0.391514 0.353553 0.849539 0.84798 0.497096 0.183919 -0.357278 0.792399 -0.494426 piquito.dat
1 8 225.183 -134.205 -25.683 0 -1 0 0.55557 0 0.831469 -0.83147 0 0.55557 pistola.dat
1 8 239.185 -74.222 -97.453 0.923879 0 -0.382683 -0.318189 -0.55557 -0.768177 -0.212607 0.83147 -0.51328 soprtmar.dat
1 8 248.422 -64.067 -119.531 -0.353553 -0.923879 0.146447 -0.497096 0.318189 0.807249 -0.792399 0.212607 -0.571753 chimplac.dat
1 8 218.859 -53.888 -112.728 -0.353553 -0.923879 0.146447 -0.497096 0.318189 0.807249 -0.792399 0.212607 -0.571753 chimplac.dat
1 8 214.178 -79.418 -132.485 0.146447 -0.923879 0.353553 0.807249 0.318189 0.497096 -0.571753 0.212607 0.792399 enganch2.dat
1 8 239.183 -60.888 -117.403 0.923879 0 -0.382683 -0.318189 -0.55557 -0.768177 -0.212607 0.83147 -0.51328 eje15.dat
1 0 165.183 -55.479 14.894 1 0 0 0 0.707107 0.707107 0 -0.707107 0.707107 mastilm.dat
1 0 165.183 -55.479 14.894 1 0 0 0 0.83147 -0.55557 0 0.55557 0.831469 mastilh.dat
1 8 175.183 -58.235 1.024 -1 0 0 0 0.83147 0.55557 0 0.55557 -0.831469 enganche.dat
1 383 165.182 -72.107 3.784 0 0 1 0.55557 0.83147 0 -0.831469 0.55557 0 eje15.dat
1 8 135.182 -58.239 1.024 0 0 1 0.55557 0.83147 0 -0.831469 0.55557 0 enganch2.dat
1 8 135.182 -69.349 17.654 0 0 1 0.55557 0.83147 0 -0.831469 0.55557 0 enganch2.dat
1 8 135.184 -67.081 -28.936 1 0 0 0 0.83147 -0.55557 0 0.55557 0.831469 placa2x3.dat
1 8 155.183 -95.953 -0.126 0 0 1 0.55557 0.83147 0 -0.831469 0.55557 0 pico.dat
1 8 180.183 -120.333 -28.439 0 -1 0 0.83147 0 -0.55557 0.55557 0 0.831469 ejeastr4.dat
1 8 150.183 -120.333 -28.439 0 1 0 -0.83147 0 -0.55557 -0.55557 0 0.831469 ejeastr2.dat
1 8 165.183 -90.4 -8.433 0 0 1 0.55557 0.83147 0 -0.831469 0.55557 0 tubo.dat
1 8 155.182 -84.845 -16.751 0 0 1 0.55557 0.83147 0 -0.831469 0.55557 0 placa1.dat
1 8 165.182 -100.377 -15.106 -1 0 0 0 0.83147 0.55557 0 0.55557 -0.831469 soprtmar.dat
1 8 165.182 -120.333 -28.439 -1 0 0 0 0.83147 0.55557 0 0.55557 -0.831469 eje3.dat
1 8 165.182 -85.941 -29.513 0 0 1 0.55557 0.83147 0 -0.831469 0.55557 0 tubo.dat
1 8 175.182 -73.734 -33.385 0 0 -1 -0.55557 0.83147 0 0.831469 0.55557 0 pico.dat
1 8 135.182 -80.386 -37.829 0 1 0 -0.55557 0 0.83147 0.831469 0 0.55557 bald2x2r.dat
1 8 195.182 -102.608 -4.57 0 -1 0 0.55557 0 0.83147 -0.831469 0 0.55557 bald2x2r.dat
1 8 182.852 -55.925 -19.078 0 -0.639439 -0.768842 -0.55557 0.639269 -0.531674 0.831469 0.427146 -0.355253 5calixto.dat
1 0 145.183 -94.294 0.983 1 0 0 0 0.55557 0.83147 0 -0.831469 0.55557 baldg2x2.dat
1 8 219.183 -44.367 -1.735 0 0.999999 0 -0.55557 0 0.83147 0.83147 0 0.55557 cilindro.dat
1 8 155.182 -27.17 -2.27 0 0 -1 -0.55557 0.83147 0 0.831469 0.55557 0 jacena2.dat
1 8 175.182 -38.281 14.362 0 0 1 0.55557 0.83147 0 -0.831469 0.55557 0 vnt1x1.dat
1 8 185.182 -43.836 22.675 0 0 -1 -0.55557 0.83147 0 0.831469 0.55557 0 jacena1.dat
1 8 195.183 -58.239 1.023 0 0 -1 -0.55557 0.83147 0 0.831469 0.55557 0 enganch2.dat
1 8 195.183 -47.13 -15.607 0 0 -1 -0.55557 0.83147 0 0.831469 0.55557 0 enganch2.dat
1 8 188.183 -73.178 -34.216 -1 0 0 0 0.83147 0.55557 0 0.55557 -0.831469 p_teclad.dat
1 8 100.959 -13.334 -57.085 0 -0.19509 -0.980785 -1 0 0 0 0.980784 -0.19509 ejeastr2.dat
1 8 119.545 6.665 -99.269 0.980785 -0.19509 0 0 0 -1 0.19509 0.980784 0 tbesctrp.dat
1 8 111.298 -23.334 -109.063 0 -0.19509 -0.980785 -1 0 0 0 0.980784 -0.19509 piquito.dat
1 8 105.182 -130.335 -18.436 0 1 0 1 0 0 0 0 -0.999999 pistola.dat
1 8 101.184 -50.331 -38.44 0 0 -1 0 1 0 0.999999 0 0 enganc2.dat
1 8 91.184 -26.331 -28.44 0 0 1 0 1 0 -0.999999 0 0 gruab.dat
1 8 91.184 -90.331 -28.44 -0.999999 0 0 0 -1 0 0 0 1 cilindro.dat
1 8 249.184 -89.758 -92.2 0 0 -1 0.831469 0.55557 0 0.55557 -0.83147 0 enganc2.dat
1 8 239.184 -68.109 -106.6 0 0 1 -0.831469 0.55557 0 -0.55557 -0.83147 0 gruab.dat
1 8 239.184 -103.665 -53.385 -0.999999 0 0 0 -0.55557 0.83147 0 0.83147 0.55557 cilindro.dat
1 8 91.184 -37.331 -28.439 -0.980785 0 -0.19509 0 -1 0 -0.19509 0 0.980784 soprtmar.dat
1 8 81.374 -13.333 -30.39 0.19509 0.980785 0 0 0 -1 -0.980784 0.19509 0 chimplac.dat
1 8 112.761 -13.334 -24.15 0.19509 0.980785 0 0 0 -1 -0.980784 0.19509 0 chimplac.dat
1 8 110.768 -3.34 -55.131 0 0.980785 -0.19509 -1 0 0 0 0.19509 0.980784 enganch2.dat
1 8 91.184 -13.333 -28.441 -0.980785 0 -0.19509 0 -1 0 -0.19509 0 0.980784 eje15.dat
1 0 165.155 -135.793 -46.211 -0.92388 0 0.382683 -0.0746577 -0.980786 -0.18024 0.37533 -0.19509 0.906127 tuboruta.dat
1 8 165.156 -115.2 -42.115 -0.382683 0 0.92388 0.18024 0.980786 0.0746577 -0.906127 0.19509 -0.37533 cilindro.dat
1 8 120.545 -145.963 -51.463 0.92388 0 0.382683 0.0746577 0.980786 -0.18024 -0.37533 0.19509 0.906127 placa4.dat
1 8 128.199 -149.57 -33.344 0.92388 0 0.382683 0.0746577 0.980786 -0.18024 -0.37533 0.19509 0.906127 placa4.dat
1 8 146.677 -155.926 -42.411 0.92388 0 0.382683 0.0746577 0.980786 -0.18024 -0.37533 0.19509 0.906127 enganc2.dat
1 8 165.155 -154.43 -49.917 0.92388 0 0.382683 0.0746577 0.980786 -0.18024 -0.37533 0.19509 0.906127 enganc2.dat
1 8 135.854 -161.018 -16.784 -0.382683 0 0.92388 0.18024 0.980786 0.0746577 -0.906127 0.19509 -0.37533 pistola.dat
1 8 191.288 -156.543 -39.302 -0.382683 0 0.92388 0.18024 0.980786 0.0746577 -0.906127 0.19509 -0.37533 pistola.dat
1 8 179.368 -181.528 -46.968 0.92388 0.382683 0 0.0746577 -0.18024 -0.980786 -0.37533 0.906127 -0.19509 soprtmar.dat
1 8 166.74 -134.388 -68.672 0.382683 0 -0.92388 -0.18024 0.980786 -0.0746577 0.906127 0.19509 0.37533 placa2.dat
1 0 139.024 -152.319 -60.535 0.92388 0 0.382683 0.0746577 0.980786 -0.18024 -0.37533 0.19509 0.906127 placa2.dat
1 8 146.678 -163.768 -43.974 -0.382683 0 0.92388 0.18024 0.980786 0.0746577 -0.906127 0.19509 -0.37533 baldc2.dat
1 8 165.155 -170.12 -53.04 -0.92388 -0.382683 0 -0.0746577 0.18024 -0.980786 0.37533 -0.906127 -0.19509 enganch2.dat
1 8 183.634 -168.627 -60.545 -0.92388 -0.382683 0 -0.0746577 0.18024 -0.980786 0.37533 -0.906127 -0.19509 enganch2.dat
1 8 215.285 -142.367 8.384 1 0 0 0 0 -1 0 0.999999 0 enganche.dat
1 8 225.286 -152.366 -15.62 -1 0 0 0 0 1 0 0.999999 0 jacena1.dat
1 8 255.284 -142.369 32.384 -1 0 0 0 0 1 0 0.999999 0 rallado2.dat
1 8 245.286 -152.368 40.378 -1 0 0 0 0 1 0 0.999999 0 chimplac.dat
1 0 245.284 -152.368 8.382 1 0 0 0 0 -1 0 0.999999 0 amortigu.dat
1 0 245.282 -152.365 -15.616 1 0 0 0 0 -1 0 0.999999 0 amortigu.dat
1 8 225.286 -152.366 -39.62 -1 0 0 0 0 1 0 0.999999 0 jacena1.dat
1 0 245.282 -152.365 -39.616 1 0 0 0 0 -1 0 0.999999 0 amortigu.dat
1 8 255.283 -162.367 -63.618 1 0 0 0 0 -1 0 0.999999 0 alfapico.dat
1 8 192.816 -153.338 -34.894 -0.92388 -0.382683 0 -0.0746577 0.18024 -0.980786 0.37533 -0.906127 -0.19509 alfaplac.dat
1 8 225.183 -138.37 -1.733 0 0 0.999999 0 -1 0 1 0 0 trfposte.dat
1 8 185.182 95.481 13.52 -1 0 0 0 1 0 0 0 -1 placa2x2.dat
1 8 185.182 87.481 -6.479 -1 0 0 0 1 0 0 0 -1 vntscorp.dat
1 8 145.182 87.481 -6.479 1 0 0 0 1 0 0 0 1 cuna.dat
1 0 160.269 -202.65 -2.266 -0.382683 -0.92388 0 0.18024 -0.0746577 0.980786 -0.906127 0.37533 0.19509 cabnuesp.dat
1 8 160.893 -183.018 -39.459 -0.906128 0.382683 -0.180238 -0.264565 -0.18024 0.947375 0.330058 0.906127 0.264565 soprtmar.dat
1 0 205.51 -168.797 -14.638 -0.382683 0.906128 0.180238 0.18024 0.264565 -0.947375 -0.906127 -0.330058 -0.264565 cabnuesp.dat
0
