0 Untitled
0 Name: Coyote2.ldr
0 Author: MLCad
0 Unofficial Model
0 ROTATION CENTER 0 0 0 1 "Custom" 
0 ROTATION CONFIG 0 0
0 MLCAD BTG P3
1 6 -27.5 236.313 -244.455 0 0 -1 0 1 0 1 0 0 placa2x3.dat
0 MLCAD BTG P3
1 7 -27.501 244.316 -244.457 0 0 -1 0 1 0 1 0 0 placa4.dat
0 MLCAD BTG P3
1 7 -47.5 244.316 -244.457 0 0 -1 0 1 0 1 0 0 placa4.dat
0 MLCAD BTG P3
1 7 -27.5 236.316 -184.454 -1 0 0 0 1 0 0 0 -1 pico.dat
0 MLCAD BTG P3
1 7 -47.5 244.315 -264.456 1 0 0 0 1 0 0 0 1 helrueda.dat
0 MLCAD BTG P3
1 7 -67.5 244.315 -264.456 1 0 0 0 1 0 0 0 1 placacty.dat
0 MLCAD BTG P3
1 7 -47.5 244.318 -214.456 1 0 0 0 1 0 0 0 1 helrueda.dat
0 MLCAD BTG P4
1 7 27.5 147.129 -14.994 0 0 -1 -0.92388 -0.382683 0 -0.382683 0.92388 0 placa4.dat
0 MLCAD BTG P4
1 7 7.5 147.129 -14.994 0 0 -1 -0.92388 -0.382683 0 -0.382683 0.92388 0 placa4.dat
0 MLCAD BTG P4
1 7 27.5 94.756 -45.347 -1 0 0 0 -0.382683 0.92388 0 0.92388 0.382683 pico.dat
0 MLCAD BTG P4
1 7 7.5 165.606 -7.34 1 0 0 0 -0.382683 -0.92388 0 0.92388 -0.382683 helrueda.dat
0 MLCAD BTG P4
1 7 -12.5 165.606 -7.34 1 0 0 0 -0.382683 -0.92388 0 0.92388 -0.382683 placacty.dat
0 MLCAD BTG P4
1 7 7.5 119.412 -26.475 1 0 0 0 -0.382683 -0.92388 0 0.92388 -0.382683 helrueda.dat
0 MLCAD BTG P3
1 6 -67.5 228.317 -264.455 1 0 0 0 1 0 0 0 1 baldgord.dat
0 MLCAD BTG Cohete
1 4 -20 17.451 -158.267 -1 0 0 0 -0.92388 0.382683 0 0.382683 0.92388 cilindr.dat
0 MLCAD BTG Cohete
1 0 -20 20.62 -202.875 -1 0 0 0 0.382683 0.92388 0 0.92388 -0.382683 remtcoht.dat
0 MLCAD BTG Cohete
1 0 -20 51.236 -128.965 -1 0 0 0 0.382683 0.92388 0 0.92388 -0.382683 toberast.dat
0 GROUP 3 Cohete
0 MLCAD BTG P4
1 6 27.5 150.189 -22.386 0 0 -1 -0.92388 -0.382683 0 -0.382683 0.92388 0 placa2x3.dat
0 MLCAD BTG P4
1 6 -12.5 171.728 -22.122 1 0 0 0 -0.382683 -0.92388 0 0.92388 -0.382683 baldgord.dat
0 MLCAD BTG P4
1 6 7.5 116.297 -45.085 -1 0 0 0 -0.92388 -0.382683 0 -0.382683 0.92388 conotanq.dat
0 MLCAD BTG P3
1 6 -47.5 228.314 -204.454 -1 0 0 0 0 1 0 1 0 conotanq.dat
0 MLCAD BTG P3
1 6 -47.5 167.316 -204.456 0 0 -1 0 1 0 1 0 0 mastilm.dat
0 MLCAD BTG P4
1 6 7.5 139.64 -101.44 0 0 -1 -0.92388 -0.382683 0 -0.382683 0.92388 0 mastilm.dat
0 MLCAD BTG P3
1 6 -47.5 180.316 -204.455 1 0 0 0 -1 0 0 0 -1 tubo.dat
0 MLCAD BTG P4
1 6 7.5 134.667 -89.429 1 0 0 0 0.382683 0.92388 0 -0.92388 0.382683 tubo.dat
0 MLCAD BTG P3
1 6 -47.5 167.316 -204.456 0 0 -1 0 1 0 1 0 0 mastilh.dat
0 GROUP 12 P3
0 MLCAD BTG P4
1 6 7.5 139.64 -101.44 0 0 -1 -0.92388 -0.382683 0 -0.382683 0.92388 0 mastilh.dat
0 GROUP 12 P4
1 6 24.942 80.387 -94.834 -0.353554 0.146446 -0.92388 -0.680194 -0.718255 0.146446 -0.642135 0.680194 0.353553 chimplac.dat
0 MLCAD BTG P1
1 6 -32 146.898 -204.711 0 1 0 -0.707107 0 0.707107 0.707107 0 0.707107 chimplac.dat
0 MLCAD BTG P2
1 6 -8 147.254 -120.079 0 -1 0 -0.707107 0 0.707107 -0.707107 0 -0.707107 chimplac.dat
0 MLCAD BTG P2
1 6 0 133.112 -120.078 0 -1 0 -0.707107 0 0.707107 -0.707107 0 -0.707107 placa1.dat
0 MLCAD BTG P1
1 6 -40 132.754 -204.712 0 1 0 -0.707107 0 0.707107 0.707107 0 0.707107 placa1.dat
1 6 15.114 79.398 -119.242 -0.37533 0.0746577 -0.92388 -0.526999 -0.837152 0.146446 -0.762494 0.54185 0.353553 chimplac.dat
1 6 7.32 84.838 -141.912 -0.83147 0 -0.55557 -0.212607 -0.92388 0.31819 -0.51328 0.382683 0.768178 chimplac.dat
1 6 9.349 58.672 -125.721 -0.353554 0.146446 -0.92388 -0.680194 -0.718255 0.146446 -0.642135 0.680194 0.353553 chimenea.dat
0 MLCAD BTG P1
1 6 -40 118.613 -176.428 0 1 0 -0.707107 0 0.707107 0.707107 0 0.707107 chimplac.dat
1 6 0 118.968 -148.361 0 -1 0 -0.707107 0 0.707107 -0.707107 0 -0.707107 chimplac.dat
1 6 -40 119.285 -152.822 0 0 1 -0.92388 -0.382683 0 0.382683 -0.92388 0 bald2.dat
1 6 0 91.885 -145.802 0 0 -1 -0.382683 -0.92388 0 -0.92388 0.382683 0 bald2x2.dat
0 MLCAD BTG P2
1 6 8 104.825 -148.361 0 -1 0 0.707107 0 0.707107 -0.707107 0 0.707107 bald2.dat
0 GROUP 3 P2
0 MLCAD BTG P1
1 6 -48 104.471 -176.427 0 1 0 0.707107 0 0.707107 0.707107 0 -0.707107 bald2.dat
0 GROUP 4 P1
1 6 -7.167 68.336 -145.554 -0.815493 0.162211 -0.55557 -0.388762 -0.86465 0.31819 -0.42876 0.475466 0.768178 chimenea.dat
1 6 -40 91.624 -167.343 0 1 0 0.92388 0 -0.382683 -0.382683 0 -0.92388 bald2.dat
1 6 0 110.1 -174.995 0 -1 0 -0.92388 0 -0.382683 0.382683 0 -0.92388 bald2.dat
1 6 0 76.841 -161.219 0 0 -1 -0.382683 -0.92388 0 -0.92388 0.382683 0 placa2x2.dat
1 15 -40 88.562 -174.732 1 0 0 0 -0.382683 0.92388 0 -0.92388 -0.382683 placa2.dat
1 15 0 91.624 -167.343 0 0 -1 0.92388 -0.382683 0 -0.382683 -0.92388 0 enganch2.dat
1 15 -40 110.1 -174.995 0 0 1 -0.92388 -0.382683 0 0.382683 -0.92388 0 enganch2.dat
1 15 -40 85.502 -182.124 1 0 0 0 -0.382683 0.92388 0 -0.92388 -0.382683 placa2.dat
1 6 0 76.58 -182.757 0 0 -1 -0.382683 -0.92388 0 -0.92388 0.382683 0 bald2x2.dat
0 MLCAD BTG B4
1 6 -118.186 91.385 -230.461 -0.46194 -0.308658 0.83147 -0.777845 0.591401 -0.212607 -0.426109 -0.744967 -0.51328 mastilm.dat
0 MLCAD BTG B3
1 6 78.227 91.587 -230.613 -0.46194 0.308658 -0.83147 0.777845 0.591401 -0.212608 0.426109 -0.744966 -0.51328 mastilm.dat
0 MLCAD BTG B4
1 6 -114.059 130.541 -259.479 -0.46194 0.308658 -0.83147 -0.777845 -0.591401 0.212607 -0.426109 0.744967 0.51328 placa1.dat
1 6 0 61.535 -198.173 0 0 -1 -0.382683 -0.92388 0 -0.92388 0.382683 0 placa2x3.dat
1 0 -10 69.45 -158.157 0 0 -1 -0.382683 -0.92388 0 -0.92388 0.382683 0 placa2.dat
1 0 -10 62.058 -155.095 0 0 -1 -0.382683 -0.92388 0 -0.92388 0.382683 0 placa2.dat
1 15 -40 73.255 -211.687 1 0 0 0 -0.382683 0.92388 0 -0.92388 -0.382683 placa2.dat
1 15 0 76.316 -204.297 0 0 -1 0.92388 -0.382683 0 -0.382683 -0.92388 0 enganch2.dat
1 15 -40 94.794 -211.95 0 0 1 -0.92388 -0.382683 0 0.382683 -0.92388 0 enganch2.dat
0 MLCAD BTG B4
1 6 -134.083 121.842 -268.827 -0.46194 0.308658 -0.83147 -0.777845 -0.591401 0.212607 -0.426109 0.744967 0.51328 pastilla.dat
0 MLCAD BTG B3
1 6 94.121 122.045 -268.979 -0.46194 -0.308658 0.83147 0.777845 -0.591401 0.212608 0.426109 0.744966 0.51328 pastilla.dat
0 MLCAD BTG B4
1 6 -94.961 121.556 -263.784 -0.46194 0.308658 -0.83147 -0.777845 -0.591401 0.212607 -0.426109 0.744967 0.51328 placa2x2.dat
0 MLCAD BTG B4
1 6 -118.187 91.385 -230.461 -0.46194 -0.308658 0.83147 -0.777845 0.591401 -0.212607 -0.426109 -0.744967 -0.51328 mastilh.dat
0 MLCAD BTG B3
1 6 78.226 91.588 -230.613 -0.46194 0.308658 -0.83147 0.777845 0.591401 -0.212608 0.426109 -0.744966 -0.51328 mastilh.dat
0 MLCAD BTG B3
1 6 83.338 115.187 -268.15 -0.46194 -0.308658 0.83147 0.777845 -0.591401 0.212608 0.426109 0.744966 0.51328 placa1.dat
1 15 -40 70.193 -219.08 1 0 0 0 -0.382683 0.92388 0 -0.92388 -0.382683 placa2.dat
0 MLCAD BTG B4
1 6 -135.829 109.689 -267.012 -0.744966 0.308658 -0.591401 -0.637274 -0.591401 0.494091 -0.19725 0.744967 0.637273 chimplac.dat
0 MLCAD BTG B4
1 6 -121.736 98.186 -239.028 -0.46194 0.308658 -0.83147 -0.777845 -0.591401 0.212607 -0.426109 0.744967 0.51328 cilindro.dat
0 MLCAD BTG B3
1 6 81.777 98.389 -239.18 -0.46194 -0.308658 0.83147 0.777845 -0.591401 0.212608 0.426109 0.744966 0.51328 cilindro.dat
0 MLCAD BTG B3
1 6 96.139 109.772 -267.149 0.615275 -0.308658 -0.725373 -0.721421 -0.591401 -0.360272 -0.317786 0.744966 -0.586547 chimplac.dat
1 6 0 61.272 -219.713 0 0 -1 -0.382683 -0.92388 0 -0.92388 0.382683 0 bald2.dat
0 MLCAD BTG B4
1 6 -114.982 112.86 -273.132 -0.46194 0.308658 -0.83147 -0.777845 -0.591401 0.212607 -0.426109 0.744967 0.51328 pastilla.dat
0 MLCAD BTG B3
1 6 75.023 113.062 -273.283 -0.46194 -0.308658 0.83147 0.777845 -0.591401 0.212608 0.426109 0.744966 0.51328 pastilla.dat
0 MLCAD BTG B1
1 6 -67 68.321 -243.198 -0.55557 -0.83147 0 -0.31819 0.212607 0.92388 -0.768178 0.51328 -0.382683 mastilm.dat
0 MLCAD BTG B2
1 6 27 68.321 -243.198 -0.55557 0.83147 0 0.31819 0.212608 0.92388 0.768178 0.51328 -0.382683 mastilm.dat
0 MLCAD BTG B2
1 6 43.629 72.573 -232.932 -0.55557 -0.83147 0 0.31819 -0.212608 -0.92388 0.768178 -0.51328 0.382683 cilindro.dat
0 MLCAD BTG B1
1 6 -83.63 72.573 -232.933 -0.55557 0.83147 0 -0.31819 -0.212607 -0.92388 -0.768178 -0.51328 0.382683 cilindro.dat
1 6 0 61.01 -241.252 0 -1 0 0.92388 0 0.382683 -0.382683 0 0.92388 bald2r.dat
1 6 -40 79.487 -248.906 0 1 0 -0.92388 0 0.382683 0.382683 0 0.92388 bald2r.dat
1 6 -60 53.618 -238.191 1 0 0 0 -0.92388 -0.382683 0 0.382683 -0.92388 placa4.dat
0 MLCAD BTG B3
1 6 73.479 90.645 -280.979 -0.46194 -0.308658 0.83147 0.777845 -0.591401 0.212608 0.426109 0.744966 0.51328 placa2x2.dat
0 MLCAD BTG B3
1 7 65.161 104.648 -273.308 0.83147 -0.46194 -0.308658 0.212608 0.777845 -0.591401 0.51328 0.426109 0.744966 enganch2.dat
0 MLCAD BTG B3
1 7 59.303 119.53 -250.499 0.83147 -0.46194 -0.308658 0.212608 0.777845 -0.591401 0.51328 0.426109 0.744966 jacena1.dat
0 MLCAD BTG B3
1 7 48.217 138.197 -240.27 0.83147 -0.46194 -0.308658 0.212608 0.777845 -0.591401 0.51328 0.426109 0.744966 jacena1.dat
0 MLCAD BTG B4
1 7 -121.544 108.826 -262.879 0.83147 0.46194 0.308658 -0.212607 0.777846 -0.591401 -0.51328 0.426109 0.744967 enganch2.dat
0 MLCAD BTG B4
1 7 -99.055 119.454 -250.334 0.83147 0.46194 0.308658 -0.212607 0.777846 -0.591401 -0.51328 0.426109 0.744967 jacena1.dat
0 MLCAD BTG B4
1 7 -87.97 138.122 -240.108 0.83147 0.46194 0.308658 -0.212607 0.777846 -0.591401 -0.51328 0.426109 0.744967 jacena1.dat
0 MLCAD BTG B4
1 7 -132.207 90.493 -273.015 0.83147 0.46194 0.308658 -0.212607 0.777846 -0.591401 -0.51328 0.426109 0.744967 sillastr.dat
0 GROUP 12 B4
0 MLCAD BTG B1
1 6 -67 68.321 -243.198 -0.55557 -0.83147 0 -0.31819 0.212607 0.92388 -0.768178 0.51328 -0.382683 mastilh.dat
0 GROUP 3 B1
0 MLCAD BTG B2
1 6 27 68.321 -243.198 -0.55557 0.83147 0 0.31819 0.212608 0.92388 0.768178 0.51328 -0.382683 mastilh.dat
0 GROUP 3 B2
1 15 0 61.01 -241.252 0 0 -1 0.92388 -0.382683 0 -0.382683 -0.92388 0 enganch2.dat
1 15 -40 79.487 -248.906 0 0 1 -0.92388 -0.382683 0 0.382683 -0.92388 0 enganch2.dat
1 15 0 79.487 -248.906 -1 0 0 0 -0.382683 -0.92388 0 -0.92388 0.382683 pico.dat
1 15 -40 51.824 -263.426 1 0 0 0 -0.382683 0.92388 0 -0.92388 -0.382683 cuna.dat
1 15 -20 47.669 -299.588 -1 0 0 0 0.382683 0.92388 0 0.92388 -0.382683 mastilm.dat
1 15 -20 51.878 -289.425 1 0 0 0 -0.382683 0.92388 0 -0.92388 -0.382683 cilindro.dat
0 MLCAD BTG Cabeza
1 15 -20 47.67 -299.588 1 0 0 0 0.83147 -0.55557 0 0.55557 0.83147 mastilh.dat
0 MLCAD BTG Cabeza
1 6 0 26.298 -285.603 0 0 -1 -0.83147 -0.55557 0 -0.55557 0.83147 0 placa2x3.dat
0 MLCAD BTG Cabeza
1 15 -50 30.743 -292.256 1 0 0 0 -0.55557 -0.83147 0 0.83147 -0.55557 placa2x3.dat
0 MLCAD BTG Cabeza
1 15 -40 40.207 -324.418 0.92388 0 -0.382683 -0.318189 -0.55557 -0.768178 -0.212607 0.83147 -0.51328 chimenea.dat
0 MLCAD BTG Cabeza
1 15 0 40.206 -324.417 -0.92388 0 -0.382684 -0.31819 -0.55557 0.768178 -0.212608 0.83147 0.51328 chimenea.dat
0 MLCAD BTG Cabeza
1 0 -20 62.985 -358.508 0 0 1 0.83147 -0.55557 0 0.55557 0.83147 0 piquito.dat
0 MLCAD BTG Cabeza
1 15 -20 27.985 -306.127 -1 0 0 0 -0.55557 0.83147 0 0.83147 0.55557 soprtmar.dat
0 MLCAD BTG Cabeza
1 15 -40 26.873 -304.463 -0.92388 0 0.382683 0.318189 -0.55557 0.768178 0.212607 0.83147 0.51328 chimtubo.dat
0 MLCAD BTG Cabeza
1 15 0.001 26.873 -304.463 0.92388 0 0.382684 0.31819 -0.55557 -0.768178 0.212608 0.83147 -0.51328 chimtubo.dat
0 MLCAD BTG Cabeza
1 15 -19.999 49.652 -338.552 -1 0 0 0 -0.55557 0.83147 0 0.83147 0.55557 amortigu.dat
0 MLCAD BTG Cabeza
1 6 -10 33.557 -332.467 -1 0 0 0 0.83147 0.55557 0 0.55557 -0.83147 chimplac.dat
0 MLCAD BTG Cabeza
1 15 -10 28.001 -324.152 -1 0 0 0 -0.55557 0.83147 0 0.83147 0.55557 enganch2.dat
0 MLCAD BTG Cabeza
1 6 -40 10.243 -315.575 1 0 0 0 -0.55557 -0.83147 0 0.83147 -0.55557 piquito.dat
0 MLCAD BTG Cabeza
1 6 0.001 10.243 -315.574 1 0 0 0 -0.55557 -0.83147 0 0.83147 -0.55557 piquito.dat
0 MLCAD BTG Cabeza
1 15 -30 26.907 -336.914 -1 0 0 0 0.83147 0.55557 0 0.55557 -0.83147 sirena.dat
0 MLCAD BTG Cabeza
1 15 -10 26.907 -336.914 -1 0 0 0 0.83147 0.55557 0 0.55557 -0.83147 sirena.dat
0 MLCAD BTG Cabeza
1 6 -40 -2.516 -314.477 1 0 0 0 -0.55557 -0.83147 0 0.83147 -0.55557 enganc2.dat
0 MLCAD BTG Cabeza
1 6 -20 -2.516 -314.478 1 0 0 0 -0.55557 -0.83147 0 0.83147 -0.55557 enganc2.dat
0 MLCAD BTG Cabeza
1 6 0 -20.294 -287.87 -1 0 0 0 -0.55557 0.83147 0 0.83147 0.55557 cuna.dat
0 MLCAD BTG Cabeza
1 6 -10 -24.165 -300.08 -1 0 0 0 -0.55557 0.83147 0 0.83147 0.55557 chimplac.dat
0 MLCAD BTG Cabeza
1 6 -30 -19.718 -306.73 -0.382683 0 -0.92388 -0.768178 -0.55557 0.318189 -0.51328 0.83147 0.212607 chimplac.dat
0 MLCAD BTG Cabeza
1 15 -20 -5.812 -345.545 1 0 0 0 0.923879 -0.382683 0 0.382683 0.923879 bispqaba.dat
0 MLCAD BTG Cabeza
1 6 -9.228 -20.65 -307.355 0.382683 0 -0.92388 -0.768178 -0.55557 -0.318189 -0.51328 0.83147 -0.212607 chimplac.dat
0 MLCAD BTG Cabeza
1 6 -20 -5.812 -345.545 -1 0 0 0 0.55557 -0.83147 0 -0.83147 -0.55557 bispqarr.dat
0 MLCAD BTG Cabeza
1 6 -27.588 -30.871 -304.561 0 0 -1 -0.83147 -0.55557 0 -0.55557 0.83147 0 placa4.dat
0 MLCAD BTG Cabeza
1 0 -29.999 7.76 -328.058 -1 0 0 0 -0.55557 0.83147 0 0.83147 0.55557 tetonsin.dat
0 MLCAD BTG Cabeza
1 0 -10 7.76 -328.058 -1 0 0 0 -0.55557 0.83147 0 0.83147 0.55557 tetonsin.dat
0 MLCAD BTG Cabeza
1 6 8.412 -31.703 -305.114 0 0 -1 -0.83147 -0.55557 0 -0.55557 0.83147 0 placa4.dat
0 MLCAD BTG Cabeza
1 15 -37.588 -66.89 -340.652 0 0 -1 -0.83147 -0.55557 0 -0.55557 0.83147 0 barca.dat
0 MLCAD BTG Cabeza
1 15 -1.589 -66.89 -340.652 0 0 -1 -0.83147 -0.55557 0 -0.55557 0.83147 0 barca.dat
0 GROUP 30 Cabeza
0 MLCAD BTG B3
1 7 68.656 84.319 -288.672 0.308658 -0.46194 0.83147 0.591401 0.777845 0.212608 -0.744966 0.426109 0.51328 tbesctrp.dat
0 GROUP 12 B3
0 MLCAD BTG Cinturon
1 0 -20 123.215 -211.277 1 0 0 0 0.92388 0.382683 0 -0.382683 0.92388 tbshsi.dat
0 MLCAD BTG Cinturon
1 0 -20 114.169 -206.988 0 1 0 -0.92388 0 0.382683 0.382683 0 0.92388 jacena1.dat
0 MLCAD BTG Cinturon
1 0 -20 114.169 -206.988 0 -1 0 0.92388 0 0.382683 -0.382683 0 0.92388 jacena1.dat
0 MLCAD BTG Cinturon
1 0 -7 114.169 -206.988 0 -1 0 0.92388 0 0.382683 -0.382683 0 0.92388 mastilm.dat
0 GROUP 4 Cinturon
0
