0 Untitled
0 Name: Escarabajo.ldr
0 Author: MLCad
0 Unofficial Model
0 ROTATION CENTER 0 0 0 1 "Custom" 
0 ROTATION CONFIG 0 0
1 4 -90.005 -2.504 269.399 0 0 -1 -1 0 0 0 1 0 chimenea.dat
1 4 -90.005 -1.915 255.556 0 0 -1 -0.980785 -0.19509 0 -0.19509 0.980785 0 chimenea.dat
1 4 -90.005 1.366 242.094 0 0 -1 -0.92388 -0.382683 0 -0.382683 0.92388 0 chimenea.dat
1 4 -90.005 7.207 229.532 0 0 -1 -0.83147 -0.55557 0 -0.55557 0.83147 0 chimenea.dat
1 4 -90.005 15.383 218.327 0 0 -1 -0.707107 -0.707107 0 -0.707107 0.707107 0 chimenea.dat
1 4 -90.005 25.589 208.956 0 0 -1 -0.55557 -0.831469 0 -0.831469 0.55557 0 chimenea.dat
1 4 -90.005 71.995 335.999 0 0 -1 0 1 0 1 0 0 chimenea.dat
1 4 -90.004 58.153 335.408 0 0 -1 -0.19509 0.980785 0 0.980785 0.19509 0 chimenea.dat
1 4 -90.005 44.69 332.129 0 0 -1 -0.382683 0.92388 0 0.92388 0.382683 0 chimenea.dat
1 4 -90.005 32.127 326.288 0 0 -1 -0.55557 0.83147 0 0.83147 0.55557 0 chimenea.dat
1 4 -90.005 20.925 318.113 0 0 -1 -0.707107 0.707107 0 0.707107 0.707107 0 chimenea.dat
1 4 -90.005 11.552 307.905 0 0 -1 -0.831469 0.55557 0 0.55557 0.831469 0 chimenea.dat
1 4 -90.005 4.352 296.069 0 0 -1 -0.92388 0.382684 0 0.382684 0.92388 0 chimenea.dat
1 4 -90.005 -0.4 283.054 0 0 -1 -0.980785 0.19509 0 0.19509 0.980785 0 chimenea.dat
1 4 -110.005 -2.504 269.398 0 0 -1 -1 0 0 0 1 0 chimenea.dat
1 4 -110.005 -1.915 255.556 0 0 -1 -0.980785 -0.19509 0 -0.19509 0.980785 0 chimenea.dat
1 4 -110.005 1.366 242.094 0 0 -1 -0.92388 -0.382683 0 -0.382683 0.92388 0 chimenea.dat
1 4 -110.005 7.207 229.532 0 0 -1 -0.83147 -0.55557 0 -0.55557 0.83147 0 chimenea.dat
1 4 -110.005 15.383 218.328 0 0 -1 -0.707107 -0.707107 0 -0.707107 0.707107 0 chimenea.dat
1 4 -110.005 25.589 208.957 0 0 -1 -0.55557 -0.831469 0 -0.831469 0.55557 0 chimenea.dat
1 4 -110.005 71.995 335.998 0 0 -1 0 1 0 1 0 0 chimenea.dat
1 4 -110.005 58.153 335.408 0 0 -1 -0.19509 0.980785 0 0.980785 0.19509 0 chimenea.dat
1 4 -110.005 44.69 332.129 0 0 -1 -0.382683 0.92388 0 0.92388 0.382683 0 chimenea.dat
1 4 -110.005 32.127 326.288 0 0 -1 -0.55557 0.83147 0 0.83147 0.55557 0 chimenea.dat
1 4 -110.005 20.923 318.112 0 0 -1 -0.707107 0.707107 0 0.707107 0.707107 0 chimenea.dat
1 4 -110.005 11.551 307.906 0 0 -1 -0.831469 0.55557 0 0.55557 0.831469 0 chimenea.dat
1 4 -110.005 4.352 296.069 0 0 -1 -0.92388 0.382684 0 0.382684 0.92388 0 chimenea.dat
1 4 -110.005 -0.4 283.054 0 0 -1 -0.980785 0.19509 0 0.19509 0.980785 0 chimenea.dat
1 0 -40 88 366 0 0 1 0 1 0 -1 0 0 placa2x8.dat
1 0 -60 88 666 0 0 1 0 1 0 -1 0 0 placa4x8.dat
1 4 -20 80 626 -1 0 0 0 1 0 0 0 -1 popa6p.dat
1 4 20 80 626 -1 0 0 0 1 0 0 0 -1 placa4.dat
1 4 40 56 646 -1 0 0 0 1 0 0 0 -1 pico.dat
1 4 0 64 666 -1 0 0 0 1 0 0 0 -1 bald2x2r.dat
1 7 23.912 72 708.766 -0.333806 -0.942642 0 0 0 1 -0.942642 0.333806 0 enganch2.dat
1 7 43.198 82 691.328 -0.333806 -0.942642 0 0 0 1 -0.942642 0.333806 0 jacena1.dat
1 7 65.821 82 683.315 -0.333806 -0.942642 0 0 0 1 -0.942642 0.333806 0 piquito.dat
1 0 36.599 82 693.663 0.333806 0.942642 0 0 0 1 0.942642 -0.333806 0 engbarco.dat
1 7 16 82 702 0 1 0 -1 0 0 0 0 1 jacena1.dat
1 7 -56 82 702 0 -1 0 -1 0 0 0 0 -1 jacena1.dat
1 7 -32 92 712 0 -1 0 -1 0 0 0 0 -1 placa1.dat
1 7 -24 92 712 0 -1 0 -1 0 0 0 0 -1 enganc2.dat
1 7 -57.234 72 689.912 -0.333806 0.942642 0 0 0 1 0.942642 0.333806 0 enganch2.dat
1 7 -83.198 82 691.328 -0.333806 0.942642 0 0 0 1 0.942642 0.333806 0 jacena1.dat
1 7 -105.821 82 683.315 -0.333806 0.942642 0 0 0 1 0.942642 0.333806 0 piquito.dat
1 0 -76.599 82 693.664 -0.329691 -0.944089 0 0 0 -1 0.944089 -0.329691 0 engbarco.dat
1 0 -60 72 626 0 0 -1 0 1 0 1 0 0 placa4.dat
1 0 40 72 626 0 0 -1 0 1 0 1 0 0 placa4.dat
1 0 -60 64 706 -1 0 0 0 1 0 0 0 -1 bald1.dat
1 8 -50 32 596 0 0 -1 0 1 0 1 0 0 sirena.dat
1 383 20 24 626 -1 0 0 0 1 0 0 0 -1 pistola.dat
1 0 -50 32 626 0 0 1 0 1 0 -1 0 0 pastilla.dat
1 383 -30 48 616 0 0 1 0 1 0 -1 0 0 amortigu.dat
1 383 -30 48 636 0 0 1 0 1 0 -1 0 0 amortigu.dat
1 383 -10 48 636 0 0 1 0 1 0 -1 0 0 amortigu.dat
1 383 -10 48 616 0 0 1 0 1 0 -1 0 0 amortigu.dat
1 383 -30 48 616 0 0 1 0 1 0 -1 0 0 amortigu.dat
1 8 10 32 636 0 0 1 0 1 0 -1 0 0 chimplac.dat
1 0 -10 56 636 0 0 1 0 1 0 -1 0 0 chimplac.dat
1 0 -30 56 636 0 0 1 0 1 0 -1 0 0 chimplac.dat
1 0 40 64 706 -1 0 0 0 1 0 0 0 -1 bald1.dat
1 4 20 72 606 0 0 -1 0 1 0 1 0 0 placa2x3.dat
1 4 40 64 666 -1 0 0 0 1 0 0 0 -1 placa2x2.dat
1 4 -40 64 666 -1 0 0 0 1 0 0 0 -1 placa2x2.dat
1 4 0 56 626 0 0 1 0 1 0 -1 0 0 cuna.dat
1 4 -40 56 586 0 0 -1 0 1 0 1 0 0 cuna.dat
1 4 -20 72 606 0 0 -1 0 1 0 1 0 0 placa2x3.dat
1 4 -40 56 646 -1 0 0 0 1 0 0 0 -1 pico.dat
1 4 -40 56 646 -1 0 0 0 1 0 0 0 -1 jacena2.dat
1 4 40 56 646 -1 0 0 0 1 0 0 0 -1 jacena2.dat
1 0 -60 88 506 0 0 1 0 1 0 -1 0 0 placa4x6.dat
1 0 60 80 546 0 0 1 0 1 0 -1 0 0 placa4.dat
1 0 -120 80 546 0 0 1 0 1 0 -1 0 0 placa4.dat
1 0 -40 44 218 1 0 0 0 0 1 0 -1 0 rejilla.dat
1 0 -20 80 185.999 -1 0 0 0 -1 0 0 0 1 paracq21.dat
1 15 20 80 165.599 -1 0 0 0 -0.984041 0.177944 0 0.177944 0.984041 Pegat_MatriculaLarga.dat
1 0 -80 64 175.999 0 -1 0 1 0 0 0 0 1 helillnt.dat
1 0 20 64 175.999 0 -1 0 1 0 0 0 0 1 helillnt.dat
1 4 -48 -28 345.999 0 1 0 1 0 0 0 0 -1 jacen2x4.dat
1 4 -40 -8 345.999 0 1 0 1 0 0 0 0 -1 placa2x3.dat
1 4 -48 32 325.999 0 1 0 -1 0 0 0 0 1 vntscorp.dat
1 4 -16 -8 345.999 0 -1 0 -1 0 0 0 0 -1 enganch2.dat
1 4 -16 -18 315.999 0 -1 0 -1 0 0 0 0 -1 jacena1.dat
1 4 -24 -28 345.999 0 1 0 1 0 0 0 0 -1 enganch2.dat
1 4 -24 -18 315.999 0 1 0 1 0 0 0 0 -1 jacena1.dat
1 4 -72.001 -28 286 0 1 0 0 0 1 1 0 0 bald2x2r.dat
1 4 -72.001 -28 326 0 1 0 0 0 1 1 0 0 bald2r.dat
1 4 -72.001 32 246 0 1 0 -1 0 0 0 0 1 bald2x2r.dat
1 4 -72.001 12 326 0 1 0 0 0 1 1 0 0 bald2.dat
1 4 -72.001 32 286 0 1 0 -1 0 0 0 0 1 bald2.dat
1 4 8 -28 306 0 -1 0 1 0 0 0 0 1 jacen2x4.dat
1 4 0 32 346 0 0 -1 0 -1 0 -1 0 0 enganch2.dat
1 4 30 -14.89 378.732 0 0 -1 0.19509 0.980785 0 0.980785 -0.19509 0 gruab.dat
1 4 30 -59 466 1 0 0 0 1 0 0 0 1 soprtmar.dat
1 4 -70 -59 466 1 0 0 0 1 0 0 0 1 soprtmar.dat
1 4 -40 32 326 0 0 1 0 -1 0 1 0 0 enganch2.dat
1 4 0 -8 326 0 0 -1 0 -1 0 -1 0 0 enganch2.dat
1 4 -40 -8 306 0 0 1 0 -1 0 1 0 0 enganch2.dat
1 4 0 -8 346 0 0 -1 0 -1 0 -1 0 0 enganch2.dat
1 4 -40 -8 326 0 0 1 0 -1 0 1 0 0 enganch2.dat
1 4 -40 32 306 0 0 1 0 -1 0 1 0 0 enganch2.dat
1 4 0 32 326 0 0 -1 0 -1 0 -1 0 0 enganch2.dat
1 4 -0.001 -8 306 0 -1 0 1 0 0 0 0 1 placa2x3.dat
1 4 32 -28 326 0 -1 0 0 0 1 -1 0 0 bald2x2r.dat
1 4 40 12 506 0 -1 0 0 0 1 -1 0 0 tejado8.dat
1 4 40 12 506 0 -1 0 0 0 1 -1 0 0 placa2x8.dat
1 4 -80 12 346 0 1 0 0 0 1 1 0 0 placa2x8.dat
1 4 -80 12 346 0 1 0 0 0 1 1 0 0 tejado8.dat
1 4 48 -8 346 0 -1 0 1 0 0 0 0 1 bald2x2r.dat
1 4 48 32 346 0 -1 0 1 0 0 0 0 1 bald2r.dat
1 4 48 -8 426 0 -1 0 0 0 1 -1 0 0 bald2x2.dat
1 4 48 32 386 0 -1 0 1 0 0 0 0 1 bald2.dat
1 4 48 32 426 0 -1 0 1 0 0 0 0 1 bald2.dat
1 4 48 12 426 0 -1 0 1 0 0 0 0 1 bald2.dat
1 7 56 12 466 0 -1 0 -1 0 0 0 0 -1 bald2r.dat
1 4 48 12 426 0 -1 0 0 0 -1 1 0 0 placa2.dat
1 4 48 32 506 0 -1 0 -1 0 0 0 0 -1 bald2x2r.dat
1 4 32 12 586 0 -1 0 -1 0 0 0 0 -1 bald2x2r.dat
1 4 32 -28 546 0 -1 0 0 0 1 -1 0 0 bald2.dat
1 4 32 32 506 0 -1 0 -1 0 0 0 0 -1 placa1.dat
1 4 32 12 486 0 -1 0 -1 0 0 0 0 -1 tejado.dat
1 4 24 32 526 0 -1 0 -1 0 0 0 0 -1 placa2x3.dat
1 4 -72 -28 486 0 1 0 1 0 0 0 0 -1 tejado.dat
1 4 -64 -28 526 0 1 0 1 0 0 0 0 -1 placa2x3.dat
1 4 -64 -28 566 0 1 0 1 0 0 0 0 -1 placa2x3.dat
1 4 -72 12 546 0 1 0 1 0 0 0 0 -1 bald2x2.dat
1 4 -72 -28 586 0 1 0 1 0 0 0 0 -1 bald2x2r.dat
1 4 -88 32 346 0 1 0 -1 0 0 0 0 1 bald2x2r.dat
1 4 -88 52 346 0 1 0 -1 0 0 0 0 1 bald2r.dat
1 4 -88 32 386 0 1 0 -1 0 0 0 0 1 bald2x2.dat
1 4 -88 52 426 0 1 0 -1 0 0 0 0 1 bald2.dat
1 4 -88 52 386 0 1 0 -1 0 0 0 0 1 bald2.dat
1 4 -88 32 426 0 1 0 -1 0 0 0 0 1 bald2.dat
1 4 -88 12 466 0 1 0 0 0 -1 -1 0 0 placa2.dat
1 7 -96 -8 466 0 1 0 1 0 0 0 0 -1 bald2r.dat
1 4 -88 -8 506 0 1 0 1 0 0 0 0 -1 bald2x2r.dat
1 4 -88 32 506 0 1 0 1 0 0 0 0 -1 bald2r.dat
1 4 -72 -28 526 0 1 0 0 0 1 1 0 0 bald2.dat
1 4 -56 -18 506 0 1 0 0 0 1 1 0 0 placa2.dat
1 4 16 -18 546 0 -1 0 0 0 1 -1 0 0 placa2.dat
1 4 24 32 566 0 -1 0 -1 0 0 0 0 -1 placa2x3.dat
1 4 -40 -32.026 591.988 1 0 0 0 0.999991 -0.00436331 0 0.00436331 0.999991 bisnreje.dat
1 4 0 -32.026 591.988 1 0 0 0 0.999991 -0.00436331 0 0.00436331 0.999991 bisnreje.dat
1 4 -60 -12.026 575.988 1 0 0 0 0 1 0 -1 0 placa4.dat
1 4 0 -32.026 591.988 1 0 0 0 0 1 0 -1 0 bisnraba.dat
1 4 -40 -32.026 591.988 1 0 0 0 0 1 0 -1 0 bisnraba.dat
1 4 -40 -32.026 591.988 1 0 0 0 0.62932 0.777146 0 -0.777146 0.62932 bisnrarr.dat
1 4 0 -32.026 591.988 1 0 0 0 0.62932 0.777146 0 -0.777146 0.62932 bisnrarr.dat
1 4 20 -11.009 629.596 1 0 0 0 0.62932 0.777147 0 -0.777147 0.62932 bisnraba.dat
1 4 20 -11.009 629.596 -1 0 0 0 0.62932 -0.777146 0 -0.777146 -0.62932 bisnraba.dat
1 4 -60 -11.009 629.596 1 0 0 0 0.62932 0.777147 0 -0.777147 0.62932 bisnraba.dat
1 4 -60 -0.942 617.16 1 0 0 0 0.62932 0.777147 0 -0.777147 0.62932 placa4.dat
1 4 -60 -19.22 592.065 1 0 0 0 0.62932 0.777146 0 -0.777146 0.62932 placa4.dat
1 4 0 14.603 629.746 0 0 -1 0.777147 0.62932 0 0.62932 -0.777147 0 placa2x3.dat
1 4 -20 25.11 648.55 -1 0 0 0 0.62932 -0.777147 0 -0.777147 -0.62932 popa6p.dat
1 4 -60 -11.009 629.596 -1 0 0 0 0.62932 -0.777146 0 -0.777146 -0.62932 bisnraba.dat
1 4 -60 -11.009 629.596 -1 0 0 0 0.62932 -0.777147 0 -0.777147 -0.62932 bisnreje.dat
1 4 20 -11.009 629.596 -1 0 0 0 0.62932 -0.777147 0 -0.777147 -0.62932 bisnreje.dat
1 4 -20 -11.009 629.596 1 0 0 0 0.62932 0.777147 0 -0.777147 0.62932 compuert.dat
1 4 -20 -11.009 629.596 1 0 0 0 0.62932 0.777146 0 -0.777146 0.62932 bispqaba.dat
1 4 -40 -37.06 598.206 1 0 0 0 0.62932 0.777146 0 -0.777146 0.62932 placa2.dat
1 0 0 20.187 654.632 0 -0.00436331 -0.99999 0.777147 0.629314 -0.00274592 0.62932 -0.777139 0.00339093 bald2x2.dat
1 15 -39.973 45.697 686.153 1 0 0 0 -0.777146 0.62932 0 -0.62932 -0.777146 Pegat_MatriculaCorta.dat
1 4 -40 -34.324 610.716 1 0 0 0 0.62932 0.777146 0 -0.777146 0.62932 pastilla.dat
1 4 0 -34.324 610.716 1 0 0 0 0.62932 0.777146 0 -0.777146 0.62932 pastilla.dat
1 4 -20 -11.009 629.596 -1 0 0 0 0.62932 -0.777147 0 -0.777147 -0.62932 bisnreje.dat
1 4 32 12 546 0 -1 0 0 0 1 -1 0 0 bald2x2.dat
1 4 48 52 506 0 -1 0 -1 0 0 0 0 -1 bald2r.dat
1 4 32 -8 246 0 -1 0 1 0 0 0 0 1 bald2x2r.dat
1 4 32 12 346 0 -1 0 0 0 1 -1 0 0 bald2.dat
1 4 32 12 286 0 -1 0 1 0 0 0 0 1 bald2.dat
1 4 32 -28 346 0 -1 0 0 0 1 -1 0 0 bald2r.dat
1 7 -24 -28 346 0 -1 0 0 0 1 -1 0 0 placa2.dat
1 7 -24 12 306 0 -1 0 1 0 0 0 0 1 proa4p.dat
1 4 -16 12 306 0 -1 0 1 0 0 0 0 1 proa4p.dat
1 4 -8 12 306 0 -1 0 1 0 0 0 0 1 proa4p.dat
1 4 0 12 306 0 -1 0 1 0 0 0 0 1 proa4p.dat
1 4 8 12 306 0 -1 0 1 0 0 0 0 1 proa4p.dat
1 4 16 12 306 0 -1 0 1 0 0 0 0 1 proa4p.dat
1 4 24 12 306 0 -1 0 1 0 0 0 0 1 proa4p.dat
1 4 -20 -104 466 1 0 0 0 -1 0 0 0 -1 helcab.dat
1 4 -20 -104 466 -1 0 0 0 -1 0 0 0 1 helcab.dat
1 4 -20 -104 466 -1 0 0 0 1 0 0 0 -1 baldc4.dat
1 0 -20 -96 466 -1 0 0 0 -1 0 0 0 1 baldc4.dat
1 4 -24 12 306 0 1 0 -1 0 0 0 0 1 proa4p.dat
1 4 -32 12 306 0 1 0 -1 0 0 0 0 1 proa4p.dat
1 4 -40 12 306 0 1 0 -1 0 0 0 0 1 proa4p.dat
1 4 -48.001 12 306 0 1 0 -1 0 0 0 0 1 proa4p.dat
1 4 -55.999 12 306 0 1 0 -1 0 0 0 0 1 proa4p.dat
1 4 -64 12 306 0 1 0 -1 0 0 0 0 1 proa4p.dat
1 0 -6 -18 361 0 0 1 0 1 0 -1 0 0 nrutemb2.dat
1 0 -6 -28 346 0 0 1 0 -1 0 1 0 0 helillnt.dat
1 0 -44 -28 346 1 0 0 0 0 1 0 -1 0 baldc1.dat
1 383 41 -33.89 354.98 -1 0 0 0 -0.19509 -0.980785 0 -0.980785 0.19509 eje15.dat
1 7 29.076 -37.506 344.957 0 -0.980785 0.19509 -1 0 0 0 -0.19509 -0.980785 radarp.dat
1 7 -68.981 -37.506 345.426 0 0.980785 -0.19509 1 0 0 0 -0.19509 -0.980785 radarp.dat
1 0 -120.005 79.995 465.999 0 0 1 0 1 0 -1 0 0 placa6x8.dat
1 6 -60.005 71.995 485.999 0 0 1 0 1 0 -1 0 0 baldc2x2.dat
1 6 -60.005 71.995 505.999 0 0 1 0 1 0 -1 0 0 baldc2.dat
1 6 -20.005 71.995 505.999 0 0 1 0 1 0 -1 0 0 baldc2.dat
1 6 -40.005 71.995 445.999 0 0 1 0 1 0 -1 0 0 baldc2x2.dat
1 6 -40.005 71.995 365.999 0 0 1 0 1 0 -1 0 0 baldc2.dat
1 4 -60.005 71.995 345.999 0 0 -1 0 1 0 1 0 0 placa4.dat
1 4 39.995 71.995 345.999 0 0 -1 0 1 0 1 0 0 placa4.dat
1 4 -60.005 71.995 425.999 0 0 -1 0 1 0 1 0 0 placa4.dat
1 4 39.995 71.995 425.999 0 0 -1 0 1 0 1 0 0 placa4.dat
1 6 -60.005 71.995 345.999 1 0 0 0 1 0 0 0 1 baldc2.dat
1 6 19.995 55.995 385.999 1 0 0 0 1 0 0 0 1 baldc2.dat
1 6 -80.005 55.995 385.999 1 0 0 0 1 0 0 0 1 baldc2.dat
1 6 19.995 55.995 465.999 1 0 0 0 1 0 0 0 1 baldc2.dat
1 6 -80.005 55.995 465.999 1 0 0 0 1 0 0 0 1 baldc2.dat
1 0 19.995 7.995 575.999 -1 0 0 0 1 0 0 0 -1 enganch2.dat
1 0 -0.005 7.995 575.999 -1 0 0 0 1 0 0 0 -1 enganch2.dat
1 0 -20.005 7.995 575.999 -1 0 0 0 1 0 0 0 -1 enganch2.dat
1 0 -40.005 7.995 575.999 -1 0 0 0 1 0 0 0 -1 enganch2.dat
1 4 -60.005 47.995 545.999 1 0 0 0 1 0 0 0 1 jacena4.dat
1 4 -0.005 47.995 585.999 -1 0 0 0 1 0 0 0 -1 enganch2.dat
1 4 -20.005 47.995 585.999 -1 0 0 0 1 0 0 0 -1 enganch2.dat
1 383 -0.005 47.995 585.999 -1 0 0 0 0 -1 0 -1 0 respirad.dat
1 4 -50.005 47.995 575.999 1 0 0 0 1 0 0 0 1 jacena1.dat
1 4 9.995 47.995 575.999 1 0 0 0 1 0 0 0 1 jacena1.dat
1 0 -60.005 15.995 575.999 1 0 0 0 1 0 0 0 1 tejado.dat
1 0 -20.005 15.995 575.999 1 0 0 0 1 0 0 0 1 tejado.dat
1 0 19.995 23.995 545.999 0 0 -1 0 1 0 1 0 0 remate_2.dat
1 0 -20.005 23.995 545.999 0 0 -1 0 1 0 1 0 0 remate_2.dat
1 0 -20.005 -16.005 575.999 1 0 0 0 1 0 0 0 1 pico.dat
1 0 -60.005 -16.005 575.999 1 0 0 0 1 0 0 0 1 pico.dat
1 4 -60.005 55.995 585.999 0 0 1 0 1 0 -1 0 0 placa2x3.dat
1 4 -20.005 55.995 585.999 0 0 1 0 1 0 -1 0 0 placa2x3.dat
1 4 -40.005 55.995 505.999 1 0 0 0 1 0 0 0 1 placa2.dat
1 6 -0.005 71.995 345.999 1 0 0 0 1 0 0 0 1 baldc2.dat
1 6 -0.005 71.995 345.999 0 0 1 0 1 0 -1 0 0 baldc2x2.dat
1 6 -80.005 71.995 345.999 0 0 1 0 1 0 -1 0 0 baldc2x2.dat
1 6 -20.005 71.995 485.999 0 0 1 0 1 0 -1 0 0 baldc2x2.dat
1 0 79.995 71.995 345.999 0 0 -1 0 1 0 1 0 0 bald2x2r.dat
1 0 79.995 71.995 385.999 0 0 -1 0 1 0 1 0 0 bald2x2r.dat
1 0 79.995 71.995 425.999 0 0 -1 0 1 0 1 0 0 bald2x2r.dat
1 0 79.995 71.995 465.999 0 0 -1 0 1 0 1 0 0 bald2x2r.dat
1 0 -120.005 71.995 505.999 0 0 1 0 1 0 -1 0 0 bald2x2r.dat
1 0 -120.005 71.995 465.999 0 0 1 0 1 0 -1 0 0 bald2x2r.dat
1 0 -120.005 71.995 425.998 0 0 1 0 1 0 -1 0 0 bald2x2r.dat
1 0 -120.005 71.995 385.999 0 0 1 0 1 0 -1 0 0 bald2x2r.dat
1 4 19.995 63.995 345.999 1 0 0 0 1 0 0 0 1 remate62.dat
1 4 19.995 63.995 465.999 1 0 0 0 1 0 0 0 1 remate_2.dat
1 4 -60.005 63.995 465.999 -1 0 0 0 1 0 0 0 -1 remate62.dat
1 4 -60.005 63.995 505.999 -1 0 0 0 1 0 0 0 -1 remate_2.dat
1 0 -10.005 23.995 385.999 1 0 0 0 1 0 0 0 1 baldgord.dat
1 0 -0.005 47.995 445.999 0 0 1 0 1 0 -1 0 0 jacena2.dat
1 0 -0.005 71.995 445.999 0 0 1 0 1 0 -1 0 0 jacena2.dat
1 0 -60.005 47.995 445.999 0 0 1 0 1 0 -1 0 0 jacena2.dat
1 0 -50.005 15.995 445.999 1 0 0 0 1 0 0 0 1 bispqaba.dat
1 0 -50.005 15.995 445.999 1 0 0 0 0.986996 0.160743 0 -0.160743 0.986996 bispqarr.dat
1 0 9.995 15.995 445.999 1 0 0 0 1 0 0 0 1 bispqaba.dat
1 0 9.995 15.995 445.999 1 0 0 0 0.986996 0.160742 0 -0.160742 0.986996 bispqarr.dat
1 0 -10.005 4.884 427.545 1 0 0 0 0.986996 0.160742 0 -0.160742 0.986996 jacena2.dat
1 0 -10.005 -18.804 431.403 1 0 0 0 0.986996 0.160742 0 -0.160742 0.986996 jacena2.dat
1 0 -70.005 4.884 427.545 1 0 0 0 0.986996 0.160742 0 -0.160742 0.986996 jacena2.dat
1 0 -70.005 -18.804 431.403 1 0 0 0 0.986996 0.160742 0 -0.160742 0.986996 jacena2.dat
1 0 -60.005 -40.885 445.13 0 0 1 -0.160743 0.986996 0 -0.986996 -0.160743 0 piquito.dat
1 0 -40.005 -40.885 445.13 0 0 1 -0.160743 0.986996 0 -0.986996 -0.160743 0 piquito.dat
1 0 -0.005 -40.885 445.13 0 0 1 -0.160742 0.986996 0 -0.986996 -0.160742 0 piquito.dat
1 0 19.995 -40.885 445.13 0 0 1 -0.160742 0.986996 0 -0.986996 -0.160742 0 piquito.dat
1 0 -60.005 71.995 445.999 0 0 1 0 1 0 -1 0 0 jacena2.dat
1 0 -50.005 71.995 395.999 0 0 1 0 1 0 -1 0 0 jacena1.dat
1 0 -50.005 47.995 395.999 0 0 1 0 1 0 -1 0 0 jacena1.dat
1 0 9.995 71.995 395.999 0 0 1 0 1 0 -1 0 0 jacena1.dat
1 0 9.995 47.995 395.999 0 0 1 0 1 0 -1 0 0 jacena1.dat
1 0 -70.005 23.995 385.999 1 0 0 0 1 0 0 0 1 baldgord.dat
1 4 39.995 31.995 345.999 0 0 -1 0 1 0 1 0 0 enganch2.dat
1 4 39.995 55.995 345.999 0 0 -1 0 1 0 1 0 0 jacena2.dat
1 4 39.995 31.995 455.999 0 0 -1 0 1 0 1 0 0 enganch2.dat
1 4 -80.005 31.995 475.999 0 0 1 0 1 0 -1 0 0 enganch2.dat
1 4 -80.005 -8.005 475.999 0 0 1 0 1 0 -1 0 0 enganch2.dat
1 4 -70.005 -72.005 465.999 0 0 1 0 -1 0 1 0 0 jacena1.dat
1 4 -80.005 -48.005 455.999 0 0 1 0 -1 0 1 0 0 enganc2.dat
1 4 29.995 -72.005 465.999 0 0 1 0 -1 0 1 0 0 jacena1.dat
1 4 19.995 -48.005 455.999 0 0 1 0 -1 0 1 0 0 enganc2.dat
1 4 19.995 71.995 545.999 -1 0 0 0 1 0 0 0 -1 placa2x2.dat
1 0 9.995 55.995 515.999 1 0 0 0 1 0 0 0 1 tubo.dat
1 0 -50.005 55.995 515.999 1 0 0 0 1 0 0 0 1 tubo.dat
1 0 -50.005 47.995 535.999 1 0 0 0 1 0 0 0 1 jacena1.dat
1 0 -60.005 23.995 525.999 1 0 0 0 1 0 0 0 1 bald1.dat
1 0 -0.005 23.995 525.999 1 0 0 0 1 0 0 0 1 bald1.dat
1 0 9.995 47.995 535.999 1 0 0 0 1 0 0 0 1 jacena1.dat
1 4 -20.005 71.995 545.999 -1 0 0 0 1 0 0 0 -1 placa2x2.dat
1 0 -0.005 47.995 545.999 -1 0 0 0 1 0 0 0 -1 jacen2x2.dat
1 0 -40.005 23.995 505.999 1 0 0 0 1 0 0 0 1 bald2x2r.dat
1 4 -60.005 63.995 625.999 0 0 1 0 1 0 -1 0 0 placa4x6.dat
1 0 -0.005 31.995 505.999 0 -1 0 0 0 -1 1 0 0 enganch2.dat
1 0 -40.005 31.995 525.999 0 1 0 0 0 -1 -1 0 0 enganch2.dat
1 4 39.995 -8.005 455.999 0 0 -1 0 1 0 1 0 0 enganch2.dat
1 4 39.995 -0.005 455.999 0 0 -1 0 1 0 1 0 0 placa1.dat
1 4 39.995 7.995 455.999 0 0 -1 0 1 0 1 0 0 placa1.dat
1 4 -60.005 7.995 455.999 0 0 -1 0 1 0 1 0 0 placa1.dat
1 4 -60.005 -0.005 455.999 0 0 -1 0 1 0 1 0 0 placa1.dat
1 4 39.995 39.995 435.999 0 0 -1 0 1 0 1 0 0 placa2.dat
1 4 39.995 47.995 435.999 0 0 -1 0 1 0 1 0 0 placa2.dat
1 4 39.995 55.995 445.999 0 0 -1 0 1 0 1 0 0 placa1.dat
1 4 -60.005 39.995 435.999 0 0 -1 0 1 0 1 0 0 placa2.dat
1 4 -60.005 47.995 435.999 0 0 -1 0 1 0 1 0 0 placa2.dat
1 4 -60.005 55.995 445.999 0 0 -1 0 1 0 1 0 0 placa1.dat
1 4 39.995 31.995 365.999 0 0 -1 0 1 0 1 0 0 enganch2.dat
1 4 -80.005 31.995 385.999 0 0 1 0 1 0 -1 0 0 enganch2.dat
1 4 -80.005 55.995 385.999 0 0 1 0 1 0 -1 0 0 jacena2.dat
1 4 -80.005 31.995 365.999 0 0 1 0 1 0 -1 0 0 enganch2.dat
1 4 29.995 7.995 355.999 0 0 1 0 1 0 -1 0 0 chimenea.dat
1 4 19.995 0.026 385.618 0 0 1 -0.19509 0.980785 0 -0.980785 -0.19509 0 placa2.dat
1 4 -70 -14.89 378.732 0 0 -1 0.19509 0.980785 0 0.980785 -0.19509 0 gruab.dat
1 383 -81 -33.89 354.98 -1 0 0 0 -0.19509 -0.980785 0 -0.980785 0.19509 eje15.dat
1 4 -70.005 7.995 355.999 0 0 1 0 1 0 -1 0 0 chimenea.dat
1 4 -80.005 0.026 385.618 0 0 1 -0.19509 0.980785 0 -0.980785 -0.19509 0 placa2.dat
1 4 -30.005 71.995 375.999 0 0 1 0 1 0 -1 0 0 chimenea.dat
1 4 -10.005 71.995 375.999 0 0 1 0 1 0 -1 0 0 chimenea.dat
1 6 -40.005 64.026 405.618 0 0 1 -0.19509 0.980785 0 -0.980785 -0.19509 0 baldg2x2.dat
1 0 -20 56.892 386.418 0 0 1 -0.19509 0.980785 0 -0.980785 -0.19509 0 tbfarola.dat
1 4 29.995 32 605 -1 0 0 0 1 0 0 0 -1 helala.dat
1 4 -70.005 32 605 -1 0 0 0 1 0 0 0 -1 helala.dat
1 4 -20.005 63.995 305.999 1 0 0 0 1 0 0 0 1 bisnraba.dat
1 4 -20.005 63.995 305.999 -1 0 0 0 -1 0 0 0 1 bisnraba.dat
1 4 -0.005 23.995 305.999 -1 0 0 0 -1 0 0 0 1 placa2x2.dat
1 4 -0.005 15.995 305.999 -1 0 0 0 -1 0 0 0 1 placa2x2.dat
1 4 -20.005 63.995 305.999 -1 0 0 0 -1 0 0 0 1 bisnreje.dat
1 0 -0.005 79.995 465.999 0 0 1 0 1 0 -1 0 0 placa4x8.dat
1 0 -100.005 79.995 465.999 1 0 0 0 1 0 0 0 1 placa4x8.dat
1 4 -20.005 71.995 205.999 -1 0 0 0 1 0 0 0 -1 bispqaba.dat
1 4 -0.005 79.995 245.999 -1 0 0 0 1 0 0 0 -1 placa2.dat
1 4 -0.005 71.995 245.999 -1 0 0 0 1 0 0 0 -1 placa2.dat
1 0 -20.005 71.995 265.999 1 0 0 0 1 0 0 0 1 compuert.dat
1 383 -20.005 71.995 265.999 -1 0 0 0 1 0 0 0 -1 eje45.dat
1 0 -40.005 79.995 165.999 -1 0 0 0 -1 0 0 0 1 bald2x2r.dat
1 0 -0.005 79.995 165.999 -1 0 0 0 -1 0 0 0 1 bald2x2r.dat
1 0 39.995 79.995 165.999 -1 0 0 0 -1 0 0 0 1 bald2x2r.dat
1 0 -80.005 55.995 225.999 1 0 0 0 -1 0 0 0 -1 cuna.dat
1 0 -80.005 47.995 205.999 0 0 1 0 -1 0 1 0 0 placa2x3.dat
1 4 39.995 39.995 205.999 -1 0 0 0 -1 0 0 0 1 placa2.dat
1 4 -40.005 39.995 205.999 -1 0 0 0 -1 0 0 0 1 placa2.dat
1 4 19.995 39.995 225.999 -1 0 0 0 -1 0 0 0 1 placa4.dat
1 0 -0.005 47.995 205.999 0 0 1 0 -1 0 1 0 0 placa2x3.dat
1 0 -0.005 55.995 225.999 1 0 0 0 -1 0 0 0 -1 cuna.dat
1 4 -20.005 71.995 205.999 -1 0 0 0 0.430511 0.902585 0 0.902585 -0.430511 bispqarr.dat
1 4 -20.005 19.979 213.082 1 0 0 0 0.430511 -0.902585 0 0.902585 0.430511 popa6p.dat
1 4 -0.005 16.504 205.907 -1 0 0 0 0.430511 0.902585 0 0.902585 -0.430511 bald2x2r.dat
1 4 -40.005 68.554 198.781 1 0 0 0 0.430511 -0.902585 0 0.902585 0.430511 placa2x2.dat
1 383 -25.005 83 246 -1 0 0 0 1 0 0 0 -1 nrutembl.dat
1 8 14.995 76 286 -1 0 0 0 1 0 0 0 -1 alfalln1.dat
1 0 24.995 82 266 1 0 0 0 1 0 0 0 1 helillnt.dat
1 0 14.992 76 286.001 -1 0 0 0 1 0 0 0 -1 alfaneum.dat
1 383 -15.005 83 286 1 0 0 0 1 0 0 0 1 nrutembl.dat
1 8 -55.005 76 246 1 0 0 0 1 0 0 0 1 alfalln1.dat
1 0 -65.005 82 266 -1 0 0 0 1 0 0 0 -1 helillnt.dat
1 0 -55.002 76 245.999 1 0 0 0 1 0 0 0 1 alfaneum.dat
1 4 -0.005 71.995 585.999 -1 0 0 0 1 0 0 0 -1 compuert.dat
1 4 -40.005 71.995 585.999 -1 0 0 0 1 0 0 0 -1 compuert.dat
1 383 -20.005 71.995 585.999 -1 0 0 0 1 0 0 0 -1 eje45.dat
1 383 -25.005 83 566 -1 0 0 0 1 0 0 0 -1 nrutembl.dat
1 8 14.995 76 606 -1 0 0 0 1 0 0 0 -1 alfalln1.dat
1 0 24.995 82 586 1 0 0 0 1 0 0 0 1 helillnt.dat
1 0 14.992 76 606.001 -1 0 0 0 1 0 0 0 -1 alfaneum.dat
1 383 -15.005 83 606 1 0 0 0 1 0 0 0 1 nrutembl.dat
1 8 -55.005 76 566 1 0 0 0 1 0 0 0 1 alfalln1.dat
1 0 -65.005 82 586 -1 0 0 0 1 0 0 0 -1 helillnt.dat
1 0 -55.002 76 565.999 1 0 0 0 1 0 0 0 1 alfaneum.dat
1 4 69.995 -2.504 269.399 0 0 -1 -1 0 0 0 1 0 chimenea.dat
1 4 69.995 -1.915 255.556 0 0 -1 -0.980785 -0.19509 0 -0.19509 0.980785 0 chimenea.dat
1 4 69.995 1.366 242.094 0 0 -1 -0.92388 -0.382683 0 -0.382683 0.92388 0 chimenea.dat
1 4 69.995 7.207 229.532 0 0 -1 -0.83147 -0.55557 0 -0.55557 0.83147 0 chimenea.dat
1 4 69.995 15.383 218.327 0 0 -1 -0.707107 -0.707107 0 -0.707107 0.707107 0 chimenea.dat
1 4 69.995 25.589 208.956 0 0 -1 -0.55557 -0.831469 0 -0.831469 0.55557 0 chimenea.dat
1 4 69.995 45.08 220.235 0 0 -1 -0.382684 -0.92388 0 -0.92388 0.382684 0 chimtubo.dat
1 4 -110.005 45.08 220.235 0 0 -1 -0.382684 -0.92388 0 -0.92388 0.382684 0 chimtubo.dat
1 4 -110.005 67.253 211.051 0 0 -1 -0.382684 -0.92388 0 -0.92388 0.382684 0 chimplac.dat
1 4 69.995 67.253 211.051 0 0 -1 -0.382684 -0.92388 0 -0.92388 0.382684 0 chimplac.dat
1 4 69.995 71.995 335.999 0 0 -1 0 1 0 1 0 0 chimenea.dat
1 4 59.995 40.94 189.406 -1 0 0 0 -0.92388 0.382684 0 0.382684 0.92388 enganch2.dat
1 7 -90.005 66.94 189.461 0 0 -1 -0.382683 -0.92388 0 -0.92388 0.382684 0 piquito.dat
1 7 -110.005 66.94 189.461 0 0 -1 -0.382683 -0.92388 0 -0.92388 0.382684 0 piquito.dat
1 7 69.995 66.94 189.461 0 0 -1 -0.382683 -0.92388 0 -0.92388 0.382684 0 piquito.dat
1 7 49.995 66.94 189.461 0 0 -1 -0.382683 -0.92388 0 -0.92388 0.382684 0 piquito.dat
1 8 59.995 40.938 189.406 -1 0 0 0 0.382684 0.92388 0 0.92388 -0.382684 trfcircb.dat
1 4 69.995 58.153 335.408 0 0 -1 -0.19509 0.980785 0 0.980785 0.19509 0 chimenea.dat
1 4 69.995 44.689 332.129 0 0 -1 -0.382683 0.92388 0 0.92388 0.382683 0 chimenea.dat
1 4 69.995 32.127 326.288 0 0 -1 -0.55557 0.83147 0 0.83147 0.55557 0 chimenea.dat
1 4 69.995 20.924 318.113 0 0 -1 -0.707107 0.707107 0 0.707107 0.707107 0 chimenea.dat
1 4 69.995 11.552 307.906 0 0 -1 -0.831469 0.55557 0 0.55557 0.831469 0 chimenea.dat
1 4 69.995 4.352 296.069 0 0 -1 -0.92388 0.382684 0 0.382684 0.92388 0 chimenea.dat
1 4 69.995 -0.4 283.054 0 0 -1 -0.980785 0.195091 0 0.195091 0.980785 0 chimenea.dat
1 4 49.995 -2.504 269.399 0 0 -1 -1 0 0 0 1 0 chimenea.dat
1 4 49.995 -1.915 255.556 0 0 -1 -0.980785 -0.19509 0 -0.19509 0.980785 0 chimenea.dat
1 4 49.995 1.366 242.094 0 0 -1 -0.92388 -0.382683 0 -0.382683 0.92388 0 chimenea.dat
1 4 49.995 7.207 229.532 0 0 -1 -0.83147 -0.55557 0 -0.55557 0.83147 0 chimenea.dat
1 4 49.995 15.383 218.327 0 0 -1 -0.707107 -0.707107 0 -0.707107 0.707107 0 chimenea.dat
1 4 49.995 25.589 208.956 0 0 -1 -0.55557 -0.831469 0 -0.831469 0.55557 0 chimenea.dat
1 4 49.995 45.08 220.235 0 0 -1 -0.382684 -0.92388 0 -0.92388 0.382684 0 chimplac.dat
1 4 -80.005 40.94 189.406 -1 0 0 0 -0.92388 0.382684 0 0.382684 0.92388 enganch2.dat
1 8 -100.005 40.938 189.406 -1 0 0 0 0.382684 0.92388 0 0.92388 -0.382684 trfcircb.dat
1 8 -100.005 37.876 181.015 -1 0 0 0 0.382684 0.92388 0 0.92388 -0.382684 Pegat_Faro.dat
1 8 59.995 37.876 181.015 -1 0 0 0 0.382684 0.92388 0 0.92388 -0.382684 Pegat_Faro.dat
1 4 -90.005 45.08 220.235 0 0 -1 -0.382684 -0.92388 0 -0.92388 0.382684 0 chimplac.dat
1 4 49.995 -2.504 582.599 0 0 1 -1 0 0 0 -1 0 chimenea.dat
1 4 49.995 -1.915 596.442 0 0 1 -0.980785 -0.19509 0 0.19509 -0.980785 0 chimenea.dat
1 4 49.995 1.366 609.904 0 0 1 -0.92388 -0.382683 0 0.382683 -0.92388 0 chimenea.dat
1 4 49.994 7.207 622.466 0 0 1 -0.83147 -0.55557 0 0.55557 -0.83147 0 chimenea.dat
1 4 49.995 15.383 633.671 0 0 1 -0.707107 -0.707107 0 0.707107 -0.707107 0 chimenea.dat
1 4 39.995 26.686 655.801 0.999999 0 0 0 -0.831469 0.55557 0 -0.55557 -0.83147 enganch2.dat
1 0 49.995 26.686 655.801 0 0 1 -0.831469 0.55557 0 -0.55557 -0.831469 0 chimenea.dat
1 25 49.995 37.979 675.277 0 0 1 -0.923879 0.382683 0 -0.382683 -0.923879 0 chimplac.dat
1 4 49.995 43.353 630.857 0.999999 0 0 0 -0.831469 0.55557 0 -0.55557 -0.83147 jacena1.dat
1 4 49.995 71.995 515.999 0 0 1 0 1 0 -1 0 0 chimenea.dat
1 4 49.995 58.153 516.59 0 0 1 -0.19509 0.980785 0 -0.980785 -0.19509 0 chimenea.dat
1 4 49.994 44.689 519.869 0 0 1 -0.382683 0.92388 0 -0.92388 -0.382683 0 chimenea.dat
1 4 49.995 32.127 525.71 0 0 1 -0.55557 0.83147 0 -0.83147 -0.55557 0 chimenea.dat
1 4 49.995 20.924 533.885 0 0 1 -0.707107 0.707107 0 -0.707107 -0.707107 0 chimenea.dat
1 4 49.995 11.552 544.092 0 0 1 -0.831469 0.55557 0 -0.55557 -0.831469 0 chimenea.dat
1 4 49.995 4.352 555.929 0 0 1 -0.92388 0.382684 0 -0.382684 -0.92388 0 chimenea.dat
1 4 49.995 -0.4 568.944 0 0 1 -0.980785 0.195091 0 -0.195091 -0.980785 0 chimenea.dat
1 4 69.995 -2.504 582.6 0 0 1 -1 0 0 0 -1 0 chimenea.dat
1 4 69.995 -1.915 596.442 0 0 1 -0.980785 -0.19509 0 0.19509 -0.980785 0 chimenea.dat
1 4 69.995 1.366 609.904 0 0 1 -0.92388 -0.382683 0 0.382683 -0.92388 0 chimenea.dat
1 4 69.995 7.207 622.467 0 0 1 -0.83147 -0.55557 0 0.55557 -0.83147 0 chimenea.dat
1 4 69.995 15.383 633.671 0 0 1 -0.707107 -0.707107 0 0.707107 -0.707107 0 chimenea.dat
1 4 49.995 36.7 626.413 0 0 1 -0.55557 -0.831469 0 0.831469 -0.55557 0 chimplac.dat
1 4 69.995 63.307 644.191 0 0 1 -0.55557 -0.831469 0 0.831469 -0.55557 0 chimplac.dat
1 4 69.995 56.655 639.746 0 0 1 -0.55557 -0.831469 0 0.831469 -0.55557 0 chimplac.dat
1 4 69.995 36.7 626.412 0 0 1 -0.55557 -0.831469 0 0.831469 -0.55557 0 chimtubo.dat
1 4 49.995 63.307 644.191 0 0 1 -0.55557 -0.831469 0 0.831469 -0.55557 0 chimplac.dat
1 4 79.995 75.513 640.321 -0.999999 0 0 0 -0.831469 -0.55557 0 -0.55557 0.83147 baldgord.dat
1 4 69.995 71.995 515.999 0 0 1 0 1 0 -1 0 0 chimenea.dat
1 4 69.995 58.153 516.59 0 0 1 -0.19509 0.980785 0 -0.980785 -0.19509 0 chimenea.dat
1 4 69.995 44.689 519.87 0 0 1 -0.382683 0.92388 0 -0.92388 -0.382683 0 chimenea.dat
1 4 69.995 32.127 525.71 0 0 1 -0.55557 0.83147 0 -0.83147 -0.55557 0 chimenea.dat
1 4 69.995 20.924 533.886 0 0 1 -0.707107 0.707107 0 -0.707107 -0.707107 0 chimenea.dat
1 4 69.995 11.552 544.092 0 0 1 -0.831469 0.55557 0 -0.55557 -0.831469 0 chimenea.dat
1 4 69.995 4.352 555.929 0 0 1 -0.92388 0.382684 0 -0.382684 -0.92388 0 chimenea.dat
1 4 69.995 -0.4 568.944 0 0 1 -0.980785 0.195091 0 -0.195091 -0.980785 0 chimenea.dat
1 4 -90.005 -2.504 582.599 0 0 1 -1 0 0 0 -1 0 chimenea.dat
1 4 -90.005 -1.915 596.442 0 0 1 -0.980785 -0.19509 0 0.19509 -0.980785 0 chimenea.dat
1 4 -90.005 1.366 609.904 0 0 1 -0.92388 -0.382683 0 0.382683 -0.92388 0 chimenea.dat
1 4 -90.006 7.207 622.466 0 0 1 -0.83147 -0.55557 0 0.55557 -0.83147 0 chimenea.dat
1 4 -90.005 15.383 633.671 0 0 1 -0.707107 -0.707107 0 0.707107 -0.707107 0 chimenea.dat
1 4 -100.005 26.686 655.801 0.999999 0 0 0 -0.831469 0.55557 0 -0.55557 -0.83147 enganch2.dat
1 0 -90.005 26.686 655.801 0 0 1 -0.831469 0.55557 0 -0.55557 -0.831469 0 chimenea.dat
1 25 -90.005 37.979 675.277 0 0 1 -0.923879 0.382683 0 -0.382683 -0.923879 0 chimplac.dat
1 4 -90.005 43.353 630.857 0.999999 0 0 0 -0.831469 0.55557 0 -0.55557 -0.83147 jacena1.dat
1 4 -90.005 71.995 515.999 0 0 1 0 1 0 -1 0 0 chimenea.dat
1 4 -90.005 58.153 516.59 0 0 1 -0.19509 0.980785 0 -0.980785 -0.19509 0 chimenea.dat
1 4 -90.006 44.689 519.869 0 0 1 -0.382683 0.92388 0 -0.92388 -0.382683 0 chimenea.dat
1 4 -90.005 32.127 525.71 0 0 1 -0.55557 0.83147 0 -0.83147 -0.55557 0 chimenea.dat
1 4 -90.005 20.924 533.885 0 0 1 -0.707107 0.707107 0 -0.707107 -0.707107 0 chimenea.dat
1 4 -90.005 11.552 544.092 0 0 1 -0.831469 0.55557 0 -0.55557 -0.831469 0 chimenea.dat
1 4 -90.005 4.352 555.929 0 0 1 -0.92388 0.382684 0 -0.382684 -0.92388 0 chimenea.dat
1 4 -90.005 -0.4 568.944 0 0 1 -0.980785 0.195091 0 -0.195091 -0.980785 0 chimenea.dat
1 4 -110.005 -2.504 582.6 0 0 1 -1 0 0 0 -1 0 chimenea.dat
1 4 -110.005 -1.915 596.442 0 0 1 -0.980785 -0.19509 0 0.19509 -0.980785 0 chimenea.dat
1 4 -110.005 1.366 609.904 0 0 1 -0.92388 -0.382683 0 0.382683 -0.92388 0 chimenea.dat
1 4 -110.005 7.207 622.467 0 0 1 -0.83147 -0.55557 0 0.55557 -0.83147 0 chimenea.dat
1 4 -110.005 15.383 633.671 0 0 1 -0.707107 -0.707107 0 0.707107 -0.707107 0 chimenea.dat
1 4 -90.005 36.7 626.413 0 0 1 -0.55557 -0.831469 0 0.831469 -0.55557 0 chimplac.dat
1 4 -110.005 63.307 644.191 0 0 1 -0.55557 -0.831469 0 0.831469 -0.55557 0 chimplac.dat
1 4 -110.005 56.655 639.746 0 0 1 -0.55557 -0.831469 0 0.831469 -0.55557 0 chimplac.dat
1 4 -110.005 36.7 626.412 0 0 1 -0.55557 -0.831469 0 0.831469 -0.55557 0 chimtubo.dat
1 4 -90.005 63.307 644.191 0 0 1 -0.55557 -0.831469 0 0.831469 -0.55557 0 chimplac.dat
1 4 -80.005 75.513 640.321 -0.999999 0 0 0 -0.831469 -0.55557 0 -0.55557 0.83147 baldgord.dat
1 4 -110.005 71.995 515.999 0 0 1 0 1 0 -1 0 0 chimenea.dat
1 4 -110.005 58.153 516.59 0 0 1 -0.19509 0.980785 0 -0.980785 -0.19509 0 chimenea.dat
1 4 -110.005 44.689 519.87 0 0 1 -0.382683 0.92388 0 -0.92388 -0.382683 0 chimenea.dat
1 4 -110.005 32.127 525.71 0 0 1 -0.55557 0.83147 0 -0.83147 -0.55557 0 chimenea.dat
1 4 -110.005 20.924 533.886 0 0 1 -0.707107 0.707107 0 -0.707107 -0.707107 0 chimenea.dat
1 4 -110.005 11.552 544.092 0 0 1 -0.831469 0.55557 0 -0.55557 -0.831469 0 chimenea.dat
1 4 -110.005 4.352 555.929 0 0 1 -0.92388 0.382684 0 -0.382684 -0.92388 0 chimenea.dat
1 4 -110.005 -0.4 568.944 0 0 1 -0.980785 0.195091 0 -0.195091 -0.980785 0 chimenea.dat
1 4 49.995 71.995 335.999 0 0 -1 0 1 0 1 0 0 chimenea.dat
1 4 49.995 58.153 335.408 0 0 -1 -0.19509 0.980785 0 0.980785 0.19509 0 chimenea.dat
1 4 49.995 44.689 332.129 0 0 -1 -0.382683 0.92388 0 0.92388 0.382683 0 chimenea.dat
1 4 49.995 32.127 326.288 0 0 -1 -0.55557 0.83147 0 0.83147 0.55557 0 chimenea.dat
1 4 49.995 20.924 318.113 0 0 -1 -0.707107 0.707107 0 0.707107 0.707107 0 chimenea.dat
1 4 49.995 11.552 307.906 0 0 -1 -0.831469 0.55557 0 0.55557 0.831469 0 chimenea.dat
1 4 49.995 4.352 296.069 0 0 -1 -0.92388 0.382684 0 0.382684 0.92388 0 chimenea.dat
1 4 49.995 -0.4 283.054 0 0 -1 -0.980785 0.195091 0 0.195091 0.980785 0 chimenea.dat
4 7 -24 49 181 -24 14.8449 197.831 -16 14.8449 197.831 -16 49 181
0
