0 Untitled
0 Name: Grua.ldr
0 Author: MLCad
0 Unofficial Model
0 ROTATION CENTER 0 0 0 1 "Custom" 
0 ROTATION CONFIG 0 0
1 14 -260 32 390 0 0 1 0 -1 0 1 0 0 alfaviga.dat
1 14 -280 48 510 0 0 1 0 -1 0 1 0 0 placa2x8.dat
1 7 -280 40 590 0 0 1 0 -1 0 1 0 0 placa2x3.dat
1 7 -280 40 650 0 0 1 0 -1 0 1 0 0 placa2x3.dat
1 7 -240 40 590 0 0 -1 0 1 0 1 0 0 placa2x3.dat
1 7 -240 32 570 0 0 -1 0 1 0 1 0 0 baldc2x2.dat
1 7 -240 32 630 0 0 -1 0 1 0 1 0 0 baldc2x2.dat
1 7 -240 32 690 0 0 -1 0 1 0 1 0 0 baldc2x2.dat
1 7 -240 32 730 0 0 -1 0 1 0 1 0 0 baldc2.dat
1 7 -240 32 670 0 0 -1 0 1 0 1 0 0 baldc2.dat
1 7 -240 32 610 0 0 -1 0 1 0 1 0 0 baldc2.dat
1 7 -240 32 550 0 0 -1 0 1 0 1 0 0 baldc2.dat
1 7 -240 40 650 0 0 -1 0 1 0 1 0 0 placa2x3.dat
1 14 -280 48 670 0 0 1 0 -1 0 1 0 0 placa4.dat
1 14 -260 48 670 0 0 1 0 -1 0 1 0 0 placa4.dat
1 7 -280 56 670 0 0 1 0 -1 0 1 0 0 enganch2.dat
1 7 -280 56 690 0 0 1 0 -1 0 1 0 0 enganch2.dat
1 7 -280 56 710 0 0 1 0 -1 0 1 0 0 enganch2.dat
1 7 -280 56 730 0 0 1 0 -1 0 1 0 0 enganch2.dat
1 14 -280 86 630 0 1 0 -1 0 0 0 0 1 placa2.dat
1 14 -280 56 750 0 1 0 1 0 0 0 0 -1 bald2.dat
1 14 -256 76 760 0 -1 0 1 0 0 0 0 1 cilindro.dat
1 14 -264 76 760 0 1 0 1 0 0 0 0 -1 cilindro.dat
1 0 -240 76 760 0 1 0 1 0 0 0 0 -1 tuboruta.dat
1 14 -240 56 710 0 -1 0 1 0 0 0 0 1 bald2.dat
1 14 -240 56 670 0 -1 0 1 0 0 0 0 1 bald2.dat
1 14 -240 56 590 0 -1 0 1 0 0 0 0 1 bald2.dat
1 14 -240 56 550 0 -1 0 1 0 0 0 0 1 bald2.dat
1 14 -240 56 650 0 -1 0 1 0 0 0 0 1 bald1.dat
1 14 -280 56 710 0 1 0 1 0 0 0 0 -1 bald2.dat
1 14 -280 56 670 0 1 0 1 0 0 0 0 -1 bald1.dat
1 14 -280 56 630 0 1 0 1 0 0 0 0 -1 bald2.dat
1 14 -280 56 590 0 1 0 1 0 0 0 0 -1 bald2.dat
1 7 -280 56 550 0 0 1 0 -1 0 1 0 0 enganch2.dat
1 7 -280 56 570 0 0 1 0 -1 0 1 0 0 enganch2.dat
1 7 -280 56 590 0 0 1 0 -1 0 1 0 0 enganch2.dat
1 7 -280 56 610 0 0 1 0 -1 0 1 0 0 enganch2.dat
1 7 -280 56 630 0 0 1 0 -1 0 1 0 0 enganch2.dat
1 7 -280 56 650 0 0 1 0 -1 0 1 0 0 enganch2.dat
1 7 -240 56 630 0 0 -1 0 -1 0 -1 0 0 enganch2.dat
1 7 -240 56 610 0 0 -1 0 -1 0 -1 0 0 enganch2.dat
1 7 -240 56 590 0 0 -1 0 -1 0 -1 0 0 enganch2.dat
1 7 -240 56 570.001 0 0 -1 0 -1 0 -1 0 0 enganch2.dat
1 7 -240 56 730 0 0 -1 0 -1 0 -1 0 0 enganch2.dat
1 7 -240 56 750 0 0 -1 0 -1 0 -1 0 0 enganch2.dat
1 7 -240 56 710.001 0 0 -1 0 -1 0 -1 0 0 enganch2.dat
1 7 -240 56 689.999 0 0 -1 0 -1 0 -1 0 0 enganch2.dat
1 7 -240 56 670 0 0 -1 0 -1 0 -1 0 0 enganch2.dat
1 7 -240 56 650 0 0 -1 0 -1 0 -1 0 0 enganch2.dat
1 7 -260 80 550 0 0 1 0 -1 0 1 0 0 jacena6.dat
1 7 -240 80 550 0 0 1 0 -1 0 1 0 0 jacena6.dat
1 7 -280 80 670 0 0 1 0 -1 0 1 0 0 jacen2x4.dat
1 7 -260 104 550 0 0 1 0 -1 0 1 0 0 jacena6.dat
1 7 -240 104 550 0 0 1 0 -1 0 1 0 0 jacena6.dat
1 7 -280 104 670 0 0 1 0 -1 0 1 0 0 jacen2x4.dat
1 7 -260 128 550 0 0 1 0 -1 0 1 0 0 jacena6.dat
1 7 -240 128 550 0 0 1 0 -1 0 1 0 0 jacena6.dat
1 7 -280 128 670 0 0 1 0 -1 0 1 0 0 jacen2x4.dat
1 7 -280 152 650 0 0 1 0 -1 0 1 0 0 baldc2x2.dat
1 7 -280 152 690 0 0 1 0 -1 0 1 0 0 baldc2x2.dat
1 7 -280 152 570 0 0 1 0 -1 0 1 0 0 baldc2x2.dat
1 7 -280 152 550 0 0 1 0 -1 0 1 0 0 baldc2.dat
1 14 -300 40 530 1 0 0 0 -1 0 0 0 -1 placa4.dat
1 14 -290 48 520 0 0 -1 0 -1 0 -1 0 0 jacena1.dat
1 14 -230 48 520 0 0 -1 0 -1 0 -1 0 0 jacena1.dat
1 14 -220 72 530 0 0 -1 0 -1 0 -1 0 0 placa1.dat
1 14 -280 72 530 0 0 -1 0 -1 0 -1 0 0 placa1.dat
1 14 -220 80 530 0 0 -1 0 -1 0 -1 0 0 bald2r.dat
1 14 -300 80 510 0 0 1 0 -1 0 1 0 0 bald2r.dat
1 14 -260 32 530 -1 0 0 0 -1 0 0 0 1 bispqarr.dat
1 7 -280 152 730 0 0 1 0 -1 0 1 0 0 baldc2.dat
1 7 -280 152 610 0 0 1 0 -1 0 1 0 0 baldc2x2.dat
1 14 -288 56 640 0 1 0 1 0 0 0 0 -1 escalera.dat
1 14 -240 86 650 0 -1 0 -1 0 0 0 0 -1 placa2.dat
1 14 -232 76 640 0 -1 0 -1 0 0 0 0 -1 escalera.dat
1 14 -260 298 214 0 0 1 -1 0 0 0 -1 0 alfaviga.dat
1 14 -260 178 270 -1 0 0 0 0 -1 0 -1 0 bisnraba.dat
1 14 -280 138 230 1 0 0 0 0 1 0 -1 0 enganch2.dat
1 8 -280 418 262 1 0 0 0 0 1 0 -1 0 enganc2.dat
1 8 -260 418 262 1 0 0 0 0 1 0 -1 0 enganc2.dat
1 8 -260 678 262 1 0 0 0 0 1 0 -1 0 enganc2.dat
1 8 -280 678 262 1 0 0 0 0 1 0 -1 0 enganc2.dat
1 8 -280 938 262 1 0 0 0 0 1 0 -1 0 enganc2.dat
1 8 -260 938 262 1 0 0 0 0 1 0 -1 0 enganc2.dat
1 14 -260 106 270 1 0 0 0 -1 0 0 0 -1 platfgi2.dat
1 14 -260 104 270 1 0 0 0 -1 0 0 0 -1 rotorinf.dat
1 14 -320 40 250 1 0 0 0 -1 0 0 0 -1 vntthor.dat
1 14 -320 56 290 1 0 0 0 -1 0 0 0 -1 placa2.dat
1 14 -320 56 270 1 0 0 0 -1 0 0 0 -1 jacena2.dat
1 14 -280 88 230 -1 0 0 0 -1 0 0 0 1 bald2x2r.dat
1 14 -320 64 270 1 0 0 0 -1 0 0 0 -1 pico.dat
1 14 -280 80 290 1 0 0 0 -1 0 0 0 -1 placa2.dat
1 14 -320 80 270 1 0 0 0 -1 0 0 0 -1 placa4.dat
1 14 -280 88 230 0 0 1 0 -1 0 1 0 0 placa2x3.dat
1 14 -280 96 250 0 0 1 0 -1 0 1 0 0 placa2x2.dat
1 14 -270 96 240 -0.92388 0 -0.382683 0 -1 0 -0.382683 0 0.92388 chimplac.dat
1 14 -250 96 240 0.92388 0 -0.382683 0 -1 0 -0.382683 0 -0.92388 chimplac.dat
1 14 -250 80 -550 -1 0 0 0 -1 0 0 0 1 extenabj.dat
1 14 -250 -248 406 1 0 0 0 -1 0 0 0 -1 extenarr.dat
1 14 -270 -248 118 -1 0 0 0 -1 0 0 0 1 extenarr.dat
1 383 -260 92 -540 1 0 0 0 0 1 0 -1 0 eje28.dat
1 383 -260 20 -280 1 0 0 0 0 1 0 -1 0 eje28.dat
1 383 -260 -238 234 1 0 0 0 0.809017 0.587785 0 -0.587785 0.809017 eje15.dat
1 383 -260 32 530 1 0 0 0 0 -1 0 1 0 eje28.dat
1 14 -280 138 254 1 0 0 0 0 1 0 -1 0 placa2.dat
1 14 -260 138 310 -1 0 0 0 0 1 0 1 0 enganch2.dat
1 14 -260 138 230 1 0 0 0 0 1 0 -1 0 enganch2.dat
1 14 -240 138 310 -1 0 0 0 0 1 0 1 0 enganch2.dat
1 14 -240 138 286 -1 0 0 0 0 1 0 1 0 placa2.dat
1 14 -260 178 270 1 0 0 0 0 -1 0 1 0 bisnraba.dat
1 14 -260 178 270 1 0 0 0 0 -1 0 1 0 bisnreje.dat
1 14 -260 130 310 -1 0 0 0 1 0 0 0 -1 bisnraba.dat
1 7 -340 1226 290 0 0 1 0 1 0 -1 0 0 placa2x2.dat
1 7 -340 1234 230 1 0 0 0 1 0 0 0 1 placa4x8.dat
1 7 -300 1234 190 1 0 0 0 1 0 0 0 1 placa2x2.dat
1 7 -260 1234 190 1 0 0 0 1 0 0 0 1 placa2x2.dat
1 7 -280 1274 200 1 0 0 0 1 0 0 0 1 placa2.dat
1 7 -280 1266 200 1 0 0 0 1 0 0 0 1 placa2.dat
1 7 -300 1234 310 1 0 0 0 1 0 0 0 1 placa2x2.dat
1 7 -260 1234 310 1 0 0 0 1 0 0 0 1 placa2x2.dat
1 0 -240 1226 290 1 0 0 0 1 0 0 0 1 baldc4in.dat
1 0 -240 1226 250 0 0 1 0 1 0 -1 0 0 baldc4in.dat
1 0 -280 1226 250 -1 0 0 0 1 0 0 0 -1 baldc4in.dat
1 0 -240 1226 270 -1 0 0 0 1 0 0 0 -1 baldc2x2.dat
1 0 -240 1226 230 -1 0 0 0 1 0 0 0 -1 baldc2x2.dat
1 0 -240 1226 310 -1 0 0 0 1 0 0 0 -1 baldc2x2.dat
1 0 -240 1226 350 -1 0 0 0 1 0 0 0 -1 baldc2x2.dat
1 0 -280 1226 290 0 0 -1 0 1 0 1 0 0 baldc4in.dat
1 7 -220 1226 290 0 0 1 0 1 0 -1 0 0 placa2x2.dat
1 0 -76 1198 250 0 1 0 1 0 0 0 0 -1 patastro.dat
1 0 -444 1198 290 0 -1 0 1 0 0 0 0 1 patastro.dat
1 0 -240 1198 470 0 0 1 1 0 0 0 1 0 patastro.dat
1 0 -280 1198 70 0 0 -1 1 0 0 0 -1 0 patastro.dat
1 14 -260 1228 166 -1 0 0 0 0 -1 0 -1 0 ancl1x2.dat
1 14 -260 1228 374 1 0 0 0 0 -1 0 1 0 ancl1x2.dat
1 0 -240 1318 46 -1 0 0 0 0 -1 0 -1 0 cuna.dat
1 0 -280 1318 494 1 0 0 0 0 -1 0 1 0 cuna.dat
1 0 -52 1318 290 0 1 0 0 0 -1 -1 0 0 cuna.dat
1 0 -468 1318 250 0 -1 0 0 0 -1 1 0 0 cuna.dat
1 7 -230 1298 225.858 0.707107 0 -0.707107 0 1 0 0.707107 0 0.707107 enganch2.dat
1 7 -230 1258 225.858 0.707107 0 -0.707107 0 1 0 0.707107 0 0.707107 enganch2.dat
1 7 -230 1274 225.858 0.707107 0 -0.707107 0 1 0 0.707107 0 0.707107 placa1.dat
1 7 -230 1266 225.858 0.707107 0 -0.707107 0 1 0 0.707107 0 0.707107 placa1.dat
1 7 -220.101 1278 201.815 0.707107 -0.707107 0 0 0 -1 0.707107 0.707107 0 baldc2x2.dat
1 7 -220.101 1318 201.815 0.707107 -0.707107 0 0 0 -1 0.707107 0.707107 0 baldc2x2.dat
1 7 -215.858 1318 239.999 0 -0.707107 -0.707107 -1 0 0 0 0.707107 -0.707107 jacena4.dat
1 7 -290 1298 314.142 -0.707107 0 0.707107 0 1 0 -0.707107 0 -0.707107 enganch2.dat
1 7 -290 1258 314.142 -0.707107 0 0.707107 0 1 0 -0.707107 0 -0.707107 enganch2.dat
1 7 -290 1274 314.142 -0.707107 0 0.707107 0 1 0 -0.707107 0 -0.707107 placa1.dat
1 7 -290 1266 314.142 -0.707107 0 0.707107 0 1 0 -0.707107 0 -0.707107 placa1.dat
1 7 -299.899 1278 338.185 -0.707107 0.707107 0 0 0 -1 -0.707107 -0.707107 0 baldc2x2.dat
1 7 -299.899 1318 338.185 -0.707107 0.707107 0 0 0 -1 -0.707107 -0.707107 0 baldc2x2.dat
1 7 -304.142 1318 300.001 0 0.707107 0.707107 -1 0 0 0 -0.707107 0.707107 jacena4.dat
1 7 -215.858 1298 300 -0.707107 0 -0.707107 0 1 0 0.707107 0 -0.707107 enganch2.dat
1 7 -215.858 1258 300 -0.707107 0 -0.707107 0 1 0 0.707107 0 -0.707107 enganch2.dat
1 7 -215.858 1274 300 -0.707107 0 -0.707107 0 1 0 0.707107 0 -0.707107 placa1.dat
1 7 -215.858 1266 300 -0.707107 0 -0.707107 0 1 0 0.707107 0 -0.707107 placa1.dat
1 7 -191.815 1278 309.899 -0.707107 -0.707107 0 0 0 -1 0.707107 -0.707107 0 baldc2x2.dat
1 7 -191.815 1318 309.899 -0.707107 -0.707107 0 0 0 -1 0.707107 -0.707107 0 baldc2x2.dat
1 7 -229.999 1318 314.142 0 -0.707107 0.707107 -1 0 0 0 -0.707107 -0.707107 jacena4.dat
1 7 -304.142 1298 240 0.707107 0 0.707107 0 1 0 -0.707107 0 0.707107 enganch2.dat
1 7 -304.142 1258 240 0.707107 0 0.707107 0 1 0 -0.707107 0 0.707107 enganch2.dat
1 7 -304.142 1274 240 0.707107 0 0.707107 0 1 0 -0.707107 0 0.707107 placa1.dat
1 7 -304.142 1266 240 0.707107 0 0.707107 0 1 0 -0.707107 0 0.707107 placa1.dat
1 7 -328.185 1278 230.101 0.707107 0.707107 0 0 0 -1 -0.707107 0.707107 0 baldc2x2.dat
1 7 -328.185 1318 230.101 0.707107 0.707107 0 0 0 -1 -0.707107 0.707107 0 baldc2x2.dat
1 7 -290.001 1318 225.858 0 0.707107 -0.707107 -1 0 0 0 0.707107 0.707107 jacena4.dat
1 7 -280 1298 200 1 0 0 0 1 0 0 0 1 enganch2.dat
1 7 -260 1298 200 1 0 0 0 1 0 0 0 1 enganch2.dat
1 7 -260 1258 200 1 0 0 0 1 0 0 0 1 enganch2.dat
1 7 -280 1258 200 1 0 0 0 1 0 0 0 1 enganch2.dat
1 7 -260 1278 200 0 0 1 1 0 0 0 1 0 baldc4.dat
1 7 -190 1274 250 0 0 -1 0 1 0 1 0 0 placa2.dat
1 7 -190 1266 250 0 0 -1 0 1 0 1 0 0 placa2.dat
1 7 -190 1298 250 0 0 -1 0 1 0 1 0 0 enganch2.dat
1 7 -190 1298 270 0 0 -1 0 1 0 1 0 0 enganch2.dat
1 7 -190 1258 270 0 0 -1 0 1 0 1 0 0 enganch2.dat
1 7 -190 1258 250 0 0 -1 0 1 0 1 0 0 enganch2.dat
1 7 -190 1278 270 0 -1 0 1 0 0 0 0 1 baldc4.dat
1 7 -330 1274 290 0 0 1 0 1 0 -1 0 0 placa2.dat
1 7 -330 1266 290 0 0 1 0 1 0 -1 0 0 placa2.dat
1 7 -330 1298 290 0 0 1 0 1 0 -1 0 0 enganch2.dat
1 7 -330 1298 270 0 0 1 0 1 0 -1 0 0 enganch2.dat
1 7 -330 1258 270 0 0 1 0 1 0 -1 0 0 enganch2.dat
1 7 -330 1258 290 0 0 1 0 1 0 -1 0 0 enganch2.dat
1 7 -330 1278 270 0 1 0 1 0 0 0 0 -1 baldc4.dat
1 7 -240 1274 340 -1 0 0 0 1 0 0 0 -1 placa2.dat
1 7 -240 1266 340 -1 0 0 0 1 0 0 0 -1 placa2.dat
1 7 -240 1298 340 -1 0 0 0 1 0 0 0 -1 enganch2.dat
1 7 -260 1298 340 -1 0 0 0 1 0 0 0 -1 enganch2.dat
1 7 -260 1258 340 -1 0 0 0 1 0 0 0 -1 enganch2.dat
1 7 -240 1258 340 -1 0 0 0 1 0 0 0 -1 enganch2.dat
1 7 -260 1278 340 0 0 -1 1 0 0 0 -1 0 baldc4.dat
1 14 -260 130 310 1 0 0 0 -1 0 0 0 -1 bisnraba.dat
1 14 -260 130 310 1 0 0 0 -1 0 0 0 -1 bisnreje.dat
1 7 -260 40 750 1 0 0 0 -1 0 0 0 -1 bisnrarr.dat
1 7 -260 40 750 -1 0 0 0 1 0 0 0 -1 bisnrarr.dat
1 7 -260 40 750 1 0 0 0 -1 0 0 0 -1 bisnreje.dat
1 7 -260 40 550 -1 0 0 0 -1 0 0 0 1 bisnrarr.dat
1 7 -260 40 550 1 0 0 0 1 0 0 0 1 bisnrarr.dat
1 7 -260 40 550 -1 0 0 0 -1 0 0 0 1 bisnreje.dat
1 14 -300 48 290 -1 0 0 0 1 0 0 0 -1 bisnrarr.dat
1 14 -320 40 230 1 0 0 0 1 0 0 0 1 baldgord.dat
1 14 -280 32 270 0 0 -1 0 1 0 1 0 0 bald2.dat
1 14 -320 40 270 1 0 0 0 1 0 0 0 1 placa4.dat
1 14 -300 48 290 1 0 0 0 -1 0 0 0 -1 bisnrarr.dat
1 14 -300 48 290 1 0 0 0 -1 0 0 0 -1 bisnreje.dat
1 14 -260 130 230 1 0 0 0 1 0 0 0 1 bisnraba.dat
1 14 -260 130 230 -1 0 0 0 -1 0 0 0 1 bisnraba.dat
1 14 -260 130 230 -1 0 0 0 -1 0 0 0 1 bisnreje.dat
1 14 -260 298 326 0 0 -1 -1 0 0 0 1 0 alfaviga.dat
1 14 -260 558 214 0 0 1 -1 0 0 0 -1 0 alfaviga.dat
1 14 -260 558 326 0 0 -1 -1 0 0 0 1 0 alfaviga.dat
1 14 -260 818 214 0 0 1 -1 0 0 0 -1 0 alfaviga.dat
1 14 -260 818 326 0 0 -1 -1 0 0 0 1 0 alfaviga.dat
1 14 -250 1208 302 -1 0 0 0 0 1 0 1 0 chimplac.dat
1 14 -270 1208 238 1 0 0 0 0 1 0 -1 0 chimplac.dat
1 14 -260 1078 214 0 0 1 -1 0 0 0 -1 0 alfaviga.dat
1 14 -260 1078 326 0 0 -1 -1 0 0 0 1 0 alfaviga.dat
1 383 -250 1208 270 0 0 -1 0 -1 0 -1 0 0 eje3.dat
1 14 -260 32 130 0 0 1 0 -1 0 1 0 0 alfaviga.dat
1 14 -260 32 -130 0 0 1 0 -1 0 1 0 0 alfaviga.dat
1 14 -240 56 -270 -1 0 0 0 -1 0 0 0 1 alfazeta.dat
1 14 -240 80 -290 -1 0 0 0 -1 0 0 0 1 baldc2x2.dat
1 14 -240 -96 -290 1 0 0 0 0 1 0 -1 0 extenarr.dat
1 14 -260 -96 -290 1 0 0 0 0 1 0 -1 0 extenarr.dat
1 0 -279 77 -453 -1 0 0 0 -1 0 0 0 1 helillnt.dat
1 0 -240 77 -453 1 0 0 0 -1 0 0 0 -1 helillnt.dat
1 14 -259 87 -453 1 0 0 0 -1 0 0 0 -1 eje3.dat
1 0 -279 77 -493 -1 0 0 0 -1 0 0 0 1 helillnt.dat
1 0 -240 77 -493 1 0 0 0 -1 0 0 0 -1 helillnt.dat
1 14 -259 87 -493 1 0 0 0 -1 0 0 0 -1 eje3.dat
1 14 -280 32 -270 1 0 0 0 -1 0 0 0 -1 helcolhu.dat
1 14 -280 32 318 1 0 0 0 0 -1 0 1 0 helcolhu.dat
1 8 -280 32 270 1 0 0 0 0 -1 0 1 0 enganc2.dat
1 8 -260 32 270 1 0 0 0 0 -1 0 1 0 enganc2.dat
1 8 -270 -208 270 1 0 0 0 0 -1 0 1 0 enganc2.dat
1 8 -270 -228 270 1 0 0 0 0 -1 0 1 0 enganc2.dat
1 14 -240 32 206 -1 0 0 0 0 -1 0 -1 0 helcolhu.dat
1 14 -280 1218 374 1 0 0 0 0 -1 0 1 0 helcolhu.dat
1 14 -240 1218 166 -1 0 0 0 0 -1 0 -1 0 helcolhu.dat
1 14 -348 1219 250 0 -1 0 0 0 -1 1 0 0 helcolhu.dat
1 14 -172 1218 290 0 1 0 0 0 -1 -1 0 0 helcolhu.dat
1 0 -220 949 260 -1 0 0 0 0 -1 0 -1 0 helillnt.dat
1 0 -300 949 280 1 0 0 0 0 -1 0 1 0 helillnt.dat
1 8 -252 979 280 0 1 0 0 0 -1 -1 0 0 enganc2.dat
1 14 -220 969 270 0 1 0 0 0 -1 -1 0 0 ejealfa.dat
1 14 -300 969 270 0 -1 0 0 0 -1 1 0 0 ejealfa.dat
1 8 -220 1218 290 0 1 0 0 0 -1 -1 0 0 enganc2.dat
1 8 -220 1218 270 0 1 0 0 0 -1 -1 0 0 enganc2.dat
1 14 -226 1208 280 0 1 0 0 0 -1 -1 0 0 soprtmar.dat
1 14 -226 1208 260 0 1 0 0 0 -1 -1 0 0 soprtmar.dat
1 383 -270 1208 270 0 0 1 0 1 0 -1 0 0 eje3.dat
1 8 -300 1199 270 0 -1 0 0 0 1 -1 0 0 enganc2.dat
1 14 -292 1209 260 0 -1 0 0 0 1 -1 0 0 soprtmar.dat
1 8 -300 1199 290 0 -1 0 0 0 1 -1 0 0 enganc2.dat
1 14 -292 1209 280 0 -1 0 0 0 1 -1 0 0 soprtmar.dat
0 MLCAD ARROW 0 -231 95 228 0 0 1 0 1 0 -1 0 0  4 4 4 770  0 30 1 2  16 0
0 MLCAD SKIP_BEGIN
3 0 -231 95 232 -231 93 228 -231 97 228
4 0 -231 93 228 -231 93 -542 -231 97 -542 -231 97 228
0 MLCAD SKIP_END
0 MLCAD ARROW 0 -243.409 -237.192 232.38 0.0174524 0 0.999848 0.44613 0.894934 -0.00778723 -0.894798 0.446198 0.0156188  4 4 4 573  0 30 1 2  16 0
0 MLCAD SKIP_BEGIN
3 0 -243.479 -238.977 235.959 -243.409 -238.982 231.488 -243.409 -235.402 233.272
4 0 -243.409 -238.982 231.488 -233.409 16.6506 -281.232 -233.409 20.2304 -279.447 -243.409 -235.402 233.272
0 MLCAD SKIP_END
0 MLCAD ARROW 0 -276.153 -237.311 232.618 -0.0174524 0 0.999848 0.44613 0.894934 0.00778723 -0.894798 0.446198 -0.0156188  4 4 4 573  0 30 1 2  16 0
0 MLCAD SKIP_BEGIN
3 0 -276.083 -239.096 236.197 -276.153 -239.101 231.726 -276.153 -235.521 233.51
4 0 -276.153 -239.101 231.726 -286.153 16.5316 -280.994 -286.153 20.1114 -279.209 -276.153 -235.521 233.51
0 MLCAD SKIP_END
1 383 -260 -237.956 290.512 -1 0 0 0 0.970296 0.241922 0 0.241922 -0.970296 eje15.dat
0 MLCAD ARROW 0 -276.591 -236.599 291.711 -0.0174524 0 -0.999848 0.748842 0.66262 -0.0130711 0.662519 -0.748956 -0.0115644  4 4 4 360  0 30 1 2  16 0
0 MLCAD SKIP_BEGIN
3 0 -276.521 -239.594 289.061 -276.591 -237.924 293.209 -276.591 -235.274 290.213
4 0 -276.591 -237.924 293.209 -282.874 31.6589 531.716 -282.874 34.3094 528.72 -276.591 -235.274 290.213
0 MLCAD SKIP_END
0 MLCAD ARROW 0 -243.847 -236.799 291.536 0.0174524 0 -0.999848 0.748842 0.66262 0.0130711 0.662519 -0.748956 0.0115644  4 4 4 360  0 30 1 2  16 0
0 MLCAD SKIP_BEGIN
3 0 -243.917 -239.794 288.886 -243.847 -238.124 293.034 -243.847 -235.474 290.038
4 0 -243.847 -238.124 293.034 -237.564 31.4589 531.541 -237.564 34.1094 528.545 -243.847 -235.474 290.038
0 MLCAD SKIP_END
0 MLCAD ARROW 0 -288 95 228 0 0 1 0 1 0 -1 0 0  4 4 4 770  0 30 1 2  16 0
0 MLCAD SKIP_BEGIN
3 0 -288 95 232 -288 93 228 -288 97 228
4 0 -288 93 228 -288 93 -542 -288 97 -542 -288 97 228
0 MLCAD SKIP_END
0 MLCAD ARROW 0 -258 146 -474 0 0 1 1 0 0 0 1 0  4 4 4 250  0 30 1 2  16 0
0 MLCAD SKIP_BEGIN
3 0 -258 142 -474 -258 146 -476 -258 146 -472
4 0 -258 146 -476 -258 396 -476 -258 396 -472 -258 146 -472
0 MLCAD SKIP_END
1 14 -240 122 -445 1 0 0 0 0 -1 0 1 0 gruatorn.dat
1 8 -240 112 -493 1 0 0 0 -1 0 0 0 -1 gruators.dat
1 0 -260 112 -473 1 0 0 0 -1 0 0 0 -1 helisprt.dat
1 8 -280 112 -453 1 0 0 0 -1 0 0 0 -1 pico.dat
1 8 -240 112 -493 -1 0 0 0 -1 0 0 0 1 pico.dat
1 0 -260 112 -513 1 0 0 0 -1 0 0 0 -1 helisprt.dat
1 8 -260 384 -474 1 0 0 0 1 0 0 0 1 garfsprt.dat
1 0 -260 380 -474 0 0 1 0 1 0 -1 0 0 garfio.dat
1 0 -260 1320 -110 1 0 0 0 1 0 0 0 1 htit2.dat
0
