0 Untitled
0 Name: Humber.ldr
0 Author: MLCad
0 Unofficial Model
0 ROTATION CENTER 0 0 0 1 "Custom" 
0 ROTATION CONFIG 0 0
1 8 -180 -32 0 -1 0 0 0 1 0 0 0 -1 guardabr.dat
1 8 -200 -72 0 -1 0 0 0 1 0 0 0 -1 guardabr.dat
1 8 -260 -80 0 0 0 1 0 1 0 -1 0 0 bald2x2r.dat
1 8 -180 -80 -40 0 0 -1 0 1 0 1 0 0 bald2x2r.dat
1 8 -180 -64 80 -1 0 0 0 1 0 0 0 -1 bald2.dat
1 8 -220 -64 60 -1 0 0 0 1 0 0 0 -1 rotorinf.dat
1 8 -220 -64 60 -0.707107 0 0.707107 0 1 0 -0.707107 0 -0.707107 platfgir.dat
1 8 -220 -80 60 -0.707107 0 0.707107 0 1 0 -0.707107 0 -0.707107 placa1.dat
1 8 -220 -80 88.284 -0.707107 0 0.707107 0 1 0 -0.707107 0 -0.707107 bald2.dat
1 8 -234.142 -80 74.142 -0.707107 0 0.707107 0 1 0 -0.707107 0 -0.707107 bald1.dat
1 8 -240 -64 80 -1 0 0 0 1 0 0 0 -1 bald2.dat
1 8 -220 -64 40 0 0 1 0 1 0 -1 0 0 bald2.dat
1 8 -220 -64 100 0 0 1 0 1 0 -1 0 0 bald2.dat
1 8 -260 -64 40 0 0 1 0 1 0 -1 0 0 bald2.dat
1 8 -260 -64 100 0 0 1 0 1 0 -1 0 0 bald2.dat
1 8 -240 -98 32 1 0 0 0 0 1 0 -1 0 gruab.dat
1 8 -200 -98 32 -1 0 0 0 0 -1 0 -1 0 gruab.dat
1 8 -220 -98 88 0 0 1 -1 0 0 0 -1 0 piquito.dat
1 8 -240 -98 88 0 0 1 -1 0 0 0 -1 0 piquito.dat
1 8 -200 -98 88 0 0 1 -1 0 0 0 -1 0 piquito.dat
1 8 -230 -108 64 1 0 0 0 0 1 0 -1 0 enganch2.dat
1 8 -230 -108 32 1 0 0 0 0 1 0 -1 0 vnt1x1.dat
1 8 -240 -98 64 1 0 0 0 0 1 0 -1 0 jacena1.dat
1 8 -200 -98 64 1 0 0 0 0 1 0 -1 0 jacena1.dat
1 8 -210 -108 56 1 0 0 0 0 1 0 -1 0 placa1.dat
1 8 -250 -108 24 1 0 0 0 0 1 0 -1 0 placa1.dat
1 8 -250 -108 56 1 0 0 0 0 1 0 -1 0 placa2.dat
1 8 -220 -98 24 1 0 0 0 0 1 0 -1 0 chimplac.dat
1 8 -220 -116 64 -1 0 0 0 1 0 0 0 -1 bispqaba.dat
1 8 -220 -116 64 -1 0 0 0 1 0 0 0 -1 compuert.dat
1 8 -220 -98 -66 1 0 0 0 0 1 0 -1 0 tbfarola.dat
1 383 -200 -98 9 0 1 0 0 0 1 1 0 0 eje26.dat
1 383 -172.037 -108 45.948 0 0.92388 0.382683 -1 0 0 0 -0.382683 0.92388 eje15.dat
1 0 -210 -98 8 0 1 0 0 0 1 1 0 0 helillnt.dat
1 8 -240 -24 60 0 0 1 0 1 0 -1 0 0 placa2x2.dat
1 15 -220 -32 80 0 0 1 0 1 0 -1 0 0 placa2.dat
1 8 -240 -32 60 0 0 1 0 1 0 -1 0 0 placa1.dat
1 8 -240 -32 120 1 0 0 0 1 0 0 0 1 placa2x2.dat
1 8 -260 -32 100 1 0 0 0 1 0 0 0 1 placa2.dat
1 8 -260 -56 100 0 0 1 0 1 0 -1 0 0 placa2x2.dat
1 8 -260 -40 60 0 0 1 0 1 0 -1 0 0 jacen2x2.dat
1 8 -220 -40 100 0 0 1 0 1 0 -1 0 0 jacen2x4.dat
1 8 -260 -24 120 0 0 1 0 1 0 -1 0 0 placa1.dat
1 8 -240 -24 120 0 0 1 0 1 0 -1 0 0 placa1.dat
1 8 -210 -16 90 0 0 1 0 1 0 -1 0 0 jacena1.dat
1 8 -220 -24 80 0 0 1 0 1 0 -1 0 0 placa1.dat
1 8 -200 -16 80 1 0 0 0 1 0 0 0 1 cuna.dat
1 8 -220 0 80 1 0 0 0 1 0 0 0 1 placa2x2.dat
1 8 -220 -8 80 1 0 0 0 1 0 0 0 1 placa2.dat
1 8 -220 -8 120 1 0 0 0 1 0 0 0 1 pico.dat
1 8 -240 -72 -40 1 0 0 0 1 0 0 0 1 guardabr.dat
1 0 -200 8 0 0 0 -1 0 1 0 1 0 0 placa2x3.dat
1 0 -200 8 60 0 0 -1 0 1 0 1 0 0 placa2x3.dat
1 8 -220 -8 80 -1 0 0 0 1 0 0 0 -1 ventana1.dat
1 8 -240 0 40 0 0 1 0 1 0 -1 0 0 enganch2.dat
1 8 -240 -30 30 0 1 0 -1 0 0 0 0 1 chimenea.dat
1 8 -240 0 60 0 0 1 0 1 0 -1 0 0 enganch2.dat
1 8 -240 -30 50 0 1 0 -1 0 0 0 0 1 chimenea.dat
1 8 -255.836 1.576 40 0 0.980785 -0.19509 0 -0.19509 -0.980785 -1 0 0 compuert.dat
1 8 -184.164 0.228 40 0 -0.980785 0.19509 0 -0.19509 -0.980785 1 0 0 compuert.dat
1 8 -200 0 40 0 0 -1 0 1 0 1 0 0 enganch2.dat
1 8 -200 -30 50 0 -1 0 -1 0 0 0 0 -1 chimenea.dat
1 8 -200 0 20 0 0 -1 0 1 0 1 0 0 enganch2.dat
1 8 -200 -30 30 0 -1 0 -1 0 0 0 0 -1 chimenea.dat
1 8 -200 0 60 0 0 -1 0 1 0 1 0 0 enganch2.dat
1 8 -200 -30 70 0 -1 0 -1 0 0 0 0 -1 chimenea.dat
1 8 -184.206 -39.217 80 0 -0.980785 -0.19509 0 -0.19509 0.980785 -1 0 0 bald2r.dat
1 8 -260 0 100 1 0 0 0 1 0 0 0 1 jacena2.dat
1 8 -220 0 100 -1 0 0 0 1 0 0 0 -1 remate_2.dat
1 8 -260 0 0 1 0 0 0 1 0 0 0 1 placa4.dat
1 8 -240 -24 0 1 0 0 0 1 0 0 0 1 placa2.dat
1 8 -180 -8 -40 0 0 -1 0 1 0 1 0 0 jacen2x3.dat
1 8 -220 -8 -40 0 0 -1 0 1 0 1 0 0 jacen2x3.dat
1 8 -240 -24 -60 1 0 0 0 1 0 0 0 1 placa2.dat
1 8 -250 -24 -50 1 0 0 0 1 0 0 0 1 jacena1.dat
1 8 -190 -24 -50 1 0 0 0 1 0 0 0 1 jacena1.dat
1 8 -220 -48 -60 0 0 -1 0 1 0 1 0 0 bald2.dat
1 8 -180 -48 -60 0 0 -1 0 1 0 1 0 0 bald2.dat
1 8 -200 -32 -60 0 0 -1 0 1 0 1 0 0 placa2x3.dat
1 8 -200 -40 -60 0 0 -1 0 1 0 1 0 0 placa2x3.dat
1 8 -180 -40 -40 0 0 -1 0 1 0 1 0 0 enganch2.dat
1 8 -200 -40 -20 1 0 0 0 1 0 0 0 1 placa2.dat
1 8 -280 -40 -20 1 0 0 0 1 0 0 0 1 placa2.dat
1 8 -240 -56 -20 0 0 -1 0 1 0 1 0 0 placa1.dat
1 8 -180 -56 -20 0 0 -1 0 1 0 1 0 0 placa1.dat
1 8 -200 -64 0 0 0 1 0 1 0 -1 0 0 placa2.dat
1 8 -260 -64 0 0 0 1 0 1 0 -1 0 0 placa2.dat
1 8 -200 -48 0 -1 0 0 0 1 0 0 0 -1 vntscorp.dat
1 8 -240 -48 -40 1 0 0 0 1 0 0 0 1 vntscorp.dat
1 0 -165 -49.237 43.866 0 0 -1 -0.639439 -0.768842 0 -0.768842 0.639439 0 cabnuesp.dat
1 0 -250 -49.237 43.866 0 0 -1 -0.639439 -0.768842 0 -0.768842 0.639439 0 cabnuesp.dat
1 8 -180 -32 20 -1 0 0 0 1 0 0 0 -1 placa1.dat
1 8 -240 -32 20 -1 0 0 0 1 0 0 0 -1 placa1.dat
1 8 -263.866 -51.519 60 0.19509 -0.980785 0 0.980785 0.19509 0 0 0 1 placa2x2.dat
1 8 -254.044 -43.291 70 -0.19509 -0.980785 0 -0.980785 0.19509 0 0 0 -1 chimenea.dat
1 8 -220 -8 100 -1 0 0 0 1 0 0 0 -1 ventana1.dat
1 8 -254.044 -43.291 90 -0.19509 -0.980785 0 -0.980785 0.19509 0 0 0 -1 chimenea.dat
1 2 -285.003 -57.525 72.5 -0.980785 0 -0.19509 0.19509 0 -0.980785 0 -1 0 llanrutt.dat
1 0 -285.984 -56.33 72.5 -0.980785 0 -0.19509 0.19509 0 -0.980785 0 -1 0 neumtter.dat
1 8 -180 0 -40 -1 0 0 0 1 0 0 0 -1 cuna.dat
1 8 -220 -24 -60 1 0 0 0 1 0 0 0 1 pico.dat
1 8 -220 0 -40 -1 0 0 0 1 0 0 0 -1 cuna.dat
1 8 -260 -24 -60 1 0 0 0 1 0 0 0 1 pico.dat
1 8 -180 -40 0 -1 0 0 0 1 0 0 0 -1 pico.dat
1 8 -220 -40 0 -1 0 0 0 1 0 0 0 -1 pico.dat
1 2 -220 -8 -20 -1 0 0 0 1 0 0 0 -1 rues42l.dat
1 0 -180 -50 -30 0 -1 0 0 0 1 -1 0 0 engbarco.dat
1 0 -254.801 -122.453 29 -0.978148 0.207912 0 -0.207912 -0.978148 0 0 0 1 engbarco.dat
1 7 -182.987 -49.955 -20.008 0 -0.936673 0.350207 1 0 0 0 0.350207 0.936673 radarp.dat
1 8 -260 -40 -20 0 0 1 0 1 0 -1 0 0 enganch2.dat
1 0 -260 -50 -30 0 1 0 0 0 -1 -1 0 0 engbarco.dat
1 7 -257.012 -50.045 -20.008 0 0.936673 -0.350207 -1 0 0 0 0.350207 0.936673 radarp.dat
1 8 -180 -32 160 -1 0 0 0 1 0 0 0 -1 guardabr.dat
1 8 -220 -63.836 100.364 1 0 0 0 0.980785 0.19509 0 -0.19509 0.980785 bald2x2.dat
1 8 -260 -63.836 100.364 1 0 0 0 0.980785 0.19509 0 -0.19509 0.980785 bald2x2.dat
1 8 -200 -71.723 142.717 1 0 0 0 0.980785 0.19509 0 -0.19509 0.980785 compuert.dat
1 8 -200 -71.723 142.716 1 0 0 0 0.980785 0.19509 0 -0.19509 0.980785 bispqaba.dat
1 8 -240 -71.723 142.716 1 0 0 0 0.980785 0.19509 0 -0.19509 0.980785 bispqaba.dat
1 8 -240 -71.723 142.717 1 0 0 0 0.980785 0.19509 0 -0.19509 0.980785 compuert.dat
1 8 -180 -56.032 139.595 0 0 -1 0.19509 0.980785 0 0.980785 -0.19509 0 placa2x2.dat
1 8 -220 -56.032 139.595 0 0 -1 0.19509 0.980785 0 0.980785 -0.19509 0 placa2x2.dat
1 8 -260 -8 120 1 0 0 0 1 0 0 0 1 jacen2x4.dat
1 8 -200 -32 0 0 0 -1 0 1 0 1 0 0 placa2x2.dat
1 8 -280 -40 120 1 0 0 0 1 0 0 0 1 placa2.dat
1 8 -280 -40 140 1 0 0 0 1 0 0 0 1 placa1.dat
1 8 -180 -40 140 1 0 0 0 1 0 0 0 1 placa1.dat
1 8 -240 -40 120 1 0 0 0 1 0 0 0 1 placa4.dat
1 8 -260 -40 100 1 0 0 0 1 0 0 0 1 placa4.dat
1 8 -180 -16 180 -1 0 0 0 1 0 0 0 -1 pico.dat
1 8 -220 -16 180 -1 0 0 0 1 0 0 0 -1 pico.dat
1 8 -180 -16 180 -1 0 0 0 1 0 0 0 -1 jacena4.dat
1 8 -220 8 160 1 0 0 0 1 0 0 0 1 cuna.dat
1 8 -260 8 160 1 0 0 0 1 0 0 0 1 cuna.dat
1 8 -160 -40 120 -1 0 0 0 1 0 0 0 -1 bald2.dat
1 8 -160 -48 160 -1 0 0 0 1 0 0 0 -1 baldc2.dat
1 8 -200 -48 0 0 0 1 0 1 0 -1 0 0 baldc2.dat
1 8 -280 -48 0 0 0 1 0 1 0 -1 0 0 baldc2.dat
1 8 -260 -48 160 -1 0 0 0 1 0 0 0 -1 baldc2.dat
1 8 -250 -48 110 0 0 1 0 1 0 -1 0 0 chimenea.dat
1 8 -230 -40 150 0 0 1 0 1 0 -1 0 0 chimenea.dat
1 8 -210 -40 150 0 0 1 0 1 0 -1 0 0 chimenea.dat
1 8 -190 -40 150 0 0 1 0 1 0 -1 0 0 chimenea.dat
1 8 -250 -40 150 0 0 1 0 1 0 -1 0 0 chimenea.dat
1 8 -230 -48 110 0 0 1 0 1 0 -1 0 0 chimenea.dat
1 8 -210 -48 110 0 0 1 0 1 0 -1 0 0 chimenea.dat
1 8 -190 -48 110 0 0 1 0 1 0 -1 0 0 chimenea.dat
1 8 -260 -32 120 1 0 0 0 1 0 0 0 1 guardabr.dat
1 8 -260 -32 -40 1 0 0 0 1 0 0 0 1 guardabr.dat
1 2 -220 -8 140 -1 0 0 0 1 0 0 0 -1 rues42l.dat
0
