0 Untitled
0 Name: Jinete2.ldr
0 Author: MLCad
0 Unofficial Model
0 !COLOUR Kaki CODE 77 VALUE #424510 EDGE #222222 ALPHA 255
0 ROTATION CENTER 0 0 0 1 "Custom" 
0 ROTATION CONFIG 0 0
1 8 -50 -10.891 -140.405 1 0 0 0 0.964787 -0.263031 0 0.263031 0.964787 cilintap.dat
1 4 -50 -30.187 -145.668 0 0 -1 -0.263031 0.964787 0 0.964787 0.263031 0 bandera.dat
1 8 -70 4.017 -157.072 1 0 0 0 0.964787 -0.263031 0 0.263031 0.964787 respirad.dat
1 8 -50 -3.873 -128.129 -1 0 0 0 -0.263031 0.964787 0 0.964787 0.263031 enganch2.dat
1 8 -30 -3.873 -128.129 -1 0 0 0 -0.263031 0.964787 0 0.964787 0.263031 enganch2.dat
1 8 -50 34.718 -117.608 1 0 0 0 -0.263031 -0.964787 0 0.964787 -0.263031 enganch2.dat
1 8 -50 37.35 -127.255 0 0 1 -0.263031 -0.964787 0 0.964787 -0.263031 0 cilindab.dat
1 8 -24 56.645 -121.994 0 -1 0 -0.0697565 0 -0.997564 0.997564 0 -0.0697565 soprtmar.dat
1 8 -10 35.718 -109.423 0 0 1 0.997564 -0.0697565 0 0.0697565 0.997564 0 cuna.dat
1 8 10 77.293 -130.574 0 0 -1 -0.997564 -0.0697565 0 -0.0697565 0.997564 0 pico.dat
1 8 10 77.293 -130.574 0 0 -1 -0.997564 -0.0697565 0 -0.0697565 0.997564 0 jacena2.dat
1 8 -10 59.574 -163.892 0 0 -1 -0.997564 -0.0697565 0 -0.0697565 0.997564 0 bispqaba.dat
1 8 -10 59.574 -163.892 0 -0.382683 0.92388 0.997564 -0.0644466 -0.0266946 0.0697565 0.921629 0.381751 bispqarr.dat
1 8 -46.956 40.691 -180.559 0 -0.382683 0.92388 0.997564 -0.0644466 -0.0266946 0.0697565 0.921629 0.381751 placa1.dat
1 8 -46.956 60.642 -179.162 0 -0.382683 0.92388 0.997564 -0.0644466 -0.0266946 0.0697565 0.921629 0.381751 bald1.dat
1 8 -40.778 49.883 -168.669 0 -0.382683 0.92388 0.997564 -0.0644466 -0.0266946 0.0697565 0.921629 0.381751 chimplac.dat
1 4 -6.938 40.139 -172.661 0.92388 -0.382683 0 -0.0266946 -0.0644466 -0.997564 0.381751 0.921629 -0.0697565 proa4p.dat
1 0 -22.354 41.188 -187.672 0 -0.382683 0.92388 0.997564 -0.0644466 -0.0266946 0.0697565 0.921629 0.381751 bald2.dat
1 15 -22.354 61.139 -186.269 0 -0.382683 0.92388 0.997564 -0.0644466 -0.0266946 0.0697565 0.921629 0.381751 bald2.dat
1 0 -22.354 81.091 -184.874 0 -0.382683 0.92388 0.997564 -0.0644466 -0.0266946 0.0697565 0.921629 0.381751 bald2.dat
1 8 -109.729 46.275 -123.933 -0.19509 0.980785 0 0.311208 0.0619031 -0.948323 -0.930101 -0.185009 -0.317304 bispqaba.dat
1 8 -90.001 59.491 -131.912 0 1 0 0.317304 0 -0.948323 -0.948323 0 -0.317304 chimenea.dat
1 8 -122.992 79.133 -87.882 -0.421418 0.0366068 0.906128 0.906652 0.0387001 0.420098 -0.0196882 0.99858 -0.0494988 enganch2.dat
1 8 -126.574 110.539 -88.968 -0.421418 0.0366068 0.906128 0.906652 0.0387001 0.420098 -0.0196882 0.99858 -0.0494988 cilindro.dat
1 8 -109.717 74.268 -88.185 -0.421418 0.0366068 0.906128 0.906652 0.0387001 0.420098 -0.0196882 0.99858 -0.0494988 cilindro.dat
1 8 -119.317 91.164 -120.527 -0.421418 0.0366068 0.906128 0.906652 0.0387001 0.420098 -0.0196882 0.99858 -0.0494988 chimtubo.dat
1 8 -109.423 74.577 -80.19 -0.421418 0.0366068 0.906128 0.906652 0.0387001 0.420098 -0.0196882 0.99858 -0.0494988 chimplac.dat
1 8 -120.193 90.236 -144.49 -0.421418 0.0366068 0.906128 0.906652 0.0387001 0.420098 -0.0196882 0.99858 -0.0494988 chimplac.dat
1 8 -125.335 76.657 -151.789 -0.421418 0.0366068 0.906128 0.906652 0.0387001 0.420098 -0.0196882 0.99858 -0.0494988 placa1.dat
1 8 -125.335 76.657 -151.789 -0.421418 0.0366068 0.906128 0.906652 0.0387001 0.420098 -0.0196882 0.99858 -0.0494988 placa2.dat
1 8 -126.809 97.841 -160.568 -0.421418 -0.906128 0.0366068 0.906652 -0.420098 0.0387001 -0.0196882 0.0494988 0.99858 conotanq.dat
1 77 -128.565 95.984 -208.501 -0.421418 0.0366068 0.906128 0.906652 0.0387001 0.420098 -0.0196882 0.99858 -0.0494988 toberast.dat
1 77 -128.565 95.984 -208.501 -0.421418 0.0366068 0.906128 0.906652 0.0387001 0.420098 -0.0196882 0.99858 -0.0494988 canontnq.dat
1 77 -134.532 89.676 -371.27 -0.421418 0.0366068 0.906128 0.906652 0.0387001 0.420098 -0.0196882 0.99858 -0.0494988 laser.dat
1 8 -119.023 91.473 -112.537 -0.421418 0.0366068 0.906128 0.906652 0.0387001 0.420098 -0.0196882 0.99858 -0.0494988 chimplac.dat
1 8 -109.729 46.275 -123.933 -0.19509 0.906128 0.37533 0.311208 0.420098 -0.852448 -0.930101 -0.0494988 -0.363951 bispqarr.dat
1 8 -143.656 120.696 -113.419 0.37533 0.906128 0.19509 -0.852448 0.420098 -0.311208 -0.363951 -0.0494988 0.930101 placa2x3.dat
1 8 -143.104 104.888 -75.821 -0.19509 0.906128 0.37533 0.311208 0.420098 -0.852448 -0.930101 -0.0494988 -0.363951 bald2x2r.dat
1 8 -120.879 49.137 -142.14 0.19509 0.906128 -0.37533 -0.311208 0.420098 0.852448 0.930101 -0.0494988 0.363951 bald2x2r.dat
1 8 -50 59.275 -131.643 -1 0 0 0 -0.964787 -0.263031 0 -0.263031 0.964787 enganch2.dat
1 8 -30 97.866 -121.121 -1 0 0 0 -0.964787 -0.263031 0 -0.263031 0.964787 enganch2.dat
1 8 -70 97.866 -121.121 -1 0 0 0 -0.964787 -0.263031 0 -0.263031 0.964787 enganch2.dat
1 8 -90 74.712 -127.435 0 0 1 -0.263031 -0.964787 0 0.964787 -0.263031 0 enganch2.dat
1 8 -90 90.843 -79.433 0 1 0 0.675589 0 -0.737277 -0.737277 0 -0.675589 bald2x2r.dat
1 8 -70 92.604 -101.825 1 0 0 0 -0.964787 0.263031 0 -0.263031 -0.964787 enganch2.dat
1 8 -30 92.604 -101.825 1 0 0 0 -0.964787 0.263031 0 -0.263031 -0.964787 enganch2.dat
1 8 -70 84.886 -103.929 1 0 0 0 -0.964787 0.263031 0 -0.263031 -0.964787 placa2.dat
1 8 -50 77.169 -106.035 1 0 0 0 -0.964787 0.263031 0 -0.263031 -0.964787 placa2.dat
1 8 -30 84.886 -103.929 1 0 0 0 -0.964787 0.263031 0 -0.263031 -0.964787 placa1.dat
1 8 -70 77.169 -106.035 1 0 0 0 -0.964787 0.263031 0 -0.263031 -0.964787 placa1.dat
1 8 -30 69.45 -108.14 1 0 0 0 -0.964787 0.263031 0 -0.263031 -0.964787 placa1.dat
1 8 -50 54.012 -112.346 1 0 0 0 -0.964787 0.263031 0 -0.263031 -0.964787 enganch2.dat
1 8 -30 51.556 -133.75 -1 0 0 0 -0.964787 -0.263031 0 -0.263031 0.964787 placa2.dat
1 8 -10 66.994 -129.537 -1 0 0 0 -0.964787 -0.263031 0 -0.263031 0.964787 placa4.dat
1 8 -10 59.275 -131.643 -1 0 0 0 -0.964787 -0.263031 0 -0.263031 0.964787 placa4.dat
1 8 -70 34.718 -117.608 1 0 0 0 -0.263031 -0.964787 0 0.964787 -0.263031 enganch2.dat
1 8 -40 30.859 -141.463 -1 0 0 0 0.263031 -0.964787 0 -0.964787 -0.263031 soprtmar.dat
1 8 -60 30.859 -141.463 -1 0 0 0 0.263031 -0.964787 0 -0.964787 -0.263031 soprtmar.dat
1 8 -40 11.561 -146.723 -1 0 0 0 0.263031 -0.964787 0 -0.964787 -0.263031 soprtmar.dat
1 8 -60 11.561 -146.723 -1 0 0 0 0.263031 -0.964787 0 -0.964787 -0.263031 soprtmar.dat
1 8 -30 34.718 -117.608 -1 0 0 0 0.263031 -0.964787 0 -0.964787 -0.263031 bald2x2r.dat
1 8 -10 61.379 -139.36 -1 0 0 0 -0.263031 0.964787 0 0.964787 0.263031 baldgord.dat
1 8 -50 117.162 -115.86 0 0 -1 -0.964787 -0.263031 0 -0.263031 0.964787 0 placa2x3.dat
1 8 -10 117.162 -115.86 0 0 -1 -0.964787 -0.263031 0 -0.263031 0.964787 0 placa2x3.dat
1 8 -10 99.97 -128.838 -1 0 0 0 -0.263031 0.964787 0 0.964787 0.263031 placa4.dat
1 8 -90 102.075 -136.558 0 0 1 0.964787 -0.263031 0 0.263031 0.964787 0 bald2r.dat
1 8 -10 121.37 -131.298 0 0 -1 -0.964787 -0.263031 0 -0.263031 0.964787 0 bald2r.dat
1 8 -50 61.379 -139.36 -1 0 0 0 -0.263031 0.964787 0 0.964787 0.263031 baldgord.dat
1 8 -90 51.91 -104.629 1 0 0 0 0.263031 0.964787 0 -0.964787 0.263031 baldgord.dat
1 8 -50 51.91 -104.629 1 0 0 0 0.263031 0.964787 0 -0.964787 0.263031 baldgord.dat
1 8 -50 129.093 -83.586 -1 0 0 0 0.263031 -0.964787 0 -0.964787 -0.263031 baldgord.dat
1 8 -10 129.093 -83.586 -1 0 0 0 0.263031 -0.964787 0 -0.964787 -0.263031 baldgord.dat
1 0 -50 182 -292 -1 0 0 0 0 1 0 1 0 proa4.dat
1 8 -90 109.884 -349.093 0 1 0 -0.0697565 0 -0.997564 -0.997564 0 0.0697565 tbrecto.dat
1 8 -10 109.884 -349.093 0 -1 0 -0.0697565 0 0.997564 -0.997564 0 -0.0697565 tbrecto.dat
1 0 -10 182 -292 -1 0 0 0 0 1 0 1 0 jacena4.dat
1 0 -70 162 -316 0 0 1 1 0 0 0 1 0 pico.dat
1 0 -70 122 -324 0 0 1 1 0 0 0 1 0 pico.dat
1 0 -30 202 -316 0 0 -1 -1 0 0 0 1 0 pico.dat
1 0 -30 162 -324 0 0 -1 -1 0 0 0 1 0 pico.dat
1 0 -50 202 -268.001 -1 0 0 0 0 1 0 1 0 proa4.dat
1 0 -50 222 -244 -1 0 0 0 0 1 0 1 0 proa4.dat
1 0 -50 222 -268 1 0 0 0 0 -1 0 1 0 pistola.dat
1 0 -50 202 -268 -1 0 0 0 0 1 0 1 0 pistola.dat
1 0 -50 242 -220 -1 0 0 0 0 1 0 1 0 proa4.dat
1 0 -50 242 -244 0 0 -1 -1 0 0 0 1 0 bald2.dat
1 0 -10 242 -244 0 0 -1 -1 0 0 0 1 0 bald2.dat
1 0 -50 222 -212 -1 0 0 0 0 1 0 1 0 proa4p.dat
1 0 -50 142 -316 -1 0 0 0 0 1 0 1 0 proa4p.dat
1 0 -70 62 -324 0 0 1 1 0 0 0 1 0 placa2x3.dat
1 0 -70 82 -332 0 0 1 1 0 0 0 1 0 placa2x2.dat
1 0 -80 82 -332 1 0 0 0 0 -1 0 1 0 placa2x3.dat
1 0 -60 52 -324 1 0 0 0 0 -1 0 1 0 chimplac.dat
1 0 -70 82 -340 0 0 1 1 0 0 0 1 0 enganch2.dat
1 0 -30 102 -340 0 0 -1 -1 0 0 0 1 0 enganch2.dat
1 0 -30 122 -340 0 0 -1 -1 0 0 0 1 0 enganch2.dat
1 0 -70 102 -340 0 0 1 1 0 0 0 1 0 enganch2.dat
1 0 -30 82 -364 -1 0 0 0 0 1 0 1 0 bald2x2r.dat
1 0 -20 62 -340 -1 0 0 0 0 1 0 1 0 jacena2.dat
1 0 -70 122 -370 0 1 0 -1 0 0 0 0 1 baldgord.dat
1 0 -30 82 -370 0 -1 0 1 0 0 0 0 1 baldgord.dat
1 0 -60 42 -340 -1 0 0 0 0 1 0 1 0 enganch2.dat
1 0 -70 72 -340 -1 0 0 0 0 1 0 1 0 jacena1.dat
1 0 -40 42 -340 -1 0 0 0 0 1 0 1 0 enganch2.dat
1 0 -40 42 -330 -1 0 0 0 1 0 0 0 -1 bald2r.dat
1 0 -30 26 -360 0 0 1 0 1 0 -1 0 0 piquito.dat
1 0 -40 42 -330 0 0 1 0 1 0 -1 0 0 placa2.dat
1 0 -80 42 -330 0 0 1 0 1 0 -1 0 0 placa2.dat
1 0 -80 34 -350 0 0 1 0 1 0 -1 0 0 placa1.dat
1 0 -80 34 -330 0 0 1 0 1 0 -1 0 0 bald1.dat
1 0 -40 34 -330 0 0 1 0 1 0 -1 0 0 bald1.dat
1 0 -40 34 -350 0 0 1 0 1 0 -1 0 0 placa1.dat
1 0 -70 26 -360 0 0 1 0 1 0 -1 0 0 piquito.dat
1 0 -20 42 -340 -1 0 0 0 0 1 0 1 0 enganch2.dat
1 0 -70 52 -364 0 0 -1 -1 0 0 0 1 0 chimenea.dat
1 0 -50 52 -364 0 0 -1 -1 0 0 0 1 0 chimenea.dat
1 0 -30 52 -364 0 0 -1 -1 0 0 0 1 0 chimenea.dat
1 0 -50 226 51.999 1 0 0 0 0 -1 0 1 0 popa4.dat
1 0 -70 226 3.999 0 0 -1 -1 0 0 0 1 0 placa2.dat
1 0 -70 186 -4.001 -1 0 0 0 0 1 0 1 0 bald2.dat
1 0 -70 226 27.999 0 0 -1 -1 0 0 0 1 0 jacena2.dat
1 0 -10 226 3.999 0 0 -1 -1 0 0 0 1 0 placa2.dat
1 0 -10 186 -4.001 -1 0 0 0 0 1 0 1 0 bald2.dat
1 0 -10 226 27.999 0 0 -1 -1 0 0 0 1 0 jacena2.dat
1 0 -30 226 27.999 0 0 -1 -1 0 0 0 1 0 jacen2x3.dat
1 0 -30 226 3.999 0 0 -1 -1 0 0 0 1 0 enganc2.dat
1 0 -50 226 3.999 0 0 -1 -1 0 0 0 1 0 enganc2.dat
1 0 -70 186 3.999 1 0 0 0 0 -1 0 1 0 placa2.dat
1 0 -70 186 -4.001 1 0 0 0 0 -1 0 1 0 placa2.dat
1 0 -50 246 76 1 0 0 0 0 -1 0 1 0 popa4.dat
1 0 -50 246 52 1 0 0 0 0 -1 0 1 0 enganch2.dat
1 0 -30 246 52 1 0 0 0 0 -1 0 1 0 enganch2.dat
1 0 -50 246 32 0 0 1 0 -1 0 1 0 0 baldgord.dat
1 0 -50 246 72 0 0 -1 0 -1 0 -1 0 0 baldgord.dat
1 0 -70 246 52 1 0 0 0 0 -1 0 1 0 enganch2.dat
1 0 -90 246 52 1 0 0 0 0 -1 0 1 0 enganch2.dat
1 0 -90 246 28 1 0 0 0 0 -1 0 1 0 placa4.dat
1 0 -40 226 84 0 0 -1 -1 0 0 0 1 0 placa2.dat
1 0 -50 213.429 97.648 0 0 1 0.980785 -0.19509 0 0.19509 0.980785 0 chimenea.dat
1 0 -50 208.302 110.345 0 0 1 0.92388 -0.382683 0 0.382683 0.92388 0 chimenea.dat
1 0 -50 177.788 138.082 0 0 -1 -0.980785 -0.19509 0 -0.19509 0.980785 0 chimenea.dat
1 0 -50 176.667 151.775 0 0 -1 -1 0 0 0 1 0 chimenea.dat
1 0 -50 179.238 165.423 0 0 -1 -0.980785 0.19509 0 0.19509 0.980785 0 chimenea.dat
1 0 -40 210.222 167.417 0 0 -1 -0.980785 0.19509 0 0.19509 0.980785 0 escobill.dat
1 0 -50 180.639 124.864 0 0 1 0.92388 -0.382683 0 0.382683 0.92388 0 chimtubo.dat
1 8 -18 119 -199.5 0 -1 0 0 0 1 -1 0 0 chimplac.dat
1 8 -82 119 -199.5 0 1 0 0 0 -1 -1 0 0 chimplac.dat
1 383 -50 119 -199.5 -1 0 0 0 0 -1 0 -1 0 eje5.dat
1 0 -50 274 -112 1 0 0 0 1 0 0 0 1 quilla_4.dat
1 0 -50 242 -212 1 0 0 0 1 0 0 0 1 enganch2.dat
1 0 -60 202 -212 1 0 0 0 1 0 0 0 1 enganch2.dat
1 0 -20 202 -212 0 0 -1 0 1 0 1 0 0 enganch2.dat
1 0 -20 202 -192 0 0 -1 0 1 0 1 0 0 enganch2.dat
1 0 -80 202 -192 0 0 1 0 1 0 -1 0 0 enganch2.dat
1 0 -60 186 -172 0 0 1 0 1 0 -1 0 0 placa1.dat
1 0 -60 202 -172 0 0 1 0 1 0 -1 0 0 placa1.dat
1 0 -50 218 -162 0 0 1 0 1 0 -1 0 0 jacena1.dat
1 0 -60 194 -152 0 0 1 0 1 0 -1 0 0 placa2.dat
1 0 -60 226 -152 0 0 1 0 1 0 -1 0 0 placa2.dat
1 0 -60 170 -172 0 0 1 0 1 0 -1 0 0 jacena2.dat
1 0 -50 146 -202 0 0 1 0 1 0 -1 0 0 chimenea.dat
1 0 -40 138.041 -172.579 -1 0 0 0 0.980785 -0.19509 0 -0.19509 -0.980785 bald2r.dat
1 0 -80 202 -172 0 0 1 0 1 0 -1 0 0 enganch2.dat
1 0 -70 242 -212 1 0 0 0 1 0 0 0 1 enganch2.dat
1 0 -80 178 -212 1 0 0 0 1 0 0 0 1 placa2x3.dat
1 0 -60 234 -192 1 0 0 0 1 0 0 0 1 placa1.dat
1 0 -70 218 -172 0 0 1 0 1 0 -1 0 0 placa2x2.dat
1 0 -70 210 -172 0 0 1 0 1 0 -1 0 0 bald2x2.dat
1 0 -60 170 -172 0 0 1 0 1 0 -1 0 0 pico.dat
1 0 -40 170 -212 0 0 -1 0 1 0 1 0 0 pico.dat
1 4 -78 144 -172 0 1 0 0 0 1 1 0 0 baldgord.dat
1 0 -80 162 -212 0 1 0 0 0 1 1 0 0 bald2x2r.dat
1 0 -20 162 -172 0 -1 0 0 0 1 -1 0 0 bald2x2r.dat
1 4 -78 144 -132 0 1 0 0 0 1 1 0 0 baldgord.dat
1 4 -86 184 -172 0 1 0 0 0 1 1 0 0 bald2x2.dat
1 4 -86 184 -132 0 1 0 0 0 1 1 0 0 bald2x2.dat
1 4 -70 204 -172 0 1 0 -1 0 0 0 0 1 placa2x3.dat
1 4 -70 204 -132 0 1 0 -1 0 0 0 0 1 placa2x3.dat
1 4 -78 184 -172 0 1 0 0 0 1 1 0 0 placa4.dat
1 4 -22 144 -92 0 -1 0 0 0 1 -1 0 0 baldgord.dat
1 4 -22 144 -132 0 -1 0 0 0 1 -1 0 0 baldgord.dat
1 4 -14 184 -132 0 -1 0 0 0 1 -1 0 0 bald2x2.dat
1 4 -14 184 -92 0 -1 0 0 0 1 -1 0 0 bald2x2.dat
1 4 -30 144 -132 0 -1 0 1 0 0 0 0 1 placa2x3.dat
1 4 -30 144 -172 0 -1 0 1 0 0 0 0 1 placa2x3.dat
1 4 -22 184 -92 0 -1 0 0 0 1 -1 0 0 placa4.dat
1 0 -50 282 -232 -1 0 0 0 1 0 0 0 -1 popa4.dat
1 0 -50 250 -212 -1 0 0 0 1 0 0 0 -1 bald2x2.dat
1 0 -10 250 -212 -1 0 0 0 1 0 0 0 -1 bald2x2.dat
1 0 -10 258 -232 -1 0 0 0 1 0 0 0 -1 placa4.dat
1 383 -50 242 8 1 0 0 0 1 0 0 0 1 eje45.dat
1 0 -70 250 -172 1 0 0 0 1 0 0 0 1 placa2.dat
1 0 -30 250 -172 0 0 1 0 1 0 -1 0 0 jacena2.dat
1 0 -90 250 -172 0 0 1 0 1 0 -1 0 0 jacena2.dat
1 0 -90 226 -112 0 0 -1 0 1 0 1 0 0 bispqaba.dat
1 0 -90 226 -152 0 0 -1 0 1 0 1 0 0 bispqaba.dat
1 0 -70 242 -172 0 0 -1 0 1 0 1 0 0 placa4.dat
1 0 -70 250 -172 0 0 -1 0 1 0 1 0 0 placa4.dat
1 0 -10 226 -152 0 0 1 0 1 0 -1 0 0 bispqaba.dat
1 0 -10 226 -112 0 0 1 0 1 0 -1 0 0 bispqaba.dat
1 0 -30.001 242 -92 0 0 1 0 1 0 -1 0 0 placa4.dat
1 0 -30.001 250 -92 0 0 1 0 1 0 -1 0 0 placa4.dat
1 0 -80 226 -192 0 0 1 0 1 0 -1 0 0 ancl1x2.dat
1 0 -20 226 -192 0 0 1 0 1 0 -1 0 0 ancl1x2.dat
1 0 -50 202 -332 1 0 0 0 1 0 0 0 1 bisnraba.dat
1 0 -50 202 -332 1 0 0 0 1 0 0 0 1 bisnreje.dat
1 0 -50 202 -332 1 0 0 0 0 -1 0 1 0 bisnrarr.dat
1 0 -30 182 -324 0 0 -1 -1 0 0 0 1 0 placa2x3.dat
1 0 -70 202 -340 1 0 0 0 0 -1 0 1 0 baldgord.dat
1 0 -70 162 -348 1 0 0 0 0 -1 0 1 0 baldgord.dat
1 0 -70 182 -316 1 0 0 0 0 -1 0 1 0 placa2.dat
1 0 -90 162 -316 1 0 0 0 0 -1 0 1 0 placa4.dat
1 0 -50 258 -252 -1 0 0 0 1 0 0 0 -1 popa4.dat
1 0 -10 195.115 -264.367 0 0 1 0.980785 0.19509 0 -0.19509 0.980785 0 cuna.dat
1 0 10 207.903 -302.596 0 0 -1 -0.980785 0.19509 0 0.19509 0.980785 0 chimttnc.dat
1 0 10 206.342 -310.443 0 0 -1 -0.980785 0.19509 0 0.19509 0.980785 0 cilindro.dat
1 0 10 201.66 -333.982 0 0 -1 -0.980785 0.19509 0 0.19509 0.980785 0 chimttnc.dat
1 0 10 195.417 -365.367 0 0 -1 -0.980785 0.19509 0 0.19509 0.980785 0 chimttnc.dat
1 0 10 200.099 -341.829 0 0 -1 -0.980785 0.19509 0 0.19509 0.980785 0 cilindro.dat
1 0 10 193.857 -373.213 0 0 -1 -0.980785 0.19509 0 0.19509 0.980785 0 cilindro.dat
1 0 10 187.614 -404.598 0 0 -1 -0.980785 0.19509 0 0.19509 0.980785 0 tubo.dat
1 0 30 229.665 -295.71 0 0 -1 -0.980785 0.19509 0 0.19509 0.980785 0 respirad.dat
1 0 -110 243.605 -440.887 -1 0 0 0 -0.19509 0.980785 0 0.980785 0.19509 mastilm.dat
1 0 -110 243.605 -440.887 -1 0 0 0 -0.980785 0.19509 0 0.19509 0.980785 mastilh.dat
1 0 -110 302.452 -452.592 0 0 1 -0.980785 -0.19509 0 0.19509 -0.980785 0 chimplac.dat
1 0 -110 279.715 -464.383 0 0 1 -0.980785 -0.19509 0 0.19509 -0.980785 0 chimplac.dat
1 0 -120 254.974 -434.993 1 0 0 0 -0.19509 0.980785 0 -0.980785 -0.19509 bald2r.dat
1 0 -120 291.084 -458.487 0 0 1 -0.980785 -0.19509 0 0.19509 -0.980785 0 placa1.dat
1 0 -120 287.963 -474.181 1 0 0 0 -0.19509 0.980785 0 -0.980785 -0.19509 vnt1x1.dat
1 77 -110 333.654 -470.015 0 -1 0 -0.19509 0 0.980785 -0.980785 0 -0.19509 conotanq.dat
1 0 -110 258.538 -468.326 0 0 1 -0.980785 -0.19509 0 0.19509 -0.980785 0 chimplac.dat
1 0 10 180.395 -440.887 -1 0 0 0 -0.707107 0.707107 0 0.707107 0.707107 mastilh.dat
1 0 10 378.398 63.058 1 0 0 0 0.55557 0.83147 0 -0.83147 0.55557 mastilh.dat
1 0 10 378.398 63.058 1 0 0 0 0.92388 0.382683 0 -0.382683 0.92388 mastilm.dat
1 0 10 438.714 59.723 0 0 1 -0.382683 0.92388 0 -0.92388 -0.382683 0 chimtubo.dat
1 0 10 386.975 81.155 0 0 -1 -0.382683 -0.92388 0 -0.92388 0.382683 0 tubo.dat
1 0 0 420.368 78.149 0 0 1 -0.382683 0.92388 0 -0.92388 -0.382683 0 placa1.dat
1 0 -110 340.215 129.926 0 0 -1 0.382683 -0.92388 0 -0.92388 -0.382683 0 tubo.dat
1 0 -120 365.954 151.411 0 0 1 0.382683 0.92388 0 -0.92388 0.382683 0 placa1.dat
1 0 10 386.712 59.612 0 0 -1 -0.382683 -0.92388 0 -0.92388 0.382683 0 tubo.dat
1 0 10 197.365 -480.485 0 0 1 -0.707107 -0.707107 0 0.707107 -0.707107 0 chimplac.dat
1 0 10 177.568 -471.999 0 0 1 -0.707107 -0.707107 0 0.707107 -0.707107 0 chimplac.dat
1 0 0 176.154 -459.272 0 0 1 -0.707107 -0.707107 0 0.707107 -0.707107 0 bald1.dat
1 0 10 222.821 -483.313 0 0 1 -0.707107 -0.707107 0 0.707107 -0.707107 0 chimplac.dat
1 0 0 193.124 -442.301 1 0 0 0 -0.707107 0.707107 0 -0.707107 -0.707107 bald2r.dat
1 0 0 210.094 -481.899 0 0 1 -0.707107 -0.707107 0 0.707107 -0.707107 0 placa1.dat
1 0 0 198.78 -493.213 1 0 0 0 -0.707107 0.707107 0 -0.707107 -0.707107 vnt1x1.dat
1 77 10 239.085 -515.133 0 -1 0 -0.707107 0 0.707107 -0.707107 0 -0.707107 conotanq.dat
1 77 10 482.689 37.64 0 -1 0 0 0 1 -1 0 0 conotanq.dat
1 0 10 458.688 37.638 0 0 1 0 1 0 -1 0 0 chimenea.dat
1 0 10 444.848 38.23 0 0 1 -0.19509 0.980785 0 -0.980785 -0.19509 0 chimenea.dat
1 0 -120 250.291 -458.532 0 0 1 -0.980785 -0.19509 0 0.19509 -0.980785 0 bald1.dat
1 0 10 189.175 -396.751 0 0 -1 -0.980785 0.19509 0 0.19509 0.980785 0 chimttnc.dat
1 0 10 180.395 -440.887 -1 0 0 0 0.19509 0.980785 0 0.980785 -0.19509 mastilm.dat
1 0 -90 228.885 -264.367 0 0 -1 -0.980785 -0.19509 0 -0.19509 0.980785 0 cuna.dat
1 0 -110 216.097 -302.596 0 0 1 0.980785 -0.19509 0 0.19509 0.980785 0 chimttnc.dat
1 0 -110 217.658 -310.443 0 0 1 0.980785 -0.19509 0 0.19509 0.980785 0 cilindro.dat
1 0 -110 228.583 -365.367 0 0 1 0.980785 -0.19509 0 0.19509 0.980785 0 chimttnc.dat
1 0 -110 222.34 -333.982 0 0 1 0.980785 -0.19509 0 0.19509 0.980785 0 chimttnc.dat
1 0 -110 223.901 -341.829 0 0 1 0.980785 -0.19509 0 0.19509 0.980785 0 cilindro.dat
1 0 -110 230.143 -373.213 0 0 1 0.980785 -0.19509 0 0.19509 0.980785 0 cilindro.dat
1 0 -110 236.386 -404.598 0 0 1 0.980785 -0.19509 0 0.19509 0.980785 0 tubo.dat
1 0 -130 194.335 -295.71 0 0 1 0.980785 -0.19509 0 0.19509 0.980785 0 respirad.dat
1 0 -110 234.825 -396.751 0 0 1 0.980785 -0.19509 0 0.19509 0.980785 0 chimttnc.dat
1 0 -50 226 -292 1 0 0 0 1 0 0 0 1 popa4p.dat
1 0 -50 234 -292 1 0 0 0 1 0 0 0 1 popa4p.dat
1 0 -50 234 -292 1 0 0 0 1 0 0 0 1 bald2x2.dat
1 0 -90 234 -292 1 0 0 0 1 0 0 0 1 bald2x2.dat
1 0 -50 218 -292 1 0 0 0 1 0 0 0 1 popa4p.dat
1 0 -50 154 28 -1 0 0 0 -1 0 0 0 1 quilla_4.dat
1 0 -80 226 -32 0 0 -1 0 -1 0 -1 0 0 ancl1x2.dat
1 0 -90 178 28 1 0 0 0 -1 0 0 0 -1 bald2.dat
1 0 -30 178 28 1 0 0 0 -1 0 0 0 -1 bald2.dat
1 0 -80 226 -72 0 0 -1 0 -1 0 -1 0 0 ancl1x2.dat
1 0 -20 226 -32 0 0 -1 0 -1 0 -1 0 0 ancl1x2.dat
1 0 -20 226 -72 0 0 -1 0 -1 0 -1 0 0 ancl1x2.dat
1 0 -10 202 -12 0 0 -1 0 -1 0 -1 0 0 jacena4.dat
1 0 -10 178 -12 0 0 -1 0 -1 0 -1 0 0 jacena4.dat
1 0 -70 178 -12 0 0 -1 0 -1 0 -1 0 0 jacena4.dat
1 0 -70 202 -12 0 0 -1 0 -1 0 -1 0 0 jacena4.dat
1 0 -70 162 -12 1 0 0 0 -1 0 0 0 -1 cuna.dat
1 0 -70 154 -12 1 0 0 0 -1 0 0 0 -1 placa2.dat
1 0 -30 154 -92 -1 0 0 0 -1 0 0 0 1 jacen2x2.dat
1 0 -30 274 -232 0 0 -1 0 1 0 1 0 0 jacen2x3.dat
1 0 -30 274 -172 0 0 -1 0 1 0 1 0 0 jacen2x4.dat
1 0 -50 274 -112 -1 0 0 0 1 0 0 0 -1 proa4qui.dat
1 0 -50 242 8 -1 0 0 0 1 0 0 0 -1 bisnrarr.dat
1 0 -30 242 -72 0 0 -1 0 1 0 1 0 0 placa2x2.dat
1 0 -30 234 -72 0 0 -1 0 1 0 1 0 0 placa2x3.dat
1 0 -30 250 -72 0 0 -1 0 1 0 1 0 0 placa2x3.dat
1 0 -50 226 -12 -1 0 0 0 1 0 0 0 -1 enganch2.dat
1 0 -30 226 -12 -1 0 0 0 1 0 0 0 -1 enganch2.dat
1 0 -30 226 -32 -1 0 0 0 1 0 0 0 -1 jacen2x2.dat
1 0 -30 202 -52 -1 0 0 0 1 0 0 0 -1 placa2.dat
1 0 -50 194 -12 -1 0 0 0 1 0 0 0 -1 bisnraba.dat
1 0 -50 194 -12 -1 0 0 0 1 0 0 0 -1 bisnreje.dat
1 0 -50 194 -12 1 0 0 0 -1 0 0 0 -1 bisnraba.dat
1 0 -50 186 -92 1 0 0 0 1 0 0 0 1 bisnraba.dat
1 0 -50 186 -92 1 0 0 0 1 0 0 0 1 bisnreje.dat
1 0 -50 186 -92 -1 0 0 0 -1 0 0 0 1 bisnraba.dat
1 0 -50 242 -132 1 0 0 0 1 0 0 0 1 bisnraba.dat
1 0 -50 242 -132 1 0 0 0 1 0 0 0 1 bisnreje.dat
1 15 -50 234 -152 1 0 0 0 1 0 0 0 1 bisnreje.dat
1 0 -50 242 -132 -1 0 0 0 -1 0 0 0 1 bisnraba.dat
1 8 -30 134 -132 1 0 0 0 0.997564 -0.0697565 0 0.0697565 0.997564 bisnreje.dat
1 8 -70 134 -132 1 0 0 0 0.997564 -0.0697565 0 0.0697565 0.997564 bisnreje.dat
1 8 -50 131.152 -91.298 1 0 0 0 0.997564 -0.0697565 0 0.0697565 0.997564 eje5.dat
1 8 -30 134 -132 -1 0 0 0 -0.964787 -0.263031 0 -0.263031 0.964787 bisnraba.dat
1 8 -70 134 -132 1 0 0 0 1 0 0 0 1 bisnraba.dat
1 4 -30 150 -112 0 0 -1 0 1 0 1 0 0 placa2x3.dat
1 4 -30 150 -172 0 0 -1 0 1 0 1 0 0 placa2x3.dat
1 4 -40 142 -162 -0.92388 0 0.382683 0 1 0 -0.382683 0 -0.92388 chimenea.dat
1 4 -60 142 -162 0.92388 0 0.382683 0 1 0 -0.382683 0 0.92388 chimenea.dat
1 4 -60 142 -62 0.92388 0 -0.382684 0 1 0 0.382684 0 0.92388 chimenea.dat
1 4 -40 142 -62 -0.83147 0 -0.55557 0 1 0 0.55557 0 -0.83147 chimenea.dat
1 15 -30 174 -92 -1 0 0 0 1 0 0 0 -1 jacen2x2.dat
1 15 -70 174 -152 0 0 1 0 1 0 -1 0 0 enganch2.dat
1 15 -30 174 -152 0 0 -1 0 1 0 1 0 0 enganch2.dat
1 15 -30 174 -172 0 0 -1 0 1 0 1 0 0 enganch2.dat
1 15 -70 174 -132 0 0 1 0 1 0 -1 0 0 enganch2.dat
1 15 -70 234 -112 1 0 0 0 0 -1 0 1 0 enganch2.dat
1 15 -50 234 -112 1 0 0 0 0 -1 0 1 0 enganch2.dat
1 15 -50 174 -112 -1 0 0 0 0 1 0 1 0 enganch2.dat
1 15 -30 174 -112 -1 0 0 0 0 1 0 1 0 enganch2.dat
1 15 -30 194 -72 -1 0 0 0 0 1 0 1 0 enganch2.dat
1 15 -50 194 -72 -1 0 0 0 0 1 0 1 0 enganch2.dat
1 15 -30 194 -96 -1 0 0 0 0 1 0 1 0 placa2.dat
1 15 -30 194 -112 -1 0 0 0 0 1 0 1 0 jacena2.dat
1 15 -30 234 -104 0 0 -1 -1 0 0 0 1 0 placa2x3.dat
1 15 -30 234 -136 0 0 -1 -1 0 0 0 1 0 placa2x3.dat
1 15 -50 234 -152 1 0 0 0 0 -1 0 1 0 bisnraba.dat
1 15 -50 234 -152 -1 0 0 0 1 0 0 0 -1 bisnraba.dat
1 0 -10 222 -211.999 -1 0 0 0 0 1 0 1 0 placa4.dat
1 8 -30 134 -132 1 0 0 0 1 0 0 0 1 bisnraba.dat
1 8 -70 134 -132 -1 0 0 0 -0.964787 -0.263031 0 -0.263031 0.964787 bisnraba.dat
1 8 -70 131.195 -91.305 1 0 0 0 0.263031 0.964787 0 -0.964787 0.263031 bispqarr.dat
1 8 -30 131.195 -91.305 1 0 0 0 0.263031 0.964787 0 -0.964787 0.263031 bispqarr.dat
1 8 -90 111.902 -96.566 0 0 1 -0.964787 0.263031 0 -0.263031 -0.964787 0 placa2x3.dat
1 8 -50 111.902 -96.566 0 0 1 -0.964787 0.263031 0 -0.263031 -0.964787 0 placa2x3.dat
1 8 -70 41.031 -140.762 1 0 0 0 -0.263031 -0.964787 0 0.964787 -0.263031 alfaplac.dat
1 8 28 172.612 -99.277 0 1 0 -0.83147 0 -0.55557 -0.55557 0 0.83147 cuna.dat
1 8 4 172.612 -99.277 0 1 0 -0.83147 0 -0.55557 -0.55557 0 0.83147 bald2.dat
1 8 4 131.001 -91.001 0 1 0 0.55557 0 -0.83147 -0.83147 0 -0.55557 chimplac.dat
1 8 14 194.834 -132.538 -1 0 0 0 0.83147 0.55557 0 0.55557 -0.83147 cilindr.dat
1 8 14 195.929 -119.778 0 0 1 0.55557 0.83147 0 -0.83147 0.55557 0 chimplac.dat
1 8 14 213.695 -131.962 0 0 1 0.55557 0.83147 0 -0.83147 0.55557 0 chimplac.dat
1 8 4 212.598 -144.721 0 0 1 0.55557 0.83147 0 -0.83147 0.55557 0 bald1.dat
1 8 14 235.279 -139.703 0 0 1 0.707107 0.707107 0 -0.707107 0.707107 0 chimenea.dat
1 8 14 238.108 -108.59 0 0 1 0.707107 0.707107 0 -0.707107 0.707107 0 chimtubo.dat
1 8 4 250.836 -110.004 0 0 1 0.707107 0.707107 0 -0.707107 0.707107 0 placa2.dat
1 8 4 236.694 -95.864 0 0 1 0.707107 0.707107 0 -0.707107 0.707107 0 placa1.dat
1 8 4 287.608 -158.087 1 0 0 0 0.707107 -0.707107 0 0.707107 0.707107 bald2r.dat
1 8 -128 139.353 -121.502 0 -1 0 0.83147 0 -0.55557 0.55557 0 0.83147 cuna.dat
1 8 -104 142.111 -107.632 0 -1 0 -0.55557 0 -0.83147 0.83147 0 -0.55557 chimplac.dat
1 8 -104 155.982 -110.391 0 -1 0 0.83147 0 -0.55557 0.55557 0 0.83147 bald2.dat
1 8 -114 194.834 -132.538 -1 0 0 0 0.83147 0.55557 0 0.55557 -0.83147 cilindr.dat
1 8 -114 195.929 -119.778 0 0 1 0.55557 0.83147 0 -0.83147 0.55557 0 chimplac.dat
1 8 -114 213.695 -131.962 0 0 1 0.55557 0.83147 0 -0.83147 0.55557 0 chimplac.dat
1 8 -124 212.598 -144.721 0 0 1 0.55557 0.83147 0 -0.83147 0.55557 0 bald1.dat
1 8 -114 235.279 -139.703 0 0 1 0.707107 0.707107 0 -0.707107 0.707107 0 chimenea.dat
1 8 -114 238.108 -108.59 0 0 1 0.707107 0.707107 0 -0.707107 0.707107 0 chimtubo.dat
1 8 -124 250.836 -110.004 0 0 1 0.707107 0.707107 0 -0.707107 0.707107 0 placa2.dat
1 8 -124 236.694 -95.864 0 0 1 0.707107 0.707107 0 -0.707107 0.707107 0 placa1.dat
1 8 -124 287.608 -158.087 1 0 0 0 0.707107 -0.707107 0 0.707107 0.707107 bald2r.dat
1 0 -80 81.421 -371.958 1 0 0 0 -0.19509 -0.980785 0 0.980785 -0.19509 placa2x3.dat
1 0 -60 102.597 -375.902 1 0 0 0 -0.19509 -0.980785 0 0.980785 -0.19509 enganch2.dat
1 0 -50 73.174 -381.755 1 0 0 0 -0.19509 -0.980785 0 0.980785 -0.19509 jacena1.dat
1 0 -60 69.609 -415.091 0 0 1 0.980785 -0.19509 0 0.19509 0.980785 0 placa1.dat
1 0 -40 51.554 -426.839 -1 0 0 0 -0.19509 0.980785 0 0.980785 0.19509 enganch2.dat
1 0 -30 56.236 -450.378 -1 0 0 0 -0.19509 0.980785 0 0.980785 0.19509 placa2x2.dat
1 0 -70 57.797 -458.224 0 0 1 0.980785 -0.19509 0 0.19509 0.980785 0 bald2.dat
1 0 -50 65.068 -443.523 1 0 0 0 0.19509 0.980785 0 -0.980785 0.19509 soprtmar.dat
1 383 -50 60.386 -419.984 1 0 0 0 0.19509 0.980785 0 -0.980785 0.19509 eje26.dat
1 383 -50 98.546 -499.059 1 0 0 0 0.19509 0.980785 0 -0.980785 0.19509 eje26.dat
1 8 -74 99 -499 0 1 0 0.0697565 0 0.997564 0.997564 0 -0.0697565 chimplac.dat
1 8 -82 99 -499 0 1 0 0.0697565 0 0.997564 0.997564 0 -0.0697565 chimplac.dat
1 8 -26 99 -499 0 -1 0 0.0697565 0 -0.997564 0.997564 0 0.0697565 chimplac.dat
1 8 -18 99 -499 0 -1 0 0.0697565 0 -0.997564 0.997564 0 0.0697565 chimplac.dat
1 0 -30 86.798 -481.004 -1 0 0 0 0.980785 0.19509 0 0.19509 -0.980785 alfaplac.dat
1 0 -30 41.799 -377.8 -1 0 0 0 0.980785 0.19509 0 0.19509 -0.980785 bald2x2r.dat
1 0 -70 57.408 -456.263 1 0 0 0 0.980785 -0.19509 0 0.19509 0.980785 bald2x2r.dat
1 0 -30 78.952 -482.565 0 0 -1 -0.19509 0.980785 0 0.980785 0.19509 0 bald2.dat
1 0 -60 90.785 -419.036 1 0 0 0 -0.19509 -0.980785 0 0.980785 -0.19509 enganch2.dat
1 0 -30 106.435 -456.706 -1 0 0 0 -0.980785 -0.19509 0 -0.19509 0.980785 baldgord.dat
1 0 -30 110.294 -517.114 -1 0 0 0 -0.980785 -0.19509 0 -0.19509 0.980785 bald2x2r.dat
1 0 -30 114.239 -495.938 -1 0 0 0 -0.980785 -0.19509 0 -0.19509 0.980785 bald2x2r.dat
1 0 -30 90.785 -419.036 0 0 -1 0.19509 -0.980785 0 -0.980785 -0.19509 0 placa2x3.dat
1 0 -50 98.546 -499.059 -1 0 0 0 -0.980785 -0.19509 0 -0.19509 0.980785 bisnrarr.dat
1 0 -50 98.546 -499.059 1 0 0 0 0.980785 -0.19509 0 0.19509 0.980785 bisnrarr.dat
1 0 -30 82.896 -461.389 -1 0 0 0 0.980785 0.19509 0 0.19509 -0.980785 placa2.dat
1 0 -20 68.048 -407.245 -1 0 0 0 -0.19509 0.980785 0 0.980785 0.19509 placa2x3.dat
1 0 -20 69.609 -415.091 -1 0 0 0 -0.19509 0.980785 0 0.980785 0.19509 bald2.dat
1 0 -60 69.609 -415.091 -1 0 0 0 -0.19509 0.980785 0 0.980785 0.19509 bald2.dat
1 0 -20 82.982 -379.804 0 0 -1 -0.980785 -0.19509 0 -0.19509 0.980785 0 enganch2.dat
1 0 -20 102.597 -375.902 0 0 -1 -0.980785 -0.19509 0 -0.19509 0.980785 0 enganch2.dat
1 0 -40 43.75 -387.608 -1 0 0 0 -0.19509 0.980785 0 0.980785 0.19509 enganch2.dat
1 0 -80 63.366 -383.705 0 0 1 0.980785 -0.19509 0 0.19509 0.980785 0 enganch2.dat
1 0 -80 82.982 -379.804 0 0 1 0.980785 -0.19509 0 0.19509 0.980785 0 enganch2.dat
1 0 -80 108.84 -407.287 0 1 0 -0.980785 0 -0.19509 -0.19509 0 0.980785 bald2x2r.dat
1 15 -70 60.386 -419.983 0 1 0 -0.19509 0 0.980785 0.980785 0 0.19509 chimplac.dat
1 0 -62 60.386 -419.983 0 1 0 0.19509 0 -0.980785 -0.980785 0 -0.19509 chimplac.dat
1 0 -78 44.725 -392.512 0 1 0 0.980785 0 0.19509 0.19509 0 -0.980785 bald1.dat
1 0 -20 69.609 -415.09 0 -1 0 0.980785 0 -0.19509 0.19509 0 0.980785 bald2x2r.dat
1 0 -70 63.771 -471.217 0 1 0 -0.300706 0 0.953717 0.953717 0 0.300706 bald2x2r.dat
1 0 -30 51.744 -433.069 0 -1 0 0.300706 0 0.953717 -0.953717 0 0.300706 bald2x2r.dat
1 0 -40 60.386 -419.983 0 -1 0 0.19509 0 0.980785 -0.980785 0 0.19509 chimplac.dat
1 15 -32 60.386 -419.983 0 -1 0 -0.19509 0 -0.980785 0.980785 0 -0.19509 chimplac.dat
1 0 -24 44.726 -392.511 0 -1 0 0.19509 0 0.980785 -0.980785 0 0.19509 bald1.dat
1 0 -30 109.996 -415.257 -1 0 0 0 -0.980785 -0.19509 0 -0.19509 0.980785 bald2x2r.dat
1 0 -130 250.353 38.502 0 -1 0 0.831469 0 0.55557 -0.55557 0 0.831469 popa6qui.dat
1 0 -130 250.353 38.502 0 -1 0 -0.831469 0 -0.55557 0.55557 0 -0.831469 enganch2.dat
1 0 -130 233.723 49.611 0 -1 0 -0.831469 0 -0.55557 0.55557 0 -0.831469 enganch2.dat
1 0 -130 233.723 49.611 1 0 0 0 -0.55557 0.831469 0 -0.831469 -0.55557 pico.dat
1 0 -130 263.686 58.455 1 0 0 0 -0.55557 0.831469 0 -0.831469 -0.55557 pico.dat
1 0 -130 250.353 38.502 0 0 1 -0.831469 -0.55557 0 0.55557 -0.831469 0 enganch2.dat
1 0 -130 272.577 71.757 0 1 0 0.831469 0 -0.55557 -0.55557 0 -0.831469 bald2x2r.dat
1 0 -130 255.946 82.87 0 1 0 0.831469 0 -0.55557 -0.55557 0 -0.831469 bald2r.dat
1 0 -130 305.834 49.536 1 0 0 0 -0.831469 -0.55557 0 0.55557 -0.831469 baldgord.dat
1 0 -130 266.981 27.389 0 0 1 -0.831469 -0.55557 0 0.55557 -0.831469 0 enganch2.dat
1 0 -130 283.611 16.277 0 0 1 -0.831469 -0.55557 0 0.55557 -0.831469 0 enganch2.dat
1 0 -130 296.946 36.232 0 0 1 -0.831469 -0.55557 0 0.55557 -0.831469 0 placa2x2.dat
1 0 -130 301.39 42.884 0 0 1 -0.831469 -0.55557 0 0.55557 -0.831469 0 respirad.dat
1 0 -110 308.091 88.919 0 0 1 -0.831469 -0.55557 0 0.55557 -0.831469 0 chimttnc.dat
1 0 -110 290.314 62.311 0 0 1 -0.831469 -0.55557 0 0.55557 -0.831469 0 chimttnc.dat
1 0 -90 233.723 49.611 0 0 -1 0.831469 -0.55557 0 -0.55557 -0.831469 0 jacena2.dat
1 0 -90 283.611 16.277 -1 0 0 0 -0.55557 -0.831469 0 -0.831469 0.55557 enganch2.dat
1 0 -130 283.611 16.277 0 -1 0 -0.831469 0 -0.55557 0.55557 0 -0.831469 enganch2.dat
1 0 -106 300.241 5.165 0 -1 0 -0.831469 0 -0.55557 0.55557 0 -0.831469 placa2x2.dat
1 0 -98 300.241 5.165 0 -1 0 -0.831469 0 -0.55557 0.55557 0 -0.831469 bald2x2.dat
1 0 -98 233.723 49.611 0 -1 0 -0.831469 0 -0.55557 0.55557 0 -0.831469 bald2x2.dat
1 0 -106 233.723 49.611 0 -1 0 -0.831469 0 -0.55557 0.55557 0 -0.831469 placa2x2.dat
1 0 -106 233.723 49.611 0 -1 0 -0.55557 0 0.831469 -0.831469 0 -0.55557 bald2.dat
1 0 -130 266.981 27.389 0 -1 0 -0.831469 0 -0.55557 0.55557 0 -0.831469 enganch2.dat
1 0 -106 228.129 5.241 0 -1 0 0.831469 0 0.55557 -0.55557 0 0.831469 popa6rem.dat
1 0 -106 242 8 0 -1 0 -0.831469 0 -0.55557 0.55557 0 -0.831469 chimplac.dat
1 0 30 261.388 32.982 0 1 0 -0.55557 0 0.83147 0.83147 0 0.55557 popa6qui.dat
1 0 30 250.277 49.611 0 1 0 0.55557 0 -0.83147 -0.83147 0 -0.55557 enganch2.dat
1 0 30 261.388 32.982 0 1 0 0.55557 0 -0.83147 -0.83147 0 -0.55557 enganch2.dat
1 0 30 272.499 16.353 0 1 0 0.55557 0 -0.83147 -0.83147 0 -0.55557 enganch2.dat
1 0 30 239.165 66.24 0 1 0 0.55557 0 -0.83147 -0.83147 0 -0.55557 enganch2.dat
1 0 -2 228.053 82.87 0 1 0 0.55557 0 -0.83147 -0.83147 0 -0.55557 bald2x2.dat
1 0 6 228.053 82.87 0 1 0 0.55557 0 -0.83147 -0.83147 0 -0.55557 placa2x2.dat
1 0 6 272.499 16.353 0 1 0 0.55557 0 -0.83147 -0.83147 0 -0.55557 placa2x2.dat
1 0 -2 272.499 16.353 0 1 0 0.55557 0 -0.83147 -0.83147 0 -0.55557 bald2x2.dat
1 0 6 272.499 16.353 0 1 0 -0.83147 0 -0.55557 -0.55557 0 0.83147 bald2.dat
1 0 10 307.09 39.671 1 0 0 0 -0.83147 0.55557 0 -0.55557 -0.83147 chimttnc.dat
1 0 10 333.697 57.449 1 0 0 0 -0.83147 0.55557 0 -0.55557 -0.83147 chimttnc.dat
1 0 10 340.348 61.895 1 0 0 0 -0.83147 0.55557 0 -0.55557 -0.83147 cilindro.dat
1 0 10 313.741 44.116 1 0 0 0 -0.83147 0.55557 0 -0.55557 -0.83147 cilindro.dat
1 0 -110 346.946 111.063 1 0 0 0 0.83147 0.555571 0 -0.555571 0.83147 mastilh.dat
1 0 -110 346.946 111.063 1 0 0 0 0.92388 -0.382683 0 0.382683 0.92388 mastilm.dat
1 0 -110 391.954 151.355 0 0 1 0.382683 0.92388 0 -0.92388 0.382683 0 chimtubo.dat
1 0 -110 355.262 114.508 0 0 -1 0.382683 -0.92388 0 -0.92388 -0.382683 0 tubo.dat
1 77 -110 438.665 166.835 0 -1 0 0.707107 0 0.707107 -0.707107 0 0.707107 conotanq.dat
1 0 -110 421.695 149.862 0 0 1 0.707107 0.707107 0 -0.707107 0.707107 0 chimenea.dat
1 0 -110 411.488 140.493 0 0 1 0.55557 0.831469 0 -0.831469 0.55557 0 chimenea.dat
1 0 -110 294.459 68.821 1 0 0 0 -0.555571 0.83147 0 -0.83147 -0.555571 cilindro.dat
1 0 -110 312.237 95.428 1 0 0 0 -0.555571 0.83147 0 -0.83147 -0.555571 cilindro.dat
1 0 -10 287.996 50.76 1 0 0 0 -0.83147 0.55557 0 -0.55557 -0.83147 respirad.dat
1 0 -10 281.343 46.316 1 0 0 0 -0.83147 0.55557 0 -0.55557 -0.83147 placa2x2.dat
1 0 -10 250.277 49.611 1 0 0 0 -0.83147 0.55557 0 -0.55557 -0.83147 pico.dat
1 0 -10 316.869 21.946 1 0 0 0 -0.55557 -0.83147 0 0.83147 -0.55557 baldgord.dat
1 0 30 316.869 21.946 0 -1 0 -0.55557 0 -0.83147 0.83147 0 -0.55557 bald2x2r.dat
1 0 30 294.647 55.204 0 -1 0 -0.55557 0 -0.83147 0.83147 0 -0.55557 bald2r.dat
1 0 30 261.388 32.982 0 0 -1 0.55557 -0.83147 0 -0.83147 -0.55557 0 enganch2.dat
1 0 30 272.499 16.353 0 0 -1 0.55557 -0.83147 0 -0.83147 -0.55557 0 enganch2.dat
1 0 10 272.499 16.353 0 0 -1 0.55557 -0.83147 0 -0.83147 -0.55557 0 enganch2.dat
1 0 10 250.277 49.611 0 0 -1 0.55557 -0.83147 0 -0.83147 -0.55557 0 jacena2.dat
1 0 30 250.277 49.611 0 0 -1 0.55557 -0.83147 0 -0.83147 -0.55557 0 enganch2.dat
1 0 -10 281.343 46.316 1 0 0 0 -0.83147 0.55557 0 -0.55557 -0.83147 pico.dat
1 0 5.999 228.129 10.759 0 1 0 -0.55557 0 0.83147 0.83147 0 0.55557 popa6rem.dat
1 0 6 242 7.999 0 1 0 -0.55557 0 0.83147 0.83147 0 0.55557 chimplac.dat
0
