0 Untitled
0 Name: LondonTowerBridge3.ldr
0 Author: MLCad
0 Unofficial Model
0 ROTATION CENTER 1355.69 72 -1226.19 1 "Custom" 
0 ROTATION CONFIG -2 1
0 MLCAD BTG Group name
1 8 -180 -16.001 0 -1 0 0 0 -1 0 0 0 1 popa_6.dat
0 MLCAD BTG Group name
1 8 -180 7.999 -20 -1 0 0 0 -1 0 0 0 1 popa_6.dat
0 MLCAD BTG Group name
1 8 -180 32 -60 -1 0 0 0 -1 0 0 0 1 popa6rem.dat
0 MLCAD BTG Group name
1 8 -140 8 100 0 0 -1 0 -1 0 -1 0 0 placa4x6.dat
0 MLCAD BTG Group name
1 8 -140 24 100 0 0 -1 0 -1 0 -1 0 0 placa4x6.dat
0 MLCAD BTG Group name
1 8 -220 16 20 0 0 1 0 -1 0 1 0 0 placa4x8.dat
0 MLCAD BTG Group name
1 8 -160 32 60 1 0 0 0 -1 0 0 0 -1 remate62.dat
0 MLCAD BTG Group name
1 8 -240 32 140 1 0 0 0 -1 0 0 0 -1 remate_6.dat
0 MLCAD BTG Group name
1 8 -120 8 -20 0 0 1 0 -1 0 1 0 0 jacena6.dat
0 MLCAD BTG Group name
1 8 -220 8 -20 0 0 1 0 -1 0 1 0 0 jacena6.dat
0 MLCAD BTG Group name
1 8 -200 32 -60 -1 0 0 0 -1 0 0 0 1 remate62.dat
0 MLCAD BTG Group name
1 8 -180 -40 -20 1 0 0 0 1 0 0 0 1 popa6rem.dat
0 MLCAD BTG v
1 1 -74.745 -10.746 100 0 0.707107 0.707107 0 0.707107 -0.707107 -1 0 0 helcolhu.dat
0 MLCAD BTG v
1 15 -52.119 -101.255 80 0 0.707107 0.707107 0 0.707107 -0.707107 -1 0 0 remate62.dat
0 MLCAD BTG v
1 8 -43.633 -121.054 100 0 0.707107 -0.707107 0 0.707107 0.707107 1 0 0 bald2x2.dat
0 MLCAD BTG v
1 8 -43.633 -121.054 60 0 0.707107 -0.707107 0 0.707107 0.707107 1 0 0 bald2x2.dat
0 MLCAD BTG Group name
1 8 -240 -48.001 100 0 0 -1 0 1 0 1 0 0 bald2x2.dat
0 MLCAD BTG Group name
1 8 -240 -48.001 60 0 0 -1 0 1 0 1 0 0 bald2x2.dat
0 MLCAD BTG Group name
1 8 -280 -48.001 100 0 0 -1 0 1 0 1 0 0 bald2x2.dat
0 MLCAD BTG Group name
1 8 -280 -48.001 60 0 0 -1 0 1 0 1 0 0 bald2x2.dat
0 MLCAD BTG Group name
1 8 -320 -48.001 100 0 0 -1 0 1 0 1 0 0 bald2x2.dat
0 MLCAD BTG Group name
1 8 -320 -48.001 60 0 0 -1 0 1 0 1 0 0 bald2x2.dat
0 MLCAD BTG Group name
1 8 -360 -48.001 100 0 0 -1 0 1 0 1 0 0 bald2x2.dat
0 MLCAD BTG Group name
1 8 -360 -48.001 60 0 0 -1 0 1 0 1 0 0 bald2x2.dat
0 MLCAD BTG Group name
1 8 -400 -48.001 100 0 0 -1 0 1 0 1 0 0 bald2x2.dat
0 MLCAD BTG Group name
1 8 -400 -48.001 60 0 0 -1 0 1 0 1 0 0 bald2x2.dat
0 MLCAD BTG v
1 8 -120 -56 80 0 0.707107 0.707107 0 0.707107 -0.707107 -1 0 0 bisnraba.dat
0 MLCAD BTG v
1 8 -120 -56 120 0 0.707107 0.707107 0 0.707107 -0.707107 -1 0 0 bisnraba.dat
0 MLCAD BTG Group name
1 8 -120 -56 120 0 0 -1 0 1 0 1 0 0 bisnraba.dat
0 MLCAD BTG Group name
1 8 -160 -48 100 0 0 -1 0 1 0 1 0 0 bald2x2.dat
0 MLCAD BTG Group name
1 8 -160 -48 60 0 0 -1 0 1 0 1 0 0 bald2x2.dat
0 MLCAD BTG Group name
1 8 -200 -48 100 0 0 -1 0 1 0 1 0 0 bald2x2.dat
0 MLCAD BTG Group name
1 8 -200 -48 60 0 0 -1 0 1 0 1 0 0 bald2x2.dat
0 MLCAD BTG Group name
1 8 -120 -56 80 0 0 -1 0 1 0 1 0 0 bisnraba.dat
0 MLCAD BTG Group name
1 8 -120 -56 80 0 0 -1 0 1 0 1 0 0 bisnreje.dat
0 MLCAD BTG Group name
1 8 -120 -56 120 0 0 -1 0 1 0 1 0 0 bisnreje.dat
0 MLCAD BTG v
1 8 -15.35 -149.337 60 0 0.707107 -0.707107 0 0.707107 0.707107 1 0 0 bald2x2.dat
0 MLCAD BTG v
1 8 -15.35 -149.337 100 0 0.707107 -0.707107 0 0.707107 0.707107 1 0 0 bald2x2.dat
0 MLCAD BTG v
1 8 12.936 -177.622 60 0 0.707107 -0.707107 0 0.707107 0.707107 1 0 0 bald2x2.dat
0 MLCAD BTG v
1 8 41.221 -205.906 60 0 0.707107 -0.707107 0 0.707107 0.707107 1 0 0 bald2x2.dat
0 MLCAD BTG v
1 8 41.221 -205.906 100 0 0.707107 -0.707107 0 0.707107 0.707107 1 0 0 bald2x2.dat
0 MLCAD BTG v
1 8 69.504 -234.191 60 0 0.707107 -0.707107 0 0.707107 0.707107 1 0 0 bald2x2.dat
0 MLCAD BTG v
1 8 83.647 -248.333 100 -0.707107 0.707107 0 0.707107 0.707107 0 0 0 -1 bald2.dat
0 MLCAD BTG v
1 8 83.646 -248.332 140 -0.707107 0.707107 0 0.707107 0.707107 0 0 0 -1 bald2.dat
0 MLCAD BTG v
1 8 -71.918 -92.769 100 -0.707107 0.707107 0 0.707107 0.707107 0 0 0 -1 bald2.dat
0 MLCAD BTG v
1 8 -71.917 -92.77 140 -0.707107 0.707107 0 0.707107 0.707107 0 0 0 -1 bald2.dat
0 MLCAD BTG v
1 8 12.936 -177.622 100 0 0.707107 -0.707107 0 0.707107 0.707107 1 0 0 bald2x2.dat
0 MLCAD BTG v
1 8 69.504 -234.191 100 0 0.707107 -0.707107 0 0.707107 0.707107 1 0 0 bald2x2.dat
0 MLCAD BTG v
1 15 32.735 -186.107 119.999 0 0.707107 -0.707107 0 0.707107 0.707107 1 0 0 remate62.dat
0 MLCAD BTG v
1 1 -9.69 -143.682 119.999 -0.707107 0.707107 0 0.707107 0.707107 0 0 0 -1 placa2x3.dat
0 MLCAD BTG v
1 1 32.735 -186.107 119.999 -0.707107 0.707107 0 0.707107 0.707107 0 0 0 -1 placa2x3.dat
0 MLCAD BTG v
1 15 32.735 -186.107 160 0 0.707107 0.707107 0 0.707107 -0.707107 -1 0 0 remate_6.dat
0 MLCAD BTG Group name
1 8 -440 -48.001 100 0 0 -1 0 1 0 1 0 0 bald2x2.dat
0 MLCAD BTG Group name
1 8 -440 -48.001 60 0 0 -1 0 1 0 1 0 0 bald2x2.dat
0 MLCAD BTG Group name
1 8 -480 -48.001 100 0 0 -1 0 1 0 1 0 0 bald2x2.dat
0 MLCAD BTG Group name
1 8 -480 -48.001 60 0 0 -1 0 1 0 1 0 0 bald2x2.dat
0 MLCAD BTG Group name
1 8 -520 -48.001 100 0 0 -1 0 1 0 1 0 0 bald2x2.dat
0 MLCAD BTG Group name
1 8 -520 -48.001 60 0 0 -1 0 1 0 1 0 0 bald2x2.dat
0 MLCAD BTG Group name
1 8 -560 -48.001 100 0 0 -1 0 1 0 1 0 0 bald2x2.dat
0 MLCAD BTG Group name
1 8 -560 -48.001 60 0 0 -1 0 1 0 1 0 0 bald2x2.dat
0 MLCAD BTG Group name
1 8 -600 -48.001 100 0 0 -1 0 1 0 1 0 0 bald2x2.dat
0 MLCAD BTG Group name
1 8 -600 -48.001 60 0 0 -1 0 1 0 1 0 0 bald2x2.dat
0 MLCAD BTG Group name
1 8 -640 -48.001 100 0 0 -1 0 1 0 1 0 0 bald2x2.dat
0 MLCAD BTG Group name
1 8 -640 -48.001 60 0 0 -1 0 1 0 1 0 0 bald2x2.dat
0 MLCAD BTG Group name
1 8 -680 -48.001 100 0 0 -1 0 1 0 1 0 0 bald2x2.dat
0 MLCAD BTG Group name
1 8 -680 -48.001 60 0 0 -1 0 1 0 1 0 0 bald2x2.dat
0 MLCAD BTG Group name
1 8 -720 -48.001 100 0 0 -1 0 1 0 1 0 0 bald2x2.dat
0 MLCAD BTG Group name
1 8 -720 -48.001 60 0 0 -1 0 1 0 1 0 0 bald2x2.dat
0 MLCAD BTG Group name
1 8 -760 -48.001 100 0 0 -1 0 1 0 1 0 0 bald2x2.dat
0 MLCAD BTG Group name
1 8 -760 -48.001 60 0 0 -1 0 1 0 1 0 0 bald2x2.dat
0 MLCAD BTG Group name
1 8 -800 -48.001 100 0 0 -1 0 1 0 1 0 0 bald2x2.dat
0 MLCAD BTG Group name
1 8 -800 -48.001 60 0 0 -1 0 1 0 1 0 0 bald2x2.dat
0 MLCAD BTG Group name
1 8 -840 -48.001 100 0 0 -1 0 1 0 1 0 0 bald2x2.dat
0 MLCAD BTG Group name
1 8 -840 -48.001 60 0 0 -1 0 1 0 1 0 0 bald2x2.dat
0 MLCAD BTG Group name
1 8 -880 -48.001 100 0 0 -1 0 1 0 1 0 0 bald2x2.dat
0 MLCAD BTG Group name
1 8 -880 -48.001 60 0 0 -1 0 1 0 1 0 0 bald2x2.dat
0 MLCAD BTG Group name
1 8 -920 -48.001 100 0 0 -1 0 1 0 1 0 0 bald2x2.dat
0 MLCAD BTG Group name
1 8 -920 -48.001 60 0 0 -1 0 1 0 1 0 0 bald2x2.dat
0 MLCAD BTG Group name
1 8 -960 -48.001 100 0 0 -1 0 1 0 1 0 0 bald2x2.dat
0 MLCAD BTG Group name
1 8 -960 -48.001 60 0 0 -1 0 1 0 1 0 0 bald2x2.dat
0 MLCAD BTG Group name
1 8 -1000 -48.001 100 0 0 -1 0 1 0 1 0 0 bald2x2.dat
0 MLCAD BTG Group name
1 8 -1000 -48.001 60 0 0 -1 0 1 0 1 0 0 bald2x2.dat
0 MLCAD BTG v
1 15 -108.683 -44.689 160 0 0.707107 0.707107 0 0.707107 -0.707107 -1 0 0 remate_6.dat
0 MLCAD BTG v
1 1 -74.747 -10.744 140 0 0.707107 0.707107 0 0.707107 -0.707107 -1 0 0 helcolhu.dat
0 GROUP 24 v
0 MLCAD BTG Group name
1 8 -180 -24 -20 -1 0 0 0 -1 0 0 0 1 popa6p.dat
0 MLCAD BTG Group name
1 8 -120 -16 100 0 0 1 0 1 0 -1 0 0 jacena6.dat
0 MLCAD BTG Group name
1 8 -140 -40 140 0 0 1 0 1 0 -1 0 0 placa4.dat
0 MLCAD BTG Group name
1 8 -300 -40 80 1 0 0 0 1 0 0 0 1 placa2x8.dat
0 MLCAD BTG Group name
1 8 -460 -40 80 1 0 0 0 1 0 0 0 1 placa2x8.dat
0 MLCAD BTG Group name
1 8 -620 -40 80 1 0 0 0 1 0 0 0 1 placa2x8.dat
0 MLCAD BTG Group name
1 15 -780 -40 80 1 0 0 0 1 0 0 0 1 placa2x8.dat
0 MLCAD BTG Group name
1 8 -940 -40 80 1 0 0 0 1 0 0 0 1 placa2x8.dat
0 MLCAD BTG Group name
1 8 -1000 -40 80 1 0 0 0 1 0 0 0 1 placa2x3.dat
0 MLCAD BTG Group name
1 8 -1060 -40 100 1 0 0 0 1 0 0 0 1 placa2x3.dat
0 MLCAD BTG Group name
1 8 -1060 -40 60 1 0 0 0 1 0 0 0 1 placa2x3.dat
0 MLCAD BTG Group name
1 1 -400 -32 40 1 0 0 0 1 0 0 0 1 placa6x8.dat
0 MLCAD BTG Group name
1 8 -980 -156 60 -1 0 0 0 1 0 0 0 -1 placa4.dat
0 MLCAD BTG Group name
1 8 -980 -156 160 -1 0 0 0 1 0 0 0 -1 placa4.dat
0 MLCAD BTG Group name
1 8 -1000 -156 120 0 0 1 0 1 0 -1 0 0 placa2.dat
0 MLCAD BTG Group name
1 8 -1060 -156 120 0 0 1 0 1 0 -1 0 0 placa2.dat
0 MLCAD BTG Group name
1 8 -1010 -164 130 0 0 1 0 1 0 -1 0 0 placa2x3.dat
0 MLCAD BTG Group name
1 8 -1070 -164 130 0 0 1 0 1 0 -1 0 0 placa2x3.dat
0 MLCAD BTG Group name
1 0 -1030 -180 140 0 0 1 0 1 0 -1 0 0 pico.dat
0 MLCAD BTG Group name
1 0 -1030 -180 100 0 0 1 0 1 0 -1 0 0 pico.dat
0 MLCAD BTG Group name
1 0 -1010 -180 60 0 0 -1 0 1 0 1 0 0 pico.dat
0 MLCAD BTG Group name
1 0 -1010 -180 100 0 0 -1 0 1 0 1 0 0 pico.dat
0 MLCAD BTG Group name
1 0 -1010 -188 50 0 0 -1 0 1 0 1 0 0 placa4.dat
0 MLCAD BTG Group name
1 8 -1010 -180 70 0 0 -1 0 1 0 1 0 0 placa4.dat
0 MLCAD BTG Group name
1 8 -1010 -180 50 0 0 -1 0 1 0 1 0 0 placa1.dat
0 MLCAD BTG Group name
1 0 -1010 -188 130 0 0 -1 0 1 0 1 0 0 placa1.dat
0 MLCAD BTG Group name
1 383 -1020 -215 140 0 0 -1 1 0 0 0 -1 0 eje15.dat
0 MLCAD BTG Group name
1 383 -1020 -215 60 0 0 -1 1 0 0 0 -1 0 eje15.dat
0 MLCAD BTG Group name
1 0 -1010 -196 110 0 0 -1 0 1 0 1 0 0 placa1.dat
0 MLCAD BTG Group name
1 0 -1010 -204 70 0 0 -1 0 1 0 1 0 0 placa1.dat
0 MLCAD BTG Group name
1 0 -1020 -212 120 -1 0 0 0 1 0 0 0 -1 piquito.dat
0 MLCAD BTG Group name
1 0 -1020 -212 100 -1 0 0 0 1 0 0 0 -1 piquito.dat
0 MLCAD BTG Group name
1 0 -1020 -212 80 -1 0 0 0 1 0 0 0 -1 piquito.dat
0 MLCAD BTG Group name
1 0 -1010 -196 70 0 0 -1 0 1 0 1 0 0 placa2.dat
0 MLCAD BTG Group name
1 0 -1010 -204 90 0 0 -1 0 1 0 1 0 0 placa2.dat
0 MLCAD BTG Group name
1 8 -1020 -156 100 0 0 -1 0 1 0 1 0 0 amortigu.dat
0 MLCAD BTG Group name
1 8 -1020 -156 120 0 0 -1 0 1 0 1 0 0 amortigu.dat
0 MLCAD BTG Group name
1 8 -1020 -156 80 0 0 -1 0 1 0 1 0 0 amortigu.dat
0 MLCAD BTG Group name
1 8 -1060 -172 120 0 0 1 0 1 0 -1 0 0 piquito.dat
0 MLCAD BTG Group name
1 8 -1050 -172 160 0 0 1 0 1 0 -1 0 0 piquito.dat
0 MLCAD BTG Group name
1 8 -990 -172 160 0 0 1 0 1 0 -1 0 0 piquito.dat
0 MLCAD BTG Group name
1 8 -1010 -172 160 0 0 1 0 1 0 -1 0 0 piquito.dat
0 MLCAD BTG Group name
1 8 -1030 -172 160 0 0 1 0 1 0 -1 0 0 piquito.dat
0 MLCAD BTG Group name
1 8 -1050 -172 40 0 0 1 0 1 0 -1 0 0 piquito.dat
0 MLCAD BTG Group name
1 8 -990 -172 40 0 0 1 0 1 0 -1 0 0 piquito.dat
0 MLCAD BTG Group name
1 8 -1010 -172 40 0 0 1 0 1 0 -1 0 0 piquito.dat
0 MLCAD BTG Group name
1 8 -1030 -172 40 0 0 1 0 1 0 -1 0 0 piquito.dat
0 MLCAD BTG Group name
1 8 -1060 -172 70 0 0 1 0 1 0 -1 0 0 bald2.dat
0 MLCAD BTG Group name
1 8 -1020 -172 70 0 0 1 0 1 0 -1 0 0 bald2.dat
0 MLCAD BTG Group name
1 8 -1060 -172 150 0 0 1 0 1 0 -1 0 0 bald2.dat
0 MLCAD BTG Group name
1 8 -1020 -172 150 0 0 1 0 1 0 -1 0 0 bald2.dat
0 MLCAD BTG Group name
1 8 -1060 -172 80 0 0 1 0 1 0 -1 0 0 piquito.dat
0 MLCAD BTG Group name
1 8 -1060 -172 100 0 0 1 0 1 0 -1 0 0 pivote.dat
0 MLCAD BTG Group name
1 8 -980 -172 120 0 0 1 0 1 0 -1 0 0 piquito.dat
0 MLCAD BTG Group name
1 8 -980 -172 80 0 0 1 0 1 0 -1 0 0 piquito.dat
0 MLCAD BTG Group name
1 8 -980 -172 100 0 0 1 0 1 0 -1 0 0 pivote.dat
0 MLCAD BTG Group name
1 8 -1020 -164 170 -1 0 0 0 1 0 0 0 -1 placa2x2.dat
0 MLCAD BTG Group name
1 8 -980 -164 170 -1 0 0 0 1 0 0 0 -1 placa2x2.dat
0 MLCAD BTG Group name
1 8 -1020 -164 70 -1 0 0 0 1 0 0 0 -1 placa2x2.dat
0 MLCAD BTG Group name
1 8 -980 -164 70 -1 0 0 0 1 0 0 0 -1 placa2x2.dat
0 MLCAD BTG Group name
1 8 -980 -148 40 0 0 -1 0 1 0 1 0 0 placa4x6.dat
0 MLCAD BTG Group name
1 8 -1020 -108 64 -1 0 0 0 0 1 0 1 0 paracq21.dat
0 MLCAD BTG Group name
1 8 -1060 -148 48 0 0 1 1 0 0 0 1 0 placa2x3.dat
0 MLCAD BTG Group name
1 8 -1020 -128 48 0 0 1 1 0 0 0 1 0 placa2x2.dat
0 MLCAD BTG Group name
1 8 -1060 -108 56 0 0 1 1 0 0 0 1 0 placa2x3.dat
0 MLCAD BTG Group name
1 8 -1020 -108 56 0 0 1 1 0 0 0 1 0 placa2x3.dat
0 MLCAD BTG Group name
1 8 -1060 -128 64 0 0 1 1 0 0 0 1 0 placa2x3.dat
0 MLCAD BTG Group name
1 8 -1020 -128 64 0 0 1 1 0 0 0 1 0 placa2x3.dat
0 MLCAD BTG Group name
1 8 -1060 -88 48 0 0 1 1 0 0 0 1 0 placa2x2.dat
0 MLCAD BTG Group name
1 8 -1000 -148 56 -1 0 0 0 0 1 0 1 0 placa2x3.dat
0 MLCAD BTG Group name
1 8 -1000 -148 56 0 0 1 1 0 0 0 1 0 placa2.dat
0 MLCAD BTG Group name
1 1 -970 -138 48 -1 0 0 0 0 1 0 1 0 chimplac.dat
0 MLCAD BTG Group name
1 383 -971 -139 36 0 -1 0 0 0 1 -1 0 0 eje15.dat
0 MLCAD BTG Group name
1 383 -971 -139 163 0 -1 0 0 0 1 -1 0 0 eje15.dat
0 MLCAD BTG Group name
1 1 -730 -82 36 -0.960975 0 0.276635 0.276635 0 0.960975 0 1 0 chimplac.dat
0 MLCAD BTG Group name
1 1 -749.218 -76.468 28 -0.981229 0 0.192847 0.192847 0 0.981229 0 1 0 chimplac.dat
0 MLCAD BTG Group name
1 1 -768.845 -72.61 36 -0.994191 0 0.107626 0.107626 0 0.994191 0 1 0 chimplac.dat
0 MLCAD BTG Group name
1 1 -788.726 -70.456 28 -0.999767 0 0.0216055 0.0216055 0 0.999767 0 1 0 chimplac.dat
0 MLCAD BTG Group name
1 1 -808.724 -70.022 36 -0.997913 0 -0.0645759 -0.0645759 0 0.997913 0 1 0 chimplac.dat
0 MLCAD BTG Group name
1 1 -828.684 -71.317 28 -0.988644 0 -0.150277 -0.150277 0 0.988644 0 1 0 chimplac.dat
0 MLCAD BTG Group name
1 1 -848.454 -74.323 36 -0.972029 0 -0.234862 -0.234862 0 0.972029 0 1 0 chimplac.dat
0 MLCAD BTG Group name
1 1 -867.894 -79.02 28 -0.948191 0 -0.317702 -0.317702 0 0.948191 0 1 0 chimplac.dat
0 MLCAD BTG Group name
1 1 -886.856 -85.374 36 -0.917307 0 -0.398181 -0.398181 0 0.917307 0 1 0 chimplac.dat
0 MLCAD BTG Group name
1 1 -905.205 -93.335 28 -0.879607 0 -0.475701 -0.475701 0 0.879607 0 1 0 chimplac.dat
0 MLCAD BTG Group name
1 1 -922.796 -102.85 36 -0.835371 0 -0.549686 -0.549686 0 0.835371 0 1 0 chimplac.dat
0 MLCAD BTG Group name
1 1 -939.504 -113.844 28 -0.784928 0 -0.619587 -0.619587 0 0.784928 0 1 0 chimplac.dat
0 MLCAD BTG Group name
1 1 -955.203 -126.236 36 -0.784928 0 -0.619587 -0.619587 0 0.784928 0 1 0 chimplac.dat
0 MLCAD BTG Group name
1 8 -1020 -88 48 0 0 1 1 0 0 0 1 0 placa2x2.dat
0 MLCAD BTG Group name
1 8 -1040 -148 80 -1 0 0 0 0 1 0 1 0 enganch2.dat
0 MLCAD BTG Group name
1 8 -980 -148 88 -1 0 0 0 0 1 0 1 0 placa4.dat
0 MLCAD BTG Group name
1 8 -1020 -148 80 -1 0 0 0 0 1 0 1 0 enganch2.dat
0 MLCAD BTG Group name
1 8 -1000 -148 80 -1 0 0 0 0 1 0 1 0 enganch2.dat
0 MLCAD BTG Group name
1 8 -980 -148 80 -1 0 0 0 0 1 0 1 0 enganch2.dat
0 MLCAD BTG Group name
1 8 -1020 -140 90 0 1 0 0 0 1 1 0 0 enganch2.dat
0 MLCAD BTG Group name
1 8 -1044 -140 90 0 1 0 0 0 1 1 0 0 placa1.dat
0 MLCAD BTG Group name
1 8 -1052 -140 90 0 1 0 0 0 1 1 0 0 placa1.dat
0 MLCAD BTG Group name
1 8 -1060 -160 80 0 1 0 0 0 1 1 0 0 bald2x2r.dat
0 MLCAD BTG Group name
1 8 -1020 -140 110 0 -1 0 0 0 1 -1 0 0 enganch2.dat
0 MLCAD BTG Group name
1 8 -995.999 -140 110 0 -1 0 0 0 1 -1 0 0 placa1.dat
0 MLCAD BTG Group name
1 8 -988.001 -140 110 0 -1 0 0 0 1 -1 0 0 placa1.dat
0 MLCAD BTG Group name
1 8 -980 -160 120 0 -1 0 0 0 1 -1 0 0 bald2x2r.dat
0 MLCAD BTG Group name
1 8 -1040 -140 90 1 0 0 0 1 0 0 0 1 placa2.dat
0 MLCAD BTG Group name
1 8 -1060 -68 40 0 0 1 1 0 0 0 1 0 placa2x3.dat
0 MLCAD BTG Group name
1 8 -1020 -68 40 0 0 1 1 0 0 0 1 0 placa2x3.dat
0 MLCAD BTG Group name
1 8 -1020 -68 40 -1 0 0 0 0 1 0 1 0 tejado.dat
0 MLCAD BTG Group name
1 8 -1020 -108 40 0 0 -1 -1 0 0 0 1 0 bald2x2.dat
0 MLCAD BTG Group name
1 8 -980 -108 40 0 0 -1 -1 0 0 0 1 0 bald2x2.dat
0 MLCAD BTG Group name
1 8 -980 -68 40 -1 0 0 0 0 1 0 1 0 tejado.dat
0 MLCAD BTG Group name
1 8 -1060 -48 32 0 0 1 1 0 0 0 1 0 bald2x2.dat
0 MLCAD BTG Group name
1 8 -1060 -88 32 0 0 1 1 0 0 0 1 0 bald2x2.dat
0 MLCAD BTG Group name
1 8 -1020 -48 32 0 0 1 1 0 0 0 1 0 bald2x2.dat
0 MLCAD BTG Group name
1 8 -1020 -88 32 0 0 1 1 0 0 0 1 0 bald2x2.dat
0 MLCAD BTG Group name
1 8 -1020 -108 136 1 0 0 0 0 1 0 -1 0 paracq21.dat
0 MLCAD BTG Group name
1 8 -980 -128 152 0 0 -1 1 0 0 0 -1 0 placa2x2.dat
0 MLCAD BTG Group name
1 8 -1020 -148 152 0 0 -1 1 0 0 0 -1 0 placa2x3.dat
0 MLCAD BTG Group name
1 8 -980 -108 144 0 0 -1 1 0 0 0 -1 0 placa2x3.dat
0 MLCAD BTG Group name
1 8 -1020 -108 144 0 0 -1 1 0 0 0 -1 0 placa2x3.dat
0 MLCAD BTG Group name
1 8 -980 -128 136 0 0 -1 1 0 0 0 -1 0 placa2x3.dat
0 MLCAD BTG Group name
1 8 -1020 -128 136 0 0 -1 1 0 0 0 -1 0 placa2x3.dat
0 MLCAD BTG Group name
1 8 -980 -88 152 0 0 -1 1 0 0 0 -1 0 placa2x2.dat
0 MLCAD BTG Group name
1 8 -1060 -148 144 1 0 0 0 0 1 0 -1 0 placa2x3.dat
0 MLCAD BTG Group name
1 8 -1000 -108 144 0 0 1 -1 0 0 0 -1 0 placa2.dat
0 MLCAD BTG Group name
1 1 -990 -138 152 1 0 0 0 0 1 0 -1 0 chimplac.dat
0 MLCAD BTG Group name
1 8 -1000 -128 144 1 0 0 0 0 1 0 -1 0 placa1.dat
0 MLCAD BTG Group name
1 8 -1020 -88 152 0 0 -1 1 0 0 0 -1 0 placa2x2.dat
0 MLCAD BTG Group name
1 8 -1060 -148 112 1 0 0 0 0 1 0 -1 0 placa4.dat
0 MLCAD BTG Group name
1 8 -1020 -148 120 1 0 0 0 0 1 0 -1 0 enganch2.dat
0 MLCAD BTG Group name
1 8 -1000 -148 120 1 0 0 0 0 1 0 -1 0 enganch2.dat
0 MLCAD BTG Group name
1 8 -1040 -148 120 1 0 0 0 0 1 0 -1 0 enganch2.dat
0 MLCAD BTG Group name
1 8 -1060 -148 120 1 0 0 0 0 1 0 -1 0 enganch2.dat
0 MLCAD BTG Group name
1 8 -980 -68 160 0 0 -1 1 0 0 0 -1 0 placa2x3.dat
0 MLCAD BTG Group name
1 8 -1020 -68 160.001 0 0 -1 1 0 0 0 -1 0 placa2x3.dat
0 MLCAD BTG Group name
1 8 -1020 -68 160.001 1 0 0 0 0 1 0 -1 0 tejado.dat
0 MLCAD BTG Group name
1 8 -1020 -108 160.001 0 0 1 -1 0 0 0 -1 0 bald2x2.dat
0 MLCAD BTG Group name
1 8 -1060 -108 160 0 0 1 -1 0 0 0 -1 0 bald2x2.dat
0 MLCAD BTG Group name
1 8 -1060 -68 160 1 0 0 0 0 1 0 -1 0 tejado.dat
0 MLCAD BTG Group name
1 8 -980 -48 168 0 0 -1 1 0 0 0 -1 0 bald2x2.dat
0 MLCAD BTG Group name
1 8 -980 -88 168 0 0 -1 1 0 0 0 -1 0 bald2x2.dat
0 MLCAD BTG Group name
1 8 -1020 -48 167.999 0 0 -1 1 0 0 0 -1 0 bald2x2.dat
0 MLCAD BTG Group name
1 8 -1020 -88 167.999 0 0 -1 1 0 0 0 -1 0 bald2x2.dat
0 MLCAD BTG Group name
1 1 -560 -32 40 1 0 0 0 1 0 0 0 1 placa6x8.dat
0 MLCAD BTG Group name
1 1 -720 -32 40 1 0 0 0 1 0 0 0 1 placa6x8.dat
0 MLCAD BTG Group name
1 1 -880 -32 40 1 0 0 0 1 0 0 0 1 placa6x8.dat
0 MLCAD BTG Group name
1 1 -1040 -32 40 1 0 0 0 1 0 0 0 1 placa6x8.dat
0 MLCAD BTG Group name
1 8 -980 -40 140 0 0 -1 0 1 0 1 0 0 bald2.dat
0 MLCAD BTG Group name
1 8 -1020 -40 140 0 0 -1 0 1 0 1 0 0 bald2.dat
0 MLCAD BTG Group name
1 8 -1040 -156 60 0 0 -1 0 1 0 1 0 0 bald1.dat
0 MLCAD BTG Group name
1 8 -1040 -156 120 0 0 -1 0 1 0 1 0 0 bald1.dat
0 MLCAD BTG Group name
1 8 -980 -156 60 0 0 -1 0 1 0 1 0 0 bald1.dat
0 MLCAD BTG Group name
1 8 -980 -156 120 0 0 -1 0 1 0 1 0 0 bald1.dat
0 MLCAD BTG Group name
1 8 -1040 -48 140 -1 0 0 0 1 0 0 0 -1 bald2.dat
0 MLCAD BTG Group name
1 8 -1040 -48 100 -1 0 0 0 1 0 0 0 -1 bald2.dat
0 MLCAD BTG Group name
1 8 -980 -40 40 0 0 -1 0 1 0 1 0 0 bald2.dat
0 MLCAD BTG Group name
1 8 -1020 -40 40 0 0 -1 0 1 0 1 0 0 bald2.dat
0 MLCAD BTG Group name
1 8 -1040 -32 40 0 0 -1 0 1 0 1 0 0 placa2.dat
0 MLCAD BTG Group name
1 8 -1040 -32 80 0 0 -1 0 1 0 1 0 0 placa2.dat
0 MLCAD BTG Group name
1 8 -1040 -32 120 0 0 -1 0 1 0 1 0 0 placa2.dat
0 MLCAD BTG Group name
1 15 -740 -56 40 1 0 0 0 1 0 0 0 1 enganc2.dat
0 MLCAD BTG Group name
1 15 -740 -40 40 1 0 0 0 1 0 0 0 1 placa1.dat
0 MLCAD BTG Group name
1 15 -740 -48 40 1 0 0 0 1 0 0 0 1 placa1.dat
0 MLCAD BTG Group name
1 15 -740 -56 140 1 0 0 0 1 0 0 0 1 enganc2.dat
0 MLCAD BTG Group name
1 15 -740 -48 140 1 0 0 0 1 0 0 0 1 placa1.dat
0 MLCAD BTG Group name
1 15 -740 -40 140 1 0 0 0 1 0 0 0 1 placa1.dat
0 MLCAD BTG Group name
1 15 -740 -72 60 1 0 0 0 0 -1 0 1 0 enganch2.dat
0 MLCAD BTG Group name
1 15 -720 -72 140 -1 0 0 0 0 -1 0 -1 0 enganch2.dat
0 MLCAD BTG Group name
1 1 -730 -82 164 -0.961262 0 -0.275637 0.275637 0 -0.961262 0 -1 0 chimplac.dat
0 MLCAD BTG Group name
1 1 -749.225 -76.489 172 -0.981429 0 -0.191828 0.191828 0 -0.981429 0 -1 0 chimplac.dat
0 MLCAD BTG Group name
1 1 -768.857 -72.649 164 -0.994303 0 -0.106594 0.106594 0 -0.994303 0 -1 0 chimplac.dat
0 MLCAD BTG Group name
1 1 -788.74 -70.516 172 -0.999788 0 -0.0205673 0.0205673 0 -0.999788 0 -1 0 chimplac.dat
0 MLCAD BTG Group name
1 1 -808.736 -70.105 164 -0.997845 0 0.0656121 -0.0656121 0 -0.997845 0 -1 0 chimplac.dat
0 MLCAD BTG Group name
1 1 -828.691 -71.418 172 -0.988487 0 0.151304 -0.151304 0 -0.988487 0 -1 0 chimplac.dat
0 MLCAD BTG Group name
1 1 -848.461 -74.445 164 -0.971784 0 0.235871 -0.235871 0 -0.971784 0 -1 0 chimplac.dat
0 MLCAD BTG Group name
1 1 -867.899 -79.164 172 -0.94786 0 0.318686 -0.318686 0 -0.94786 0 -1 0 chimplac.dat
0 MLCAD BTG Group name
1 1 -886.856 -85.536 164 -0.916893 0 0.399133 -0.399133 0 -0.916893 0 -1 0 chimplac.dat
0 MLCAD BTG Group name
1 1 -905.192 -93.519 172 -0.879113 0 0.476614 -0.476614 0 -0.879113 0 -1 0 chimplac.dat
0 MLCAD BTG Group name
1 1 -922.775 -103.051 164 -0.8348 0 0.550554 -0.550554 0 -0.8348 0 -1 0 chimplac.dat
0 MLCAD BTG Group name
1 1 -939.471 -114.063 172 -0.784284 0 0.620402 -0.620402 0 -0.784284 0 -1 0 chimplac.dat
0 MLCAD BTG Group name
1 1 -955.155 -126.469 164 -0.762826 0 0.646603 -0.646603 0 -0.762826 0 -1 0 chimplac.dat
0 MLCAD BTG Group name
1 8 -1000 -8 40 1 0 0 0 1 0 0 0 1 enganch2.dat
0 MLCAD BTG Group name
1 8 -1040 -8 40 1 0 0 0 1 0 0 0 1 enganch2.dat
0 MLCAD BTG Group name
1 8 -1020 -8 40 1 0 0 0 1 0 0 0 1 enganch2.dat
0 MLCAD BTG Group name
1 8 -1060 -8 40 1 0 0 0 1 0 0 0 1 enganch2.dat
0 MLCAD BTG Group name
1 8 -1040 -8 160 -1 0 0 0 1 0 0 0 -1 enganch2.dat
0 MLCAD BTG Group name
1 8 -1020 -8 160 -1 0 0 0 1 0 0 0 -1 enganch2.dat
0 MLCAD BTG Group name
1 8 -1000 -8 160 -1 0 0 0 1 0 0 0 -1 enganch2.dat
0 MLCAD BTG Group name
1 8 -980 -8 160 -1 0 0 0 1 0 0 0 -1 enganch2.dat
0 MLCAD BTG Group name
1 8 -1060 16 40 0 0 -1 0 1 0 1 0 0 jacena6.dat
0 MLCAD BTG Group name
1 8 -980 -8 60 0 0 -1 0 1 0 1 0 0 jacena4.dat
0 MLCAD BTG Group name
1 8 -1040 -8 60 0 0 -1 0 1 0 1 0 0 jacena4.dat
0 MLCAD BTG Group name
1 8 -1000 16 40 0 0 -1 0 1 0 1 0 0 jacena6.dat
0 MLCAD BTG Group name
1 8 -1020 40 20 0 0 -1 0 1 0 1 0 0 jacen2x8.dat
0 MLCAD BTG Group name
1 8 -980 40 20 0 0 -1 0 1 0 1 0 0 jacen2x8.dat
0 MLCAD BTG Group name
1 8 -1000 16 30 -1 0 0 0 1 0 0 0 -1 ancl1x2.dat
0 MLCAD BTG Group name
1 8 -1040 16 30 -1 0 0 0 1 0 0 0 -1 ancl1x2.dat
0 MLCAD BTG Group name
1 8 -1000 16 170 -1 0 0 0 1 0 0 0 -1 ancl1x2.dat
0 MLCAD BTG Group name
1 8 -1040 16 170 -1 0 0 0 1 0 0 0 -1 ancl1x2.dat
0 MLCAD BTG Group name
1 8 -980 48 20 0 0 -1 0 1 0 1 0 0 placa4x8.dat
0 MLCAD BTG Group name
1 8 -980 56 20 0 0 -1 0 1 0 1 0 0 placa4x8.dat
0 MLCAD BTG Group name
1 8 -240 -40 120 1 0 0 0 1 0 0 0 1 placa1.dat
0 MLCAD BTG Group name
1 8 -240 -40 60 1 0 0 0 1 0 0 0 1 placa1.dat
0 MLCAD BTG Group name
1 8 -140 8 80 0 0 1 0 1 0 -1 0 0 jacena4.dat
0 MLCAD BTG Group name
1 8 -160 0 100 0 0 1 0 -1 0 1 0 0 bisnrarr.dat
0 MLCAD BTG Group name
1 8 -160 0 100 0 0 1 0 1 0 -1 0 0 bisnrarr.dat
0 MLCAD BTG Group name
1 8 -160 -8 120 0 0 1 0 1 0 -1 0 0 placa2x2.dat
0 MLCAD BTG Group name
1 8 -240 -8 120 0 0 1 0 1 0 -1 0 0 placa2x2.dat
0 MLCAD BTG Group name
1 8 -220 -16 80 1 0 0 0 1 0 0 0 1 jacen2x4.dat
0 MLCAD BTG Group name
1 8 -160 0 100 0 0 1 0 1 0 -1 0 0 bisnreje.dat
0 MLCAD BTG Group name
1 8 -200 0 100 0 0 -1 0 -1 0 -1 0 0 bisnrarr.dat
0 MLCAD BTG Group name
1 8 -200 0 100 0 0 -1 0 1 0 1 0 0 bisnrarr.dat
0 MLCAD BTG Group name
1 8 -200 0 100 0 0 -1 0 1 0 1 0 0 bisnreje.dat
0 MLCAD BTG Group name
1 8 -180 -32 -20 1 0 0 0 1 0 0 0 1 popa6p.dat
0 MLCAD BTG Group name
1 8 -180 -24 -20 1 0 0 0 1 0 0 0 1 popa6p.dat
0 MLCAD BTG Group name
1 8 -180 -106 140 1 0 0 0 0 1 0 -1 0 paracq21.dat
0 MLCAD BTG Group name
1 8 -180 -106 60 -1 0 0 0 0 1 0 1 0 paracq21.dat
0 MLCAD BTG Group name
1 8 -212 -148 100 0 1 0 0 0 1 1 0 0 pastilla.dat
0 MLCAD BTG Group name
1 8 -220 -138 120 0 1 0 1 0 0 0 0 -1 bald2.dat
0 MLCAD BTG Group name
1 8 -212 -138 110 0 1 0 1 0 0 0 0 -1 placa1.dat
0 MLCAD BTG Group name
1 8 -204 -158 110 0 1 0 1 0 0 0 0 -1 placa2.dat
0 MLCAD BTG Group name
1 8 -190 -116 52 -1 0 0 0 0 1 0 1 0 placa2x2.dat
0 MLCAD BTG Group name
1 8 -190 -196 52 -1 0 0 0 0 1 0 1 0 placa2x2.dat
0 MLCAD BTG Group name
1 8 -190 -156 52 -1 0 0 0 0 1 0 1 0 bald2x2.dat
0 MLCAD BTG Group name
1 8 -130 -196 52 -1 0 0 0 0 1 0 1 0 placa2x2.dat
0 MLCAD BTG Group name
1 8 -130 -156 52 -1 0 0 0 0 1 0 1 0 bald2x2.dat
0 MLCAD BTG Group name
1 8 -130 -276 52 -1 0 0 0 0 1 0 1 0 placa2x2.dat
0 MLCAD BTG Group name
1 8 -130 -236 52 -1 0 0 0 0 1 0 1 0 bald2x2.dat
0 MLCAD BTG Group name
1 8 -170 -296 52 0 0 1 1 0 0 0 1 0 bald2.dat
0 MLCAD BTG Group name
1 8 -230 -296 52 0 0 1 1 0 0 0 1 0 bald2.dat
0 MLCAD BTG Group name
1 8 -190 -356 36 -1 0 0 0 0 1 0 1 0 placa2x3.dat
0 MLCAD BTG Group name
1 8 -210 -336 60 0 0 -1 -1 0 0 0 1 0 cuna.dat
0 MLCAD BTG Group name
1 8 -190 -376 60 0 0 -1 -1 0 0 0 1 0 jacena2.dat
0 MLCAD BTG Group name
1 8 -150 -376 60 0 0 -1 -1 0 0 0 1 0 jacena2.dat
0 MLCAD BTG Group name
1 8 -150 -376 60 0 0 1 1 0 0 0 1 0 cuna.dat
0 MLCAD BTG Group name
1 8 -210 -376 60 0 0 -1 -1 0 0 0 1 0 cuna.dat
0 MLCAD BTG Group name
1 8 -150 -416 60 0 0 1 1 0 0 0 1 0 cuna.dat
0 MLCAD BTG Group name
1 8 -210 -296 60 0 0 -1 -1 0 0 0 1 0 cuna.dat
0 MLCAD BTG Group name
1 8 -230 -336 28 0 0 1 1 0 0 0 1 0 pico.dat
0 MLCAD BTG Group name
1 8 -230 -376 28 0 0 1 1 0 0 0 1 0 pico.dat
0 MLCAD BTG Group name
1 8 -230 -416 28 0 0 1 1 0 0 0 1 0 pico.dat
0 MLCAD BTG Group name
1 8 -210 -296 28 0 0 -1 -1 0 0 0 1 0 pico.dat
0 MLCAD BTG Group name
1 8 -210 -336 28 0 0 -1 -1 0 0 0 1 0 pico.dat
0 MLCAD BTG Group name
1 8 -210 -376 28 0 0 -1 -1 0 0 0 1 0 pico.dat
0 MLCAD BTG Group name
1 8 -110 -356 36 -1 0 0 0 0 1 0 1 0 placa2x3.dat
0 MLCAD BTG Group name
1 8 -110 -316 36 -1 0 0 0 0 1 0 1 0 placa1.dat
0 MLCAD BTG Group name
1 8 -150 -316 36 -1 0 0 0 0 1 0 1 0 placa1.dat
0 MLCAD BTG Group name
1 8 -190 -316 36 -1 0 0 0 0 1 0 1 0 placa1.dat
0 MLCAD BTG Group name
1 1 -240 -306 36 -1 0 0 0 0 1 0 1 0 chimplac.dat
0 MLCAD BTG Group name
1 1 -260 -306 28 -0.622515 0 0.782608 0.782608 0 0.622515 0 1 0 chimplac.dat
0 MLCAD BTG Group name
1 1 -272.451 -290.347 36 -0.649448 0 0.760406 0.760406 0 0.649448 0 1 0 chimplac.dat
0 MLCAD BTG Group name
1 1 -285.439 -275.141 28 -0.67559 0 0.737277 0.737277 0 0.67559 0 1 0 chimplac.dat
0 MLCAD BTG Group name
1 1 -298.951 -260.393 36 -0.700909 0 0.71325 0.71325 0 0.700909 0 1 0 chimplac.dat
0 MLCAD BTG Group name
1 1 -312.969 -246.128 28 -0.725375 0 0.688355 0.688355 0 0.725375 0 1 0 chimplac.dat
0 MLCAD BTG Group name
1 1 -327.476 -232.363 36 -0.748956 0 0.66262 0.66262 0 0.748956 0 1 0 chimplac.dat
0 MLCAD BTG Group name
1 1 -342.451 -219.111 28 -0.771625 0 0.636079 0.636079 0 0.771625 0 1 0 chimplac.dat
0 MLCAD BTG Group name
1 1 -357.887 -206.388 36 -0.793354 0 0.608762 0.608762 0 0.793354 0 1 0 chimplac.dat
0 MLCAD BTG Group name
1 1 -373.754 -194.214 28 -0.814116 0 0.580703 0.580703 0 0.814116 0 1 0 chimplac.dat
0 MLCAD BTG Group name
1 1 -390.035 -182.599 36 -0.833886 0 0.551937 0.551937 0 0.833886 0 1 0 chimplac.dat
0 MLCAD BTG Group name
1 1 -406.715 -171.561 28 -0.85264 0 0.522499 0.522499 0 0.85264 0 1 0 chimplac.dat
0 MLCAD BTG Group name
1 1 -423.768 -161.111 36 -0.870356 0 0.492424 0.492424 0 0.870356 0 1 0 chimplac.dat
0 MLCAD BTG Group name
1 1 -441.174 -151.262 28 -0.88701 0 0.461749 0.461749 0 0.88701 0 1 0 chimplac.dat
0 MLCAD BTG Group name
1 1 -458.914 -142.025 36 -0.902585 0 0.430511 0.430511 0 0.902585 0 1 0 chimplac.dat
0 MLCAD BTG Group name
1 1 -476.966 -133.417 28 -0.91706 0 0.398749 0.398749 0 0.91706 0 1 0 chimplac.dat
0 MLCAD BTG Group name
1 1 -495.307 -125.442 36 -0.930418 0 0.366501 0.366501 0 0.930418 0 1 0 chimplac.dat
0 MLCAD BTG Group name
1 1 -513.911 -118.112 28 -0.942642 0 0.333807 0.333807 0 0.942642 0 1 0 chimplac.dat
0 MLCAD BTG Group name
1 1 -532.767 -111.438 36 -0.953717 0 0.300706 0.300706 0 0.953717 0 1 0 chimplac.dat
0 MLCAD BTG Group name
1 1 -551.841 -105.424 28 -0.96363 0 0.267238 0.267238 0 0.96363 0 1 0 chimplac.dat
0 MLCAD BTG Group name
1 1 -571.116 -100.079 36 -0.97237 0 0.233445 0.233445 0 0.97237 0 1 0 chimplac.dat
0 MLCAD BTG Group name
1 1 -590.561 -95.41 28 -0.979925 0 0.199368 0.199368 0 0.979925 0 1 0 chimplac.dat
0 MLCAD BTG Group name
1 1 -610.161 -91.423 36 -0.986285 0 0.165048 0.165048 0 0.986285 0 1 0 chimplac.dat
0 MLCAD BTG Group name
1 1 -629.887 -88.121 28 -0.991445 0 0.130527 0.130527 0 0.991445 0 1 0 chimplac.dat
0 MLCAD BTG Group name
1 1 -649.717 -85.51 36 -0.995396 0 0.0958457 0.0958457 0 0.995396 0 1 0 chimplac.dat
0 MLCAD BTG Group name
1 1 -669.623 -83.594 28 -0.998135 0 0.0610486 0.0610486 0 0.998135 0 1 0 chimplac.dat
0 MLCAD BTG Group name
1 1 -689.587 -82.375 36 -0.999657 0 0.026177 0.026177 0 0.999657 0 1 0 chimplac.dat
0 MLCAD BTG Group name
1 1 -709.579 -81.849 28 -0.999962 0 -0.00872655 -0.00872655 0 0.999962 0 1 0 chimplac.dat
0 MLCAD BTG Group name
1 8 -110 -396 36 -1 0 0 0 0 1 0 1 0 placa2x3.dat
0 MLCAD BTG Group name
1 8 -190 -396 36 -1 0 0 0 0 1 0 1 0 placa2x3.dat
0 MLCAD BTG Group name
1 8 -190 -416 36 -1 0 0 0 0 1 0 1 0 placa2.dat
0 MLCAD BTG Group name
1 8 -130 -416 36 -1 0 0 0 0 1 0 1 0 placa2.dat
0 MLCAD BTG Group name
1 8 -110 -416 36 -1 0 0 0 0 1 0 1 0 placa1.dat
0 MLCAD BTG Group name
1 8 -230 -416 36 -1 0 0 0 0 1 0 1 0 placa1.dat
0 MLCAD BTG Group name
1 8 -190 -416 68 -1 0 0 0 0 1 0 1 0 placa1.dat
0 MLCAD BTG Group name
1 8 -150 -416 68 -1 0 0 0 0 1 0 1 0 placa1.dat
0 MLCAD BTG Group name
1 8 -130 -316 28 0 0 -1 -1 0 0 0 1 0 jacena4.dat
0 MLCAD BTG Group name
1 8 -130 -416 28 -1 0 0 0 0 1 0 1 0 enganch2.dat
0 MLCAD BTG Group name
1 8 -210 -316 28 0 0 -1 -1 0 0 0 1 0 jacena4.dat
0 MLCAD BTG Group name
1 8 -210 -416 28 -1 0 0 0 0 1 0 1 0 enganch2.dat
0 MLCAD BTG Group name
1 8 -170 -296 36 0 0 -1 -1 0 0 0 1 0 enganc2.dat
0 MLCAD BTG Group name
1 8 -200 -346 8 1 0 0 0 0 -1 0 1 0 tejado.dat
0 MLCAD BTG Group name
1 8 -180 -286 0 -1 0 0 0 0 1 0 1 0 bispqaba.dat
0 MLCAD BTG Group name
1 8 -180 -336 0 1 0 0 0 0 -1 0 1 0 pastilla.dat
0 MLCAD BTG Group name
1 8 -210 -336 4 -1 0 0 0 0 1 0 1 0 bald2.dat
0 MLCAD BTG Group name
1 8 -210 -376 4 -1 0 0 0 0 1 0 1 0 bald2.dat
0 MLCAD BTG Group name
1 8 -130 -336 4 -1 0 0 0 0 1 0 1 0 bald2.dat
0 MLCAD BTG Group name
1 8 -130 -376 4 -1 0 0 0 0 1 0 1 0 bald2.dat
0 MLCAD BTG Group name
1 8 -210 -416 4 -1 0 0 0 0 1 0 1 0 bald2.dat
0 MLCAD BTG Group name
1 8 -130 -416 4 -1 0 0 0 0 1 0 1 0 bald2.dat
0 MLCAD BTG Group name
1 8 -150 -336 60 0 0 1 1 0 0 0 1 0 vntscorp.dat
0 MLCAD BTG Group name
1 8 -150 -336 28 0 0 1 1 0 0 0 1 0 pico.dat
0 MLCAD BTG Group name
1 8 -150 -376 28 0 0 1 1 0 0 0 1 0 pico.dat
0 MLCAD BTG Group name
1 8 -150 -416 28 0 0 1 1 0 0 0 1 0 pico.dat
0 MLCAD BTG Group name
1 8 -130 -296 28 0 0 -1 -1 0 0 0 1 0 pico.dat
0 MLCAD BTG Group name
1 8 -130 -336 28 0 0 -1 -1 0 0 0 1 0 pico.dat
0 MLCAD BTG Group name
1 8 -130 -376 28 0 0 -1 -1 0 0 0 1 0 pico.dat
0 MLCAD BTG Group name
1 8 -190 -276 52 -1 0 0 0 0 1 0 1 0 placa2x2.dat
0 MLCAD BTG Group name
1 8 -190 -236 52 -1 0 0 0 0 1 0 1 0 bald2x2.dat
0 MLCAD BTG Group name
1 8 -130 -56 52 0 0 -1 -1 0 0 0 1 0 bald2.dat
0 MLCAD BTG Group name
1 8 -190 -56 52 0 0 -1 -1 0 0 0 1 0 bald2.dat
0 MLCAD BTG Group name
1 8 -180 -158 140 0 0 1 0 1 0 -1 0 0 placa4.dat
0 MLCAD BTG Group name
1 8 -200 -158 140 0 0 1 0 1 0 -1 0 0 placa4.dat
0 MLCAD BTG Group name
1 8 -220 -158 140 0 0 1 0 1 0 -1 0 0 placa4.dat
0 MLCAD BTG Group name
1 8 -160 -158 140 0 0 1 0 1 0 -1 0 0 placa4.dat
0 MLCAD BTG Group name
1 8 -220 -166 60 1 0 0 0 1 0 0 0 1 placa4.dat
0 MLCAD BTG Group name
1 8 -220 -198 60 1 0 0 0 1 0 0 0 1 placa4.dat
0 MLCAD BTG Group name
1 8 -160 -238 60 0 0 -1 0 1 0 1 0 0 placa4.dat
0 MLCAD BTG Group name
1 8 -180 -238 60 0 0 -1 0 1 0 1 0 0 placa4.dat
0 MLCAD BTG Group name
1 8 -200 -230 60 1 0 0 0 1 0 0 0 1 placa2.dat
0 MLCAD BTG Group name
1 8 -200 -230 120 1 0 0 0 1 0 0 0 1 placa2.dat
0 MLCAD BTG Group name
1 8 -220 -198 120 1 0 0 0 1 0 0 0 1 placa4.dat
0 MLCAD BTG Group name
1 8 -160 -278 120 1 0 0 0 1 0 0 0 1 bald1.dat
0 MLCAD BTG Group name
1 8 -160 -278 60 1 0 0 0 1 0 0 0 1 bald1.dat
0 MLCAD BTG Group name
1 8 -150 -286 120 1 0 0 0 1 0 0 0 1 placa1.dat
0 MLCAD BTG Group name
1 8 -150 -286 60 1 0 0 0 1 0 0 0 1 placa1.dat
0 MLCAD BTG Group name
1 8 -200 -174 60 1 0 0 0 1 0 0 0 1 jacena2.dat
0 MLCAD BTG Group name
1 8 -200 -174 120 1 0 0 0 1 0 0 0 1 jacena2.dat
0 MLCAD BTG Group name
1 8 -220 -166 120 1 0 0 0 1 0 0 0 1 placa4.dat
0 MLCAD BTG Group name
1 8 -160 -360 100 0 0 -1 0 1 0 1 0 0 enganc2.dat
0 MLCAD BTG Group name
1 8 -180 -360 100 0 0 -1 0 1 0 1 0 0 enganc2.dat
0 MLCAD BTG Group name
1 8 -160 -360 80 0 0 -1 0 1 0 1 0 0 enganc2.dat
0 MLCAD BTG Group name
1 8 -180 -360 80 0 0 -1 0 1 0 1 0 0 enganc2.dat
0 MLCAD BTG Group name
1 8 -160 -336 80 0 0 -1 0 1 0 1 0 0 jacen2x2.dat
0 MLCAD BTG Group name
1 8 -140 -174 60 0 0 -1 0 1 0 1 0 0 vnt1x1.dat
0 MLCAD BTG Group name
1 8 -150 -206 70 -1 0 0 0 1 0 0 0 -1 jacena1.dat
0 MLCAD BTG Group name
1 8 -210 -206 70 -1 0 0 0 1 0 0 0 -1 jacena1.dat
0 MLCAD BTG Group name
1 8 -150 -230 70 -1 0 0 0 1 0 0 0 -1 jacena1.dat
0 MLCAD BTG Group name
1 8 -140 -318 70 -1 0 0 0 1 0 0 0 -1 jacena1.dat
0 MLCAD BTG Group name
1 8 -140 -342 70 -1 0 0 0 1 0 0 0 -1 jacena1.dat
0 MLCAD BTG Group name
1 8 -140 -318 130 -1 0 0 0 1 0 0 0 -1 jacena1.dat
0 MLCAD BTG Group name
1 8 -140 -342 130 -1 0 0 0 1 0 0 0 -1 jacena1.dat
0 MLCAD BTG Group name
1 8 -150 -206 130 -1 0 0 0 1 0 0 0 -1 jacena1.dat
0 MLCAD BTG Group name
1 8 -210 -206 130 -1 0 0 0 1 0 0 0 -1 jacena1.dat
0 MLCAD BTG Group name
1 8 -150 -230 130 -1 0 0 0 1 0 0 0 -1 jacena1.dat
0 MLCAD BTG Group name
1 8 -210 -230 70 -1 0 0 0 1 0 0 0 -1 jacena1.dat
0 MLCAD BTG Group name
1 8 -210 -230 130 -1 0 0 0 1 0 0 0 -1 jacena1.dat
0 MLCAD BTG Group name
1 8 -140 -166 80 0 0 -1 0 1 0 1 0 0 vnt1x1.dat
0 MLCAD BTG Group name
1 8 -140 -166 100 0 0 -1 0 1 0 1 0 0 vnt1x1.dat
0 MLCAD BTG Group name
1 8 -140 -190 80 0 0 -1 0 1 0 1 0 0 vnt1x1.dat
0 MLCAD BTG Group name
1 8 -140 -190 100 0 0 -1 0 1 0 1 0 0 vnt1x1.dat
0 MLCAD BTG Group name
1 8 -140 -238 100 -1 0 0 0 1 0 0 0 -1 ventana1.dat
0 MLCAD BTG Group name
1 8 -140 -238 120 -1 0 0 0 1 0 0 0 -1 ventana1.dat
0 MLCAD BTG Group name
1 8 -130 -318 80 0 0 -1 0 1 0 1 0 0 vnt1x1.dat
0 MLCAD BTG Group name
1 8 -130 -318 100 0 0 -1 0 1 0 1 0 0 vnt1x1.dat
0 MLCAD BTG Group name
1 8 -130 -342 80 0 0 -1 0 1 0 1 0 0 vnt1x1.dat
0 MLCAD BTG Group name
1 8 -130 -342 100 0 0 -1 0 1 0 1 0 0 vnt1x1.dat
0 MLCAD BTG Group name
1 8 -130 -374 80 0 0 1 0 1 0 -1 0 0 bispqaba.dat
0 MLCAD BTG Group name
1 8 -130 -374 120 0 0 1 0 1 0 -1 0 0 bispqaba.dat
0 MLCAD BTG Group name
1 8 -230 -374 120 0 0 -1 0 1 0 1 0 0 bispqaba.dat
0 MLCAD BTG Group name
1 8 -230 -374 80 0 0 -1 0 1 0 1 0 0 bispqaba.dat
0 MLCAD BTG Group name
1 8 -140 -174 120 0 0 -1 0 1 0 1 0 0 vnt1x1.dat
0 MLCAD BTG Group name
1 8 -140 -254 60 0 0 -1 0 1 0 1 0 0 vnt1x1.dat
0 MLCAD BTG Group name
1 8 -140 -254 120 0 0 -1 0 1 0 1 0 0 vnt1x1.dat
0 MLCAD BTG Group name
1 8 -220 -174 140 0 0 1 0 1 0 -1 0 0 vnt1x1.dat
0 MLCAD BTG Group name
1 8 -220 -174 80 0 0 1 0 1 0 -1 0 0 vnt1x1.dat
0 MLCAD BTG Group name
1 8 -220 -166 120 0 0 1 0 1 0 -1 0 0 vnt1x1.dat
0 MLCAD BTG Group name
1 8 -220 -166 100 0 0 1 0 1 0 -1 0 0 vnt1x1.dat
0 MLCAD BTG Group name
1 8 -220 -190 120 0 0 1 0 1 0 -1 0 0 vnt1x1.dat
0 MLCAD BTG Group name
1 8 -220 -190 100 0 0 1 0 1 0 -1 0 0 vnt1x1.dat
0 MLCAD BTG Group name
1 8 -180 -126 60 1 0 0 0 1 0 0 0 1 enganch2.dat
0 MLCAD BTG Group name
1 8 -200 -126 60 1 0 0 0 1 0 0 0 1 enganch2.dat
0 MLCAD BTG Group name
1 8 -180 -126 140 -1 0 0 0 1 0 0 0 -1 enganch2.dat
0 MLCAD BTG Group name
1 8 -160 -126 140 -1 0 0 0 1 0 0 0 -1 enganch2.dat
0 MLCAD BTG Group name
1 8 -180 -158 90 0 1 0 0 0 1 1 0 0 enganch2.dat
0 MLCAD BTG Group name
1 8 -148 -148 100 0 -1 0 0 0 1 -1 0 0 pastilla.dat
0 MLCAD BTG Group name
1 8 -132 -244 100 0 -1 0 0 0 1 -1 0 0 pastilla.dat
0 MLCAD BTG Group name
1 8 -140 -138 80 0 -1 0 1 0 0 0 0 1 bald2.dat
0 MLCAD BTG Group name
1 8 -148 -138 90 0 -1 0 1 0 0 0 0 1 placa1.dat
0 MLCAD BTG Group name
1 8 -156 -158 90 0 -1 0 1 0 0 0 0 1 placa2.dat
0 MLCAD BTG Group name
1 8 -179.999 -158 110 0 -1 0 0 0 1 -1 0 0 enganch2.dat
0 MLCAD BTG Group name
1 8 -139.999 -214 100 0 0 -1 0 1 0 1 0 0 enganch2.dat
0 MLCAD BTG Group name
1 8 -219.999 -214 100 0 0 1 0 1 0 -1 0 0 enganch2.dat
0 MLCAD BTG Group name
1 8 -219.999 -214 120 0 0 1 0 1 0 -1 0 0 enganch2.dat
0 MLCAD BTG Group name
1 8 -139.999 -214 80 0 0 -1 0 1 0 1 0 0 enganch2.dat
0 MLCAD BTG Group name
1 8 -139.999 -254 80 0 -1 0 0 0 -1 1 0 0 tejado.dat
0 MLCAD BTG Group name
1 8 -228 -244 100 0 1 0 0 0 1 1 0 0 pastilla.dat
0 MLCAD BTG Group name
1 8 -220.001 -254 120 0 1 0 0 0 -1 -1 0 0 tejado.dat
0 MLCAD BTG Group name
1 8 -169.999 -286 80 1 0 0 0 1 0 0 0 1 placa2x2.dat
0 MLCAD BTG Group name
1 8 -129.999 -294 60 0 0 -1 0 1 0 1 0 0 jacena4.dat
0 MLCAD BTG Group name
1 8 -220 -318 130 -1 0 0 0 1 0 0 0 -1 jacena1.dat
0 MLCAD BTG Group name
1 8 -220 -342 130 -1 0 0 0 1 0 0 0 -1 jacena1.dat
0 MLCAD BTG Group name
1 8 -220 -318 70 -1 0 0 0 1 0 0 0 -1 jacena1.dat
0 MLCAD BTG Group name
1 8 -220 -342 70 -1 0 0 0 1 0 0 0 -1 jacena1.dat
0 MLCAD BTG Group name
1 8 -209.999 -294 60 0 0 -1 0 1 0 1 0 0 jacena4.dat
0 MLCAD BTG Group name
1 8 -229.999 -286 80 1 0 0 0 1 0 0 0 1 placa2x2.dat
0 MLCAD BTG Group name
1 8 -209.999 -294 80 1 0 0 0 1 0 0 0 1 placa2x3.dat
0 MLCAD BTG Group name
1 8 -199.999 -206 60 1 0 0 0 1 0 0 0 1 enganch2.dat
0 MLCAD BTG Group name
1 8 -199.999 -246 60 1 0 0 0 1 0 0 0 1 enganch2.dat
0 MLCAD BTG Group name
1 8 -179.999 -246 60 1 0 0 0 1 0 0 0 1 enganch2.dat
0 MLCAD BTG Group name
1 8 -200 -278 80 -1 0 0 0 1 0 0 0 -1 bald1.dat
0 MLCAD BTG Group name
1 8 -200 -278 139.999 -1 0 0 0 1 0 0 0 -1 bald1.dat
0 MLCAD BTG Group name
1 8 -210 -286 80 -1 0 0 0 1 0 0 0 -1 placa1.dat
0 MLCAD BTG Group name
1 8 -210 -286 139.999 -1 0 0 0 1 0 0 0 -1 placa1.dat
0 MLCAD BTG Group name
1 8 -220 -238 100 1 0 0 0 1 0 0 0 1 ventana1.dat
0 MLCAD BTG Group name
1 8 -220 -238 80 1 0 0 0 1 0 0 0 1 ventana1.dat
0 MLCAD BTG Group name
1 8 -230 -318 120 0 0 1 0 1 0 -1 0 0 vnt1x1.dat
0 MLCAD BTG Group name
1 8 -230 -318 100 0 0 1 0 1 0 -1 0 0 vnt1x1.dat
0 MLCAD BTG Group name
1 8 -230 -342 120 0 0 1 0 1 0 -1 0 0 vnt1x1.dat
0 MLCAD BTG Group name
1 8 -230 -342 100 0 0 1 0 1 0 -1 0 0 vnt1x1.dat
0 MLCAD BTG Group name
1 8 -220.001 -254 140 0 0 1 0 1 0 -1 0 0 vnt1x1.dat
0 MLCAD BTG Group name
1 8 -220 -254 80 0 0 1 0 1 0 -1 0 0 vnt1x1.dat
0 MLCAD BTG Group name
1 8 -190.001 -286 120 -1 0 0 0 1 0 0 0 -1 placa2x2.dat
0 MLCAD BTG Group name
1 8 -180.001 -246 140 -1 0 0 0 1 0 0 0 -1 enganch2.dat
0 MLCAD BTG Group name
1 8 -160.001 -246 140 -1 0 0 0 1 0 0 0 -1 enganch2.dat
0 MLCAD BTG Group name
1 8 -180.001 -206 140 -1 0 0 0 1 0 0 0 -1 enganch2.dat
0 MLCAD BTG Group name
1 8 -160.001 -206 140 -1 0 0 0 1 0 0 0 -1 enganch2.dat
0 MLCAD BTG Group name
1 8 -179.999 -206 60 1 0 0 0 1 0 0 0 1 enganch2.dat
0 MLCAD BTG Group name
1 8 -159.999 -336 100 -1 0 0 0 0 1 0 1 0 enganch2.dat
0 MLCAD BTG Group name
1 8 -179.999 -336 100 -1 0 0 0 0 1 0 1 0 enganch2.dat
0 MLCAD BTG Group name
1 8 -179.999 -336 100 1 0 0 0 0 1 0 -1 0 enganch2.dat
0 MLCAD BTG Group name
1 8 -199.999 -336 100 1 0 0 0 0 1 0 -1 0 enganch2.dat
0 MLCAD BTG Group name
1 8 -230 -318 100 0 0 1 0 1 0 -1 0 0 vnt1x1.dat
0 MLCAD BTG Group name
1 8 -199.999 -336 100 1 0 0 0 0 1 0 -1 0 enganch2.dat
0 MLCAD BTG Group name
1 8 -199.999 -416 100 1 0 0 0 0 1 0 -1 0 enganch2.dat
0 MLCAD BTG Group name
