0 Untitled
0 Name: LST3.ldr
0 Author: MLCad
0 Unofficial Model
0 !COLOUR Kaki CODE 77 VALUE #424510 EDGE #222222 ALPHA 255
0 ROTATION CENTER 0 0 0 1 "Custom" 
0 ROTATION CONFIG 0 0
1 7 -44 -17 115 1 0 0 0 1 0 0 0 1 proa6rem.dat
1 7 -14 -25 105 0.876727 0 0.480989 0 1 0 -0.480989 0 0.876727 chimplac.dat
1 7 -10.041 -33 91.422 0.876727 0 0.480989 0 1 0 -0.480989 0 0.876727 enganc2.dat
1 7 -4 -25 35 -1 0 0 0 1 0 0 0 -1 placa4.dat
1 7 -14 -33 25 -1 0 0 0 1 0 0 0 -1 cilindro.dat
1 7 -74 -33 25 -1 0 0 0 1 0 0 0 -1 cilindro.dat
1 0 -54.615 -40 16.657 0 0.707107 0.707107 1 0 0 0 0.707107 -0.707107 ruta21nm.dat
1 0 -74 -57 25 0.707107 0 0.707107 0 1 0 -0.707107 0 0.707107 canonpeq.dat
1 0 5.385 -40 16.657 0 0.707107 0.707107 1 0 0 0 0.707107 -0.707107 ruta21nm.dat
1 0 -14 -57 25 0.707107 0 -0.707107 0 1 0 0.707107 0 0.707107 canonpeq.dat
1 7 3.577 -9 375.457 -0.878818 0 -0.477158 0 1 0 0.477158 0 -0.878818 cilindro.dat
1 7 -24 -25 75 -1 0 0 0 1 0 0 0 -1 placa2x2.dat
1 0 16 -15 142 1 0 0 0 1 0 0 0 1 paracqtf.dat
1 7 -54 -51 -18.6 0 0 1 0 1 0 -1 0 0 enganc2.dat
1 0 -44 -56 -29 1 0 0 0 1 0 0 0 1 canonmed.dat
1 383 -44 -36 31 0 1 0 0 0 1 1 0 0 eje5.dat
1 0 -54.5 41.8 -8.5 0 -1 0 1 0 0 0 0 1 nrutllnt.dat
1 7 -34 -52 1045.1 0 0 -1 0 1 0 1 0 0 enganc2.dat
1 0 -44 -57 1055.1 -1 0 0 0 1 0 0 0 -1 canonmed.dat
1 7 -44 -25 1055.1 0 0 -1 0 1 0 1 0 0 tubo.dat
1 15 -44 -1 1105.1 0 0 -1 0 1 0 1 0 0 bandeusa.dat
1 0 -33.5 40.8 1035 0 1 0 1 0 0 0 0 -1 nrutllnt.dat
1 7 -9.997 -52 91.336 0.876727 0 0.480989 0 1 0 -0.480989 0 0.876727 enganc2.dat
1 0 3.58 -57 95.293 0.779885 0 -0.625924 0 1 0 0.625924 0 0.779885 canonmed.dat
1 0 -19.093 40.8 95.756 0 -0.480989 -0.876727 1 0 0 0 -0.876727 0.480989 nrutllnt.dat
1 7 -74 -25 105 -0.868199 0 0.496216 0 1 0 -0.496216 0 -0.868199 chimplac.dat
1 7 -87.645 -33 108.722 -0.868199 0 0.496216 0 1 0 -0.496216 0 -0.868199 enganc2.dat
1 7 -87.742 -52 108.724 -0.868199 0 0.496216 0 1 0 -0.496216 0 -0.868199 enganc2.dat
1 0 -91.462 -57 95.08 0.790689 0 0.612218 0 1 0 -0.612218 0 0.790689 canonmed.dat
1 0 -79.221 40.8 114.177 0 -0.496216 0.868199 1 0 0 0 0.868199 0.496216 nrutllnt.dat
1 7 -34 -26 -43.5 -1 0 0 0 0 -1 0 -1 0 vnt1x1.dat
1 0 -44 79 115 1 0 0 0 1 0 0 0 1 proa6p.dat
1 7 -44 103 155 1 0 0 0 1 0 0 0 1 proa6qui.dat
1 7 -44 103 475 1 0 0 0 1 0 0 0 1 quilla.dat
1 7 -44 103 315 1 0 0 0 1 0 0 0 1 quilla.dat
1 7 -44 103 635 1 0 0 0 1 0 0 0 1 quilla.dat
1 7 -44 103 795 1 0 0 0 1 0 0 0 1 quilla.dat
1 7 -44 103 955 1 0 0 0 1 0 0 0 1 quilla.dat
1 7 -44 103 955 -1 0 0 0 1 0 0 0 -1 popa6qui.dat
1 0 16 79 115 0 0 -1 0 1 0 1 0 0 placa6x8.dat
1 7 -4 -1 95 -1 0 0 0 1 0 0 0 -1 tejado.dat
1 7 -24 -25 115 -1 0 0 0 1 0 0 0 -1 baldg2x2.dat
1 0 -24 -25 425 0 -1 0 -1 0 0 0 0 -1 helillnt.dat
1 0 -44 -28 95 -1 0 0 0 1 0 0 0 -1 tuboruta.dat
1 0 -14 -1 565 -1 0 0 0 1 0 0 0 -1 tuboruta.dat
1 7 -44 -1 1055 0 -1 0 0 0 1 -1 0 0 conotanq.dat
1 0 -74 -1 565 -1 0 0 0 1 0 0 0 -1 tuboruta.dat
1 7 -44 -1 95 -1 0 0 0 1 0 0 0 -1 tejado.dat
1 7 -84 71 75 1 0 0 0 1 0 0 0 1 baldc4x8.dat
1 7 -84 71 235 1 0 0 0 1 0 0 0 1 baldc4x8.dat
1 7 -84 71 395 1 0 0 0 1 0 0 0 1 baldc4x8.dat
1 7 -84 71 555 1 0 0 0 1 0 0 0 1 baldc4x8.dat
1 7 -84 71 715 1 0 0 0 1 0 0 0 1 baldc4x8.dat
1 7 -84 7 95 1 0 0 0 1 0 0 0 1 baldc4x6.dat
1 7 -24 7 215 0 0 -1 0 1 0 1 0 0 baldc2.dat
1 7 -24 7 235 0 0 -1 0 1 0 1 0 0 baldc2x2.dat
1 7 -24 7 275 0 0 -1 0 1 0 1 0 0 baldc2x2.dat
1 7 -24 7 315 0 0 -1 0 1 0 1 0 0 baldc2x2.dat
1 7 -24 7 355 0 0 -1 0 1 0 1 0 0 baldc2x2.dat
1 7 -24 7 395 0 0 -1 0 1 0 1 0 0 baldc2x2.dat
1 7 -24 7 435 0 0 -1 0 1 0 1 0 0 baldc2x2.dat
1 7 -24 7 475 0 0 -1 0 1 0 1 0 0 baldc2x2.dat
1 7 -24 7 515 0 0 -1 0 1 0 1 0 0 baldc2x2.dat
1 7 -24 7 555 0 0 -1 0 1 0 1 0 0 baldc2x2.dat
1 7 -24 7 595 0 0 -1 0 1 0 1 0 0 baldc2x2.dat
1 7 -24 7 635 0 0 -1 0 1 0 1 0 0 baldc2x2.dat
1 7 -24 7 675 0 0 -1 0 1 0 1 0 0 baldc2x2.dat
1 7 -24 7 715 0 0 -1 0 1 0 1 0 0 baldc2x2.dat
1 7 -24 7 755 0 0 -1 0 1 0 1 0 0 baldc2x2.dat
1 7 -64 15 215 1 0 0 0 1 0 0 0 1 bisnrarr.dat
1 7 -64 15 215 -1 0 0 0 1 0 0 0 -1 bisnrarr.dat
1 7 -24 15 215 1 0 0 0 1 0 0 0 1 bisnrarr.dat
1 7 -24 15 215 1 0 0 0 1 0 0 0 1 bisnreje.dat
1 7 -64 15 215 1 0 0 0 1 0 0 0 1 bisnreje.dat
1 7 -24 15 215 -1 0 0 0 1 0 0 0 -1 bisnrarr.dat
1 7 -24 7 215 1 0 0 0 1 0 0 0 1 remate62.dat
1 7 -24 7 335 1 0 0 0 1 0 0 0 1 remate62.dat
1 7 -4 -1 415 0 0 -1 0 1 0 1 0 0 enganch2.dat
1 14 -6 -11 425 0 -1 0 0 0 -1 1 0 0 barca.dat
1 0 -84 -25 425 0 -1 0 -1 0 0 0 0 -1 helillnt.dat
1 7 -84 -1 435 0 0 1 0 1 0 -1 0 0 enganch2.dat
1 14 -82 -11 425 0 1 0 0 0 -1 -1 0 0 barca.dat
1 7 -84 -1 675 0 0 1 0 1 0 -1 0 0 enganch2.dat
1 14 -82 -11 665 0 1 0 0 0 -1 -1 0 0 barca.dat
1 0 -24 -25 665 0 -1 0 -1 0 0 0 0 -1 helillnt.dat
1 0 -84 -25 665 0 -1 0 -1 0 0 0 0 -1 helillnt.dat
1 0 -64 -33 965 0 -1 0 -1 0 0 0 0 -1 helillnt.dat
1 0 -44 -33 965 0 -1 0 -1 0 0 0 0 -1 helillnt.dat
1 0 -24 -1 1025 0 -1 0 -1 0 0 0 0 -1 helillnt.dat
1 7 -4 -1 655 0 0 -1 0 1 0 1 0 0 enganch2.dat
1 14 -6 -11 665 0 -1 0 0 0 -1 1 0 0 barca.dat
1 7 -24 7 455 1 0 0 0 1 0 0 0 1 remate62.dat
1 7 -24 7 575 1 0 0 0 1 0 0 0 1 remate62.dat
1 7 -24 7 695 1 0 0 0 1 0 0 0 1 remate62.dat
1 7 -24 7 815 1 0 0 0 1 0 0 0 1 remate62.dat
1 7 -24 7 935 1 0 0 0 1 0 0 0 1 remate62.dat
1 7 -24 71 975 1 0 0 0 1 0 0 0 1 remate_2.dat
1 7 -24 -9 275 1 0 0 0 1 0 0 0 1 placa2.dat
1 7 -14 -17 285 1 0 0 0 1 0 0 0 1 piquito.dat
1 7 -74 -17 285 1 0 0 0 1 0 0 0 1 piquito.dat
1 7 -24 -1 275 1 0 0 0 1 0 0 0 1 placa1.dat
1 7 -24 -9 775 1 0 0 0 1 0 0 0 1 placa2.dat
1 7 -104 -9 775 1 0 0 0 1 0 0 0 1 placa2.dat
1 7 -14 -17 785 1 0 0 0 1 0 0 0 1 piquito.dat
1 7 -74 -17 785 1 0 0 0 1 0 0 0 1 piquito.dat
1 7 -24 -1 775 1 0 0 0 1 0 0 0 1 placa1.dat
1 7 -84 -1 775 1 0 0 0 1 0 0 0 1 placa1.dat
1 7 -84 -1 275 1 0 0 0 1 0 0 0 1 placa1.dat
1 14 -14 1 265 1 0 0 0 1 0 0 0 1 ejeastr2.dat
1 14 -14 1 305 1 0 0 0 1 0 0 0 1 ejeastr2.dat
1 7 -104 -9 275 1 0 0 0 1 0 0 0 1 placa2.dat
1 14 -74 1 265 1 0 0 0 1 0 0 0 1 ejeastr2.dat
1 14 -74 1 305 1 0 0 0 1 0 0 0 1 ejeastr2.dat
1 0 35 -17 335 1 0 0 0 1 0 0 0 1 landes.dat
1 0 35 -17 835 1 0 0 0 1 0 0 0 1 landes.dat
1 0 -85 -17 835 1 0 0 0 1 0 0 0 1 landes.dat
1 7 -24 -9 875 1 0 0 0 1 0 0 0 1 placa2.dat
1 7 -104 -9 875 1 0 0 0 1 0 0 0 1 placa2.dat
1 7 -84 -1 875 1 0 0 0 1 0 0 0 1 placa4.dat
1 7 -84 -17 875 1 0 0 0 1 0 0 0 1 placa4.dat
1 7 -24 -25 875 1 0 0 0 1 0 0 0 1 bald1.dat
1 7 -64 -25 875 1 0 0 0 1 0 0 0 1 placa2.dat
1 7 -64 -25 895 1 0 0 0 1 0 0 0 1 placa2.dat
1 7 -64 -33 915 0 0 1 0 1 0 -1 0 0 venta4cu.dat
1 7 -24 -33 835 0 0 -1 0 1 0 1 0 0 venta4cu.dat
1 7 -64 -57 875 1 0 0 0 1 0 0 0 1 baldg2x2.dat
1 7 -44 -132 915 0 0 1 0 1 0 -1 0 0 chimplac.dat
1 0 -44 -140 915 -1 0 0 0 1 0 0 0 -1 radarneg.dat
1 7 -54 -62 865 -0.0871557 0 -0.996195 0 1 0 0.996195 0 -0.0871557 antnincl.dat
1 7 -34 -62 865 0.0871557 0 -0.996195 0 1 0 0.996195 0 0.0871557 antnincl.dat
1 7 -24 -57 835 0 0 -1 0 1 0 1 0 0 enganc2.dat
1 7 -34 -90 845 0 0 -1 0 -1 0 -1 0 0 soprtmar.dat
1 7 -44 -57 835 0 0 -1 0 1 0 1 0 0 enganc2.dat
1 7 -54 -90 845 0 0 -1 0 -1 0 -1 0 0 soprtmar.dat
1 7 -44 -60 895 1 0 0 0 1 0 0 0 1 tbfarola.dat
1 7 -44 -145 895 1 0 0 0 1 0 0 0 1 antncruz.dat
1 14 -14 -25 865 0 0 -1 0 1 0 1 0 0 cilindro.dat
1 14 -14 -25 905 0 0 -1 0 1 0 1 0 0 cilindro.dat
1 14 -74 -25 865 0 0 -1 0 1 0 1 0 0 cilindro.dat
1 14 -74 -25 905 0 0 -1 0 1 0 1 0 0 cilindro.dat
1 7 -64 -25 875 0 0 -1 0 1 0 1 0 0 bald1.dat
1 0 35 -17 935 1 0 0 0 1 0 0 0 1 landes.dat
1 0 -85 -17 935 1 0 0 0 1 0 0 0 1 landes.dat
1 0 -85 -17 335 1 0 0 0 1 0 0 0 1 landes.dat
1 7 -64 7 335 -1 0 0 0 1 0 0 0 -1 remate62.dat
1 7 -64 7 455 -1 0 0 0 1 0 0 0 -1 remate62.dat
1 7 -14 -1 385 0.878818 0 0.477158 0 1 0 -0.477158 0 0.878818 chimplac.dat
1 7 3.577 -9 375.457 -0.878818 0 -0.477158 0 1 0 0.477158 0 -0.878818 cilindro.dat
1 0 16.432 -16 358.475 0 0.95882 0.284016 1 0 0 0 0.284016 -0.95882 ruta21nm.dat
1 0 3.577 -33 375.457 0.477159 0 -0.878818 0 1 0 0.878818 0 0.477159 canonpeq.dat
1 7 -91.7 -9 375.687 0.884987 0 -0.465616 0 1 0 0.465616 0 0.884987 cilindro.dat
1 7 -74 -1 385 -0.884987 0 0.465616 0 1 0 -0.465616 0 -0.884987 chimplac.dat
1 7 -91.7 -9 375.687 0.884987 0 -0.465616 0 1 0 0.465616 0 0.884987 cilindro.dat
1 0 -112.962 -16 374.433 0 -0.296541 -0.955021 1 0 0 0 -0.955021 0.296541 ruta21nm.dat
1 0 -91.7 -33 375.687 0.465615 0 0.884988 0 1 0 -0.884988 0 0.465615 canonpeq.dat
1 7 -91.7 -9 475.686 0.884987 0 -0.465616 0 1 0 0.465616 0 0.884987 cilindro.dat
1 7 -74 -1 485 -0.884987 0 0.465616 0 1 0 -0.465616 0 -0.884987 chimplac.dat
1 7 -91.7 -9 475.686 0.884987 0 -0.465616 0 1 0 0.465616 0 0.884987 cilindro.dat
1 0 -112.96 -16 474.433 0 -0.296541 -0.955021 1 0 0 0 -0.955021 0.296541 ruta21nm.dat
1 0 -91.7 -33 475.686 0.465615 0 0.884988 0 1 0 -0.884988 0 0.465615 canonpeq.dat
1 7 -91.7 -9 715.686 0.884987 0 -0.465616 0 1 0 0.465616 0 0.884987 cilindro.dat
1 7 -74 -1 725 -0.884987 0 0.465616 0 1 0 -0.465616 0 -0.884987 chimplac.dat
1 7 -91.7 -9 715.686 0.884987 0 -0.465616 0 1 0 0.465616 0 0.884987 cilindro.dat
1 0 -112.96 -16 714.433 0 -0.296541 -0.955021 1 0 0 0 -0.955021 0.296541 ruta21nm.dat
1 0 -91.7 -33 715.686 0.465615 0 0.884988 0 1 0 -0.884988 0 0.465615 canonpeq.dat
1 7 3.577 -9 475.457 -0.878818 0 -0.477158 0 1 0 0.477158 0 -0.878818 cilindro.dat
1 7 -14 -1 485 0.878818 0 0.477158 0 1 0 -0.477158 0 0.878818 chimplac.dat
1 7 3.577 -9 475.457 -0.878818 0 -0.477158 0 1 0 0.477158 0 -0.878818 cilindro.dat
1 0 16.432 -16 458.475 0 0.95882 0.284016 1 0 0 0 0.284016 -0.95882 ruta21nm.dat
1 0 3.577 -33 475.457 0.477159 0 -0.878818 0 1 0 0.878818 0 0.477159 canonpeq.dat
1 7 -1.298 -41 980.448 -0.639439 0 0.768843 0 1 0 -0.768843 0 -0.639439 cilindro.dat
1 7 -14.088 -33 965.072 0.639439 0 -0.768843 0 1 0 0.768843 0 0.639439 chimplac.dat
1 7 -1.298 -41 980.448 -0.639439 0 0.768843 0 1 0 -0.768843 0 -0.639439 cilindro.dat
1 0 17.923 -48 989.528 0 -0.0915021 0.995805 1 0 0 0 0.995805 0.0915021 ruta21nm.dat
1 0 -1.298 -65 980.448 -0.768843 0 -0.63944 0 1 0 0.63944 0 -0.768843 canonpeq.dat
1 7 3.577 -9 715.457 -0.878818 0 -0.477158 0 1 0 0.477158 0 -0.878818 cilindro.dat
1 7 -14 -1 725 0.878818 0 0.477158 0 1 0 -0.477158 0 0.878818 chimplac.dat
1 7 3.577 -9 715.457 -0.878818 0 -0.477158 0 1 0 0.477158 0 -0.878818 cilindro.dat
1 0 16.432 -16 698.375 0 0.95882 0.284016 1 0 0 0 0.284016 -0.95882 ruta21nm.dat
1 0 3.577 -33 715.457 -0.465615 0 -0.884988 0 1 0 0.884988 0 -0.465615 canonpeq.dat
1 7 -64 7 575 -1 0 0 0 1 0 0 0 -1 remate62.dat
1 7 -64 7 695 -1 0 0 0 1 0 0 0 -1 remate62.dat
1 7 -64 7 815 -1 0 0 0 1 0 0 0 -1 remate62.dat
1 7 -64 7 935 -1 0 0 0 1 0 0 0 -1 remate62.dat
1 7 -64 7 1055 -1 0 0 0 1 0 0 0 -1 remate62.dat
1 7 -64 71 1015 -1 0 0 0 1 0 0 0 -1 remate_2.dat
1 7 -4 -1 895 0 0 -1 0 1 0 1 0 0 venta4cu.dat
1 7 -4 -1 835 0 0 -1 0 1 0 1 0 0 venta2cu.dat
1 7 -84 -1 875 0 0 1 0 1 0 -1 0 0 venta2cu.dat
1 7 -84 -1 815 1 0 0 0 1 0 0 0 1 venta4cu.dat
1 7 -4 -1 995 -1 0 0 0 1 0 0 0 -1 venta4cu.dat
1 7 -24 -1 1035 -1 0 0 0 1 0 0 0 -1 pistola.dat
1 7 -44 -1 1005 -1 0 0 0 1 0 0 0 -1 pastilla.dat
1 7 -44 -1 1085 -1 0 0 0 1 0 0 0 -1 pastilla.dat
1 7 -44 7 805 -1 0 0 0 1 0 0 0 -1 pastilla.dat
1 7 -44 -33 825 -1 0 0 0 1 0 0 0 -1 pastilla.dat
1 7 -24 7 835 -1 0 0 0 1 0 0 0 -1 placa2.dat
1 7 -84 -1 975 0 0 1 0 1 0 -1 0 0 venta4cu.dat
1 7 -64 -1 975 0 0 1 0 1 0 -1 0 0 jacen2x4.dat
1 7 -44 -25 955 -1 0 0 0 1 0 0 0 -1 remate_2.dat
1 7 -44 -25 955 0 0 -1 0 1 0 1 0 0 remate_2.dat
1 7 -4 -25 955 0 0 -1 0 1 0 1 0 0 remate_2.dat
1 7 -86.742 -41 980.558 0.632707 0 0.774393 0 1 0 -0.774393 0 0.632707 cilindro.dat
1 7 -74.088 -33 965.072 -0.632707 0 -0.774393 0 1 0 0.774393 0 -0.632707 chimplac.dat
1 7 -86.742 -41 980.558 0.632707 0 0.774393 0 1 0 -0.774393 0 0.632707 cilindro.dat
1 0 -91.987 -48 1001.16 0 -0.994969 0.100188 1 0 0 0 0.100188 0.994969 ruta21nm.dat
1 0 -86.742 -65 980.558 -0.774394 0 0.632706 0 1 0 -0.632706 0 -0.774394 canonpeq.dat
1 7 -44 -25 915 1 0 0 0 1 0 0 0 1 remate_2.dat
1 14 -44 -33 945 1 0 0 0 1 0 0 0 1 barca.dat
1 7 -24 -33 915 0 0 -1 0 1 0 1 0 0 bald2.dat
1 7 -44 -25 855 -1 0 0 0 1 0 0 0 -1 remate_2.dat
1 7 -44 -25 815 1 0 0 0 1 0 0 0 1 remate_2.dat
1 7 -64 -1 255 -1 0 0 0 1 0 0 0 -1 baldc2.dat
1 7 -4 -1 255 -1 0 0 0 1 0 0 0 -1 baldc2.dat
1 7 -64 -1 355 -1 0 0 0 1 0 0 0 -1 baldc2.dat
1 7 -4 -1 355 -1 0 0 0 1 0 0 0 -1 baldc2.dat
1 7 -64 -1 535 -1 0 0 0 1 0 0 0 -1 baldc2.dat
1 7 -4 -1 535 -1 0 0 0 1 0 0 0 -1 baldc2.dat
1 7 -64 -1 615 -1 0 0 0 1 0 0 0 -1 baldc2.dat
1 7 -4 -1 615 -1 0 0 0 1 0 0 0 -1 baldc2.dat
1 7 -64 -1 655 -1 0 0 0 1 0 0 0 -1 baldc2.dat
1 7 -4 -1 655 -1 0 0 0 1 0 0 0 -1 baldc2.dat
1 7 -64 -1 695 -1 0 0 0 1 0 0 0 -1 baldc1.dat
1 7 -4 -1 695 -1 0 0 0 1 0 0 0 -1 baldc1.dat
1 7 -64 -1 555 -1 0 0 0 1 0 0 0 -1 baldc1.dat
1 7 -4 -1 555 -1 0 0 0 1 0 0 0 -1 baldc1.dat
1 7 -64 -1 415 -1 0 0 0 1 0 0 0 -1 baldc1.dat
1 7 -4 -1 415 -1 0 0 0 1 0 0 0 -1 baldc1.dat
1 7 -64 -1 455 -1 0 0 0 1 0 0 0 -1 baldc1.dat
1 7 -4 -1 455 -1 0 0 0 1 0 0 0 -1 baldc1.dat
1 7 -64 -1 755 -1 0 0 0 1 0 0 0 -1 baldc1.dat
1 7 -4 -1 755 -1 0 0 0 1 0 0 0 -1 baldc1.dat
1 7 -4 -1 1075 -1 0 0 0 1 0 0 0 -1 baldc2.dat
1 7 -64 -1 1075 -1 0 0 0 1 0 0 0 -1 baldc2.dat
1 0 16 79 275 0 0 -1 0 1 0 1 0 0 placa6x8.dat
1 0 16 79 435 0 0 -1 0 1 0 1 0 0 placa6x8.dat
1 0 16 79 595 0 0 -1 0 1 0 1 0 0 placa6x8.dat
1 0 16 79 755 0 0 -1 0 1 0 1 0 0 placa6x8.dat
1 7 -44 31 1015 -1 0 0 0 1 0 0 0 -1 popa_6.dat
1 7 -44 55 995 -1 0 0 0 1 0 0 0 -1 popa_6.dat
1 14 -14 -44 305 1 0 0 0 1 0 0 0 1 minigrua.dat
1 14 -74 -44 305 -1 0 0 0 1 0 0 0 -1 minigrua.dat
1 14 -74 -44 265 -1 0 0 0 1 0 0 0 -1 minigrua.dat
1 14 -14 -44 265 1 0 0 0 1 0 0 0 1 minigrua.dat
1 14 -14 -2 765 1 0 0 0 1 0 0 0 1 ejeastr2.dat
1 14 -14 -2 805 1 0 0 0 1 0 0 0 1 ejeastr2.dat
1 14 -14 -47 805 1 0 0 0 1 0 0 0 1 minigrua.dat
1 14 -14 -47 765 1 0 0 0 1 0 0 0 1 minigrua.dat
1 14 -74 -2 765 -1 0 0 0 1 0 0 0 -1 ejeastr2.dat
1 14 -74 -47 765 -1 0 0 0 1 0 0 0 -1 minigrua.dat
1 14 -74 -2 805 -1 0 0 0 1 0 0 0 -1 ejeastr2.dat
1 14 -74 -47 805 -1 0 0 0 1 0 0 0 -1 minigrua.dat
1 14 -14 -49 905 1 0 0 0 1 0 0 0 1 minigrua.dat
1 14 -14 -49 865 1 0 0 0 1 0 0 0 1 minigrua.dat
1 14 -74 -49 905 -1 0 0 0 1 0 0 0 -1 minigrua.dat
1 14 -74 -49 865 -1 0 0 0 1 0 0 0 -1 minigrua.dat
1 0 -44 97 1099 1 0 0 0 0 1 0 -1 0 cabnuevo.dat
1 383 -44 97 1088 0 1 0 0 0 1 1 0 0 eje15.dat
1 383 -44 88 1065 0 1 0 1 0 0 0 0 -1 eje15.dat
1 7 -44 97 1094.5 -1 0 0 0 0 1 0 1 0 ejeastr2.dat
1 7 -44 71 1015 -1 0 0 0 1 0 0 0 -1 popa6rem.dat
1 7 -44 7 1055 -1 0 0 0 1 0 0 0 -1 popa6rem.dat
1 0 -44 79 1015 -1 0 0 0 1 0 0 0 -1 popa6p.dat
1 7 16 15 275 0 0 -1 0 1 0 1 0 0 placa6x8.dat
1 7 16 15 435 0 0 -1 0 1 0 1 0 0 placa6x8.dat
1 7 16 15 595 0 0 -1 0 1 0 1 0 0 placa6x8.dat
1 7 16 15 835 0 0 -1 0 1 0 1 0 0 placa6x8.dat
1 7 16 15 835 -1 0 0 0 1 0 0 0 -1 placa4x6.dat
1 0 -44 79 1015 -1 0 0 0 1 0 0 0 -1 placa2x3.dat
1 0 -64 79 915 0 0 -1 0 1 0 1 0 0 placa2x3.dat
1 0 16 79 1015 -1 0 0 0 1 0 0 0 -1 placa2x3.dat
1 0 16 79 915 0 0 -1 0 1 0 1 0 0 placa2x3.dat
1 7 -104 71 115 1 0 0 0 1 0 0 0 1 enganch2.dat
1 7 -104 31 115 1 0 0 0 1 0 0 0 1 enganch2.dat
1 7 -84 39 155 -1 0 0 0 1 0 0 0 -1 enganch2.dat
1 7 -104 7 195 1 0 0 0 1 0 0 0 1 bald1.dat
1 7 -84 47 115 0 0 -1 0 1 0 1 0 0 placa2.dat
1 7 -84 47 195 0 0 -1 0 1 0 1 0 0 placa4.dat
1 7 -84 47 275 0 0 -1 0 1 0 1 0 0 placa4.dat
1 7 -84 47 355 0 0 -1 0 1 0 1 0 0 placa4.dat
1 7 -84 15 195 0 0 -1 0 1 0 1 0 0 placa4.dat
1 7 -84 39 195 0 0 -1 0 1 0 1 0 0 jacena14.dat
1 7 -84 47 195 -1 0 0 0 1 0 0 0 -1 bald2.dat
1 7 -84 7 155 -1 0 0 0 1 0 0 0 -1 bald2.dat
1 7 -104 39 115 1 0 0 0 1 0 0 0 1 placa1.dat
1 7 -104 15 135 1 0 0 0 1 0 0 0 1 placa1.dat
1 7 -44 -9 115 1 0 0 0 1 0 0 0 1 proa6p.dat
1 7 -74 71 65 1 0 0 0 1 0 0 0 1 chimplac.dat
1 7 -44 63 15 -1 0 0 0 1 0 0 0 -1 bispqaba.dat
1 7 -64 71 55 0 0 1 0 1 0 -1 0 0 bald2.dat
1 0 -44 63 15 1 0 0 0 0 1 0 -1 0 bispqarr.dat
1 0 -64 63 23 0 0 1 -1 0 0 0 -1 0 placa2x3.dat
1 0 -64 63 31 0 0 1 -1 0 0 0 -1 0 bald2.dat
1 0 -44 3 39 1 0 0 0 0 1 0 -1 0 bisnraba.dat
1 0 -44 3 39 1 0 0 0 0 1 0 -1 0 bisnreje.dat
1 0 -44 3 39 -1 0 0 0 0 1 0 1 0 bisnraba.dat
1 0 -64 23 55 1 0 0 0 0 -1 0 1 0 tejado.dat
1 7 -73.917 31 64.961 0 -0.173648 0.984808 1 0 0 0 0.984808 0.173648 eje28.dat
1 7 -34 71 65 1 0 0 0 1 0 0 0 1 chimplac.dat
1 7 -74 7 65 1 0 0 0 1 0 0 0 1 chimplac.dat
1 7 -34 7 65 1 0 0 0 1 0 0 0 1 chimplac.dat
1 7 -84 -1 55 1 0 0 0 1 0 0 0 1 placa4.dat
1 7 -13.917 31 64.961 0 -0.173648 0.984808 1 0 0 0 0.984808 0.173648 eje28.dat
1 7 -84 71 115 0 0 -1 -1 0 0 0 1 0 jacena4.dat
1 7 -94 -11 115 0 0 -1 1 0 0 0 -1 0 gruab.dat
1 7 -84 -21 139 0 0 -1 1 0 0 0 -1 0 placa1.dat
1 7 -94 9 155 0 0 -1 1 0 0 0 -1 0 gruab.dat
1 7 -94 29 155 0 0 -1 1 0 0 0 -1 0 jacena1.dat
1 7 -84 -1 179 0 0 -1 1 0 0 0 -1 0 placa2.dat
1 7 -104 -1 187 1 0 0 0 0 1 0 -1 0 bald2.dat
1 7 -4 71 115 1 0 0 0 1 0 0 0 1 enganch2.dat
1 7 -4 31 115 1 0 0 0 1 0 0 0 1 enganch2.dat
1 7 16 39 155 -1 0 0 0 1 0 0 0 -1 enganch2.dat
1 7 -4 7 195 1 0 0 0 1 0 0 0 1 bald1.dat
1 7 16 47 115 0 0 -1 0 1 0 1 0 0 placa2.dat
1 7 16 47 195 0 0 -1 0 1 0 1 0 0 placa4.dat
1 7 16 47 275 0 0 -1 0 1 0 1 0 0 placa4.dat
1 7 16 47 355 0 0 -1 0 1 0 1 0 0 placa4.dat
1 7 -84 47 435 0 0 -1 0 1 0 1 0 0 placa4.dat
1 7 16 47 435 0 0 -1 0 1 0 1 0 0 placa4.dat
1 7 -84 47 515 0 0 -1 0 1 0 1 0 0 placa4.dat
1 7 16 47 515 0 0 -1 0 1 0 1 0 0 placa4.dat
1 7 -84 47 595 0 0 -1 0 1 0 1 0 0 placa4.dat
1 7 16 47 595 0 0 -1 0 1 0 1 0 0 placa4.dat
1 7 -84 47 675 0 0 -1 0 1 0 1 0 0 placa4.dat
1 7 16 47 675 0 0 -1 0 1 0 1 0 0 placa4.dat
1 7 -84 47 755 0 0 -1 0 1 0 1 0 0 placa4.dat
1 7 16 47 755 0 0 -1 0 1 0 1 0 0 placa4.dat
1 7 -84 47 835 0 0 -1 0 1 0 1 0 0 placa4.dat
1 7 -24 7 975 0 0 -1 0 1 0 1 0 0 placa2x3.dat
1 7 -24 7 915 0 0 -1 0 1 0 1 0 0 placa2x3.dat
1 7 16 47 835 0 0 -1 0 1 0 1 0 0 placa4.dat
1 7 16 47 915 0 0 -1 0 1 0 1 0 0 placa4.dat
1 7 -84 47 915 0 0 -1 0 1 0 1 0 0 placa4.dat
1 7 -104 55 975 1 0 0 0 1 0 0 0 1 placa2.dat
1 7 -24 55 975 1 0 0 0 1 0 0 0 1 placa2.dat
1 7 -104 31 1015 1 0 0 0 1 0 0 0 1 jacena6.dat
1 7 16 15 195 0 0 -1 0 1 0 1 0 0 placa4.dat
1 7 16 39 195 0 0 -1 0 1 0 1 0 0 jacena14.dat
1 7 16 71 135 0 0 -1 0 1 0 1 0 0 jacena14.dat
1 7 16 71 415 0 0 -1 0 1 0 1 0 0 jacena14.dat
1 7 16 71 695 0 0 -1 0 1 0 1 0 0 jacena14.dat
1 7 -84 71 135 0 0 -1 0 1 0 1 0 0 jacena14.dat
1 7 -84 71 415 0 0 -1 0 1 0 1 0 0 jacena14.dat
1 7 -84 71 695 0 0 -1 0 1 0 1 0 0 jacena14.dat
1 7 16 39 635 0 0 -1 0 1 0 1 0 0 jacena14.dat
1 7 16 39 475 0 0 -1 0 1 0 1 0 0 jacena8.dat
1 7 -84 39 475 0 0 -1 0 1 0 1 0 0 jacena8.dat
1 7 -84 39 915 0 0 -1 0 1 0 1 0 0 jacena4.dat
1 7 16 39 915 0 0 -1 0 1 0 1 0 0 jacena4.dat
1 7 -84 39 635 0 0 -1 0 1 0 1 0 0 jacena14.dat
1 7 16 47 195 -1 0 0 0 1 0 0 0 -1 bald2.dat
1 7 16 7 155 -1 0 0 0 1 0 0 0 -1 bald2.dat
1 7 -4 39 115 1 0 0 0 1 0 0 0 1 placa1.dat
1 7 -4 15 135 1 0 0 0 1 0 0 0 1 placa1.dat
1 7 6 -11 115 0 0 -1 1 0 0 0 -1 0 gruab.dat
1 7 16 -21 139 0 0 -1 1 0 0 0 -1 0 placa1.dat
1 7 6 9 155 0 0 -1 1 0 0 0 -1 0 gruab.dat
1 7 6 29 155 0 0 -1 1 0 0 0 -1 0 jacena1.dat
1 7 16 -1 179 0 0 -1 1 0 0 0 -1 0 placa2.dat
1 7 -4 -1 187 1 0 0 0 0 1 0 -1 0 bald2.dat
1 7 -104 71 91 0 0 -1 -1 0 0 0 1 0 pico.dat
1 7 -104 31 91 0 0 -1 -1 0 0 0 1 0 pico.dat
1 7 -85.579 11 6.885 0 0.931692 0.363251 1 0 0 0 0.363251 -0.931692 bispqaba.dat
1 7 -85.579 51 6.885 0 -0.356738 -0.934204 -1 0 0 0 0.934204 -0.356738 bispqarr.dat
1 7 -85.579 11 6.885 0 -0.356738 -0.934204 -1 0 0 0 0.934204 -0.356738 bispqarr.dat
1 7 -64.041 71 6.549 0 -0.356738 -0.934204 -1 0 0 0 0.934204 -0.356738 jacena4.dat
1 7 -55.477 -9.001 -15.875 0 -0.356738 0.934204 1 0 0 0 0.934204 0.356738 pico.dat
1 7 -55.478 31 -15.875 0 -0.356738 0.934204 1 0 0 0 0.934204 0.356738 pico.dat
1 7 -92.466 31 68.595 0 0.931692 0.363251 1 0 0 0 0.363251 -0.931692 baldgord.dat
1 7 -92.466 -9 68.595 0 0.931692 0.363251 1 0 0 0 0.363251 -0.931692 baldgord.dat
1 7 -77.936 -9 31.334 0 0.931692 0.363251 1 0 0 0 0.363251 -0.931692 placa4.dat
1 7 -73.926 31 65.093 0 0.931692 -0.363252 -1 0 0 0 0.363252 0.931692 bispqarr.dat
1 7 -63.213 11 15.604 -0.363251 0.931692 0 0 0 1 0.931692 0.363252 0 placa2x3.dat
1 7 -85.579 51 6.885 0 0.931692 0.363251 1 0 0 0 0.363251 -0.931692 bispqaba.dat
1 7 -4 -9 115 0 0 1 1 0 0 0 1 0 jacena4.dat
1 7 16 31 91 0 0 1 1 0 0 0 1 0 pico.dat
1 7 16 -9 91 0 0 1 1 0 0 0 1 0 pico.dat
1 7 -2.421 51 6.885 0 -0.931692 -0.363251 -1 0 0 0 0.363251 -0.931692 bispqaba.dat
1 7 4.466 31 68.595 0 -0.931692 -0.363251 -1 0 0 0 0.363251 -0.931692 baldgord.dat
1 7 4.466 71 68.595 0 -0.931692 -0.363251 -1 0 0 0 0.363251 -0.931692 baldgord.dat
1 7 -14.074 31 65.093 0 -0.931692 0.363252 1 0 0 0 0.363252 0.931692 bispqarr.dat
1 7 -2.421 11.001 6.885 0 -0.931692 -0.363251 -1 0 0 0 0.363251 -0.931692 bispqaba.dat
1 7 -2.421 11.001 6.885 0 0.356738 0.934204 1 0 0 0 0.934204 -0.356738 bispqarr.dat
1 7 -23.96 -8.999 6.548 0 0.356738 0.934204 1 0 0 0 0.934204 -0.356738 jacena4.dat
1 7 -32.522 71.001 -15.875 0 0.356738 -0.934204 -1 0 0 0 0.934204 0.356738 pico.dat
1 7 -32.522 31.001 -15.875 0 0.356738 -0.934204 -1 0 0 0 0.934204 0.356738 pico.dat
1 7 -2.421 51.001 6.885 0 0.356738 0.934204 1 0 0 0 0.934204 -0.356738 bispqarr.dat
0
