0 Untitled
0 Name: Matrix2.ldr
0 Author: MLCad
0 Unofficial Model
0 ROTATION CENTER 0 0 0 1 "Custom" 
0 ROTATION CONFIG 0 0
1 0 60 24 -305 0 0 -1 0 1 0 1 0 0 placa4x6.dat
1 0 40 40 -215 0 0 -1 0 1 0 1 0 0 placa2x3.dat
1 1 80 32 -75 0 0 -1 0 1 0 1 0 0 alaastro.dat
1 1 20 24 -5 1 0 0 0 1 0 0 0 1 cilind4p.dat
1 1 20 0 -40 1 0 0 0 0 1 0 -1 0 skycab.dat
1 1 -20 0 -32 0 0 1 -1 0 0 0 -1 0 placa2x3.dat
1 1 20 0 -32 0 0 1 -1 0 0 0 -1 0 placa2x3.dat
1 1 -20 -40 -24 0 0 1 -1 0 0 0 -1 0 bald2r.dat
1 1 60 -60 -24 0 0 -1 1 0 0 0 -1 0 bald2r.dat
1 1 20 32 35 1 0 0 0 1 0 0 0 1 cilind4p.dat
1 1 20 40 75 1 0 0 0 1 0 0 0 1 cilind4p.dat
1 1 20 32 125 0 0 -1 0 1 0 1 0 0 alaafmed.dat
1 1 20 24 125 0 0 -1 0 1 0 1 0 0 alaafmed.dat
1 1 60 24 325 -1 0 0 0 1 0 0 0 -1 bald2.dat
1 1 0 24 325 -1 0 0 0 1 0 0 0 -1 bald2.dat
1 1 -20 24 285 0 0 1 0 1 0 -1 0 0 bald1.dat
1 1 40 24 285 0 0 1 0 1 0 -1 0 0 bald1.dat
1 1 40.001 32 385 0 0 1 0 1 0 -1 0 0 placa4.dat
1 1 40.001 32 305 0 0 1 0 1 0 -1 0 0 placa2.dat
1 1 -20 32 305 0 0 1 0 1 0 -1 0 0 placa2.dat
1 0 0 32 365 0 0 1 0 1 0 -1 0 0 placa2x2.dat
1 0 0 32 425 0 0 1 0 1 0 -1 0 0 placa2x3.dat
1 1 -20 32 385 0 0 1 0 1 0 -1 0 0 placa4.dat
1 1 -20 24 365 1 0 0 0 1 0 0 0 1 placa4.dat
1 1 80 24 -75 0 0 -1 0 1 0 1 0 0 alaastro.dat
1 0 100 16 -35 0 0 -1 0 1 0 1 0 0 placa2x3.dat
1 0 80 16.001 25 0 0 -1 0 1 0 1 0 0 placa4.dat
1 0 -20 16 25 0 0 -1 0 1 0 1 0 0 placa4.dat
1 0 59.999 8 -35 1 0 0 0 1 0 0 0 1 bald2.dat
1 0 -40 8 -35 1 0 0 0 1 0 0 0 1 bald2.dat
1 0 90 8 -15 0 0 1 0 1 0 -1 0 0 pastilla.dat
1 1 0 8 -35 1 0 0 0 1 0 0 0 1 rejilla.dat
1 1 120 16 -35 -1 0 0 0 1 0 0 0 -1 bald2r.dat
1 0 80 16.001 -75 0 0 -1 0 1 0 1 0 0 pico.dat
1 1 60 -16 -75 0 0 -1 0 1 0 1 0 0 rallado2.dat
1 0 80 8 -75 0 0 -1 0 1 0 1 0 0 jacena2.dat
1 0 -20 8 -75 0 0 -1 0 1 0 1 0 0 jacena2.dat
1 1 80 -40 -35 -1 0 0 0 1 0 0 0 -1 bald2.dat
1 1 -60 16 -35 -1 0 0 0 1 0 0 0 -1 bald2r.dat
1 0 -40 16 -35 0 0 1 0 1 0 -1 0 0 pico.dat
1 1 -20 -16 -35 0 0 1 0 1 0 -1 0 0 rallado2.dat
1 1 -40 -40 -75 1 0 0 0 1 0 0 0 1 bald2.dat
1 0 90 8 14.999 -0.707107 0 -0.707107 0 1 0 0.707107 0 -0.707107 canonpeq.dat
1 0 -50 8 14.999 -0.707107 0 0.707107 0 1 0 -0.707107 0 -0.707107 canonpeq.dat
1 0 -20 16 -35 0 0 -1 0 1 0 1 0 0 placa2x3.dat
1 0 -50 8 -15 0 0 1 0 1 0 -1 0 0 pastilla.dat
1 0 30 16 -155 0 0 -1 0 1 0 1 0 0 placa4.dat
1 0 60 16 -35 0 0 1 0 1 0 -1 0 0 placa2.dat
1 0 -40 16 -35 0 0 1 0 1 0 -1 0 0 placa2.dat
1 0 -20 16 -15 0 0 1 0 1 0 -1 0 0 placa2x3.dat
1 0 20 16 -15 0 0 1 0 1 0 -1 0 0 placa2x3.dat
1 0 59.999 8 5 0 0 -1 0 1 0 1 0 0 pico.dat
1 0 59.999 8 84.999 0 0 -1 0 1 0 1 0 0 alfapico.dat
1 0 60 8.001 85 0 0 -1 0 1 0 1 0 0 pico.dat
1 0 -20 8.001 125 0 0 1 0 1 0 -1 0 0 pico.dat
1 0 -20 8.001 165 0 0 1 0 1 0 -1 0 0 pico.dat
1 0 -20 8.001 205 0 0 1 0 1 0 -1 0 0 pico.dat
1 0 -20 8.001 85 0 0 1 0 1 0 -1 0 0 pico.dat
1 0 -20 8.001 45 0 0 1 0 1 0 -1 0 0 pico.dat
1 0 59.999 8 165 0 0 -1 0 1 0 1 0 0 alfapico.dat
1 0 59.999 8 165 0 0 -1 0 1 0 1 0 0 pico.dat
1 0 40 16 385 0 0 -1 0 1 0 1 0 0 alfapico.dat
1 0 40 16 425 0 0 -1 0 1 0 1 0 0 alfapico.dat
1 0 0 16 385 0 0 1 0 1 0 -1 0 0 alfapico.dat
1 0 0 16 345 0 0 1 0 1 0 -1 0 0 alfapico.dat
1 0 0 16 405 1 0 0 0 1 0 0 0 1 vntscorp.dat
1 0 20 1 420 -1 0 0 0 0 -1 0 -1 0 llantnq.dat
1 0 40 16 405 -1 0 0 0 1 0 0 0 -1 jacen2x2.dat
1 0 40 -8 385 -1 0 0 0 1 0 0 0 -1 tejado.dat
1 0 30 -16 395 -0.92388 0 -0.382683 0 1 0 0.382683 0 -0.92388 canonpeq.dat
1 0 10 -16 395 -0.83147 0 0.55557 0 1 0 -0.55557 0 -0.83147 canonpeq.dat
1 0 30 -16 375 -0.707107 0 -0.707107 0 1 0 0.707107 0 -0.707107 canonpeq.dat
1 0 10 -16 375 -0.707107 0 0.707107 0 1 0 -0.707107 0 -0.707107 canonpeq.dat
1 0 0 -8.001 365 1 0 0 0 1 0 0 0 1 placa2.dat
1 0 80 16.001 205 -1 0 0 0 1 0 0 0 -1 placa2.dat
1 0 0 16 205 -1 0 0 0 1 0 0 0 -1 placa2.dat
1 0 20 -24 205 1 0 0 0 1 0 0 0 1 bisnraba.dat
1 0 20 -24 205 -1 0 0 0 -1 0 0 0 1 bisnraba.dat
1 0 40 -40 205 -1 0 0 0 -1 0 0 0 1 placa2x2.dat
1 0 20 -24 205 -1 0 0 0 -1 0 0 0 1 bisnreje.dat
1 0 50 8 195 -1 0 0 0 1 0 0 0 -1 tubo.dat
1 0 50 8 175 -1 0 0 0 1 0 0 0 -1 tubo.dat
1 0 50 8 115 -1 0 0 0 1 0 0 0 -1 tubo.dat
1 0 50 8 135 -1 0 0 0 1 0 0 0 -1 tubo.dat
1 0 50 8 155 -1 0 0 0 1 0 0 0 -1 tubo.dat
1 0 -10 8 195 -1 0 0 0 1 0 0 0 -1 tubo.dat
1 0 -10 8 175 -1 0 0 0 1 0 0 0 -1 tubo.dat
1 0 -10 8 115 -1 0 0 0 1 0 0 0 -1 tubo.dat
1 0 -10 8 135 -1 0 0 0 1 0 0 0 -1 tubo.dat
1 0 -10 8 155 -1 0 0 0 1 0 0 0 -1 tubo.dat
1 0 56 2 215 0 -1 0 0 0 1 -1 0 0 chimenea.dat
1 0 48.001 2 255 0 -1 0 0 0 1 -1 0 0 chimenea.dat
1 0 40 2 295 0 -1 0 0 0 1 -1 0 0 chimenea.dat
1 0 40 -8 285 0 -1 0 0 0 1 -1 0 0 placa4.dat
1 0 48 -8 245 0 -1 0 0 0 1 -1 0 0 placa2.dat
1 0 -16 2 215 0 1 0 0 0 -1 -1 0 0 chimenea.dat
1 0 -8 2 255 0 1 0 0 0 -1 -1 0 0 chimenea.dat
1 0 0 2 295 0 1 0 0 0 -1 -1 0 0 chimenea.dat
1 0 0 12 285 0 1 0 0 0 -1 -1 0 0 placa4.dat
1 0 -8 11.999 245 0 1 0 0 0 -1 -1 0 0 placa2.dat
1 1 -40 32 -75 0 0 -1 0 1 0 1 0 0 alaastro.dat
1 0 -20 56 -75 0 0 -1 0 1 0 1 0 0 cuna.dat
1 0 0 80 -75 0 0 -1 0 1 0 1 0 0 cuna.dat
1 0 -20 56 -35 0 0 -1 0 1 0 1 0 0 cuna.dat
1 0 -20 56 5 0 0 -1 0 1 0 1 0 0 cuna.dat
1 0 -20 56 45 0 0 -1 0 1 0 1 0 0 cuna.dat
1 0 -20 56 85 0 0 -1 0 1 0 1 0 0 cuna.dat
1 0 0 56 125 0 0 -1 0 1 0 1 0 0 cuna.dat
1 0 60 56 85 0 0 1 0 1 0 -1 0 0 cuna.dat
1 0 60 56 125 0 0 1 0 1 0 -1 0 0 cuna.dat
1 0 40 56 165 0 0 1 0 1 0 -1 0 0 cuna.dat
1 0 60 56 -35 0 0 1 0 1 0 -1 0 0 cuna.dat
1 0 60 56 5 0 0 1 0 1 0 -1 0 0 cuna.dat
1 0 60 56 45 0 0 1 0 1 0 -1 0 0 cuna.dat
1 0 40 80 5 0 0 1 0 1 0 -1 0 0 cuna.dat
1 0 40 80 -35 0 0 1 0 1 0 -1 0 0 cuna.dat
1 0 0 80 -35 0 0 -1 0 1 0 1 0 0 cuna.dat
1 1 -40 24 -75 0 0 -1 0 1 0 1 0 0 alaastro.dat
1 0 50 24 -135.001 -1 0 0 0 1 0 0 0 -1 placa2x3.dat
1 0 50 32 -134.999 -1 0 0 0 1 0 0 0 -1 placa2x3.dat
1 0 50 40 -95 -1 0 0 0 1 0 0 0 -1 jacen2x3.dat
1 0 40 48 -155 -1 0 0 0 1 0 0 0 -1 placa2.dat
1 0 40.001 32 -195 -1 0 0 0 1 0 0 0 -1 placa2.dat
1 0 60 48 -195 -1 0 0 0 1 0 0 0 -1 placa4.dat
1 0 60 47.999 -175 -1 0 0 0 1 0 0 0 -1 placa4.dat
1 0 40.001 32 -325 0 0 -1 0 1 0 1 0 0 placa2x3.dat
1 0 20 40 -325 0 0 -1 0 1 0 1 0 0 placa2x3.dat
1 0 60.001 40 -325 0 0 -1 0 1 0 1 0 0 placa2x3.dat
1 0 60.001 40 -245 -1 0 0 0 1 0 0 0 -1 placa4.dat
1 383 20 43 -235 0 1 0 1 0 0 0 0 -1 eje15.dat
1 0 20 16 -265 0 0 1 0 1 0 -1 0 0 amortigu.dat
1 0 0 15.999 -185 0 0 1 0 1 0 -1 0 0 jacen2x3.dat
1 0 10 0 -135 0 0 1 0 1 0 -1 0 0 placa2.dat
1 0 10 16 -155 0 0 1 0 1 0 -1 0 0 placa1.dat
1 0 -30 8 -75 0 0 1 0 1 0 -1 0 0 placa4.dat
1 0 -30 47.999 -115 0 0 1 0 1 0 -1 0 0 placa2x2.dat
1 0 -10 40 -135 0 0 1 0 1 0 -1 0 0 placa1.dat
1 0 30 40 -135 0 0 1 0 1 0 -1 0 0 placa1.dat
1 0 -30 48 -75 0 0 1 0 1 0 -1 0 0 placa2x2.dat
1 0 30 16 -75 0 0 1 0 1 0 -1 0 0 placa2x2.dat
1 0 -30 16 -75 0 0 1 0 1 0 -1 0 0 placa2x2.dat
1 0 30 47.999 -115 0 0 1 0 1 0 -1 0 0 placa2x2.dat
1 0 30 48 -75 0 0 1 0 1 0 -1 0 0 placa2x2.dat
1 0 -30 -16.001 -155 0 0 1 0 1 0 -1 0 0 placa1.dat
1 0 50 -16 -155 0 0 1 0 1 0 -1 0 0 placa1.dat
1 0 -30 -24 -95 0 0 1 0 1 0 -1 0 0 jacen2x4.dat
1 0 30 -24 -95 0 0 1 0 1 0 -1 0 0 jacen2x4.dat
1 0 -20.001 -24 -85 0 0 -1 0 1 0 1 0 0 jacena1.dat
1 0 60 -24 -85 0 0 -1 0 1 0 1 0 0 jacena1.dat
1 0 70 8 -245 -1 0 0 0 1 0 0 0 -1 remate_2.dat
1 0 -30 8 -285 1 0 0 0 1 0 0 0 1 remate_2.dat
1 0 50.001 8 -135 -1 0 0 0 1 0 0 0 -1 placa2x3.dat
1 0 50 -16 -135 -1 0 0 0 1 0 0 0 -1 placa2x3.dat
1 0 -30 16.002 -115.001 0 0 1 0 1 0 -1 0 0 placa2x3.dat
1 0 30 16.002 -115.001 0 0 1 0 1 0 -1 0 0 placa2x3.dat
1 0 20 48 -250 0 -1 0 0 0 -1 1 0 0 conotanq.dat
1 0 20 -24 -275 -1 0 0 0 1 0 0 0 -1 rotorinf.dat
1 0 20 -24 -275 -1 0 0 0 1 0 0 0 -1 platfgi2.dat
1 0 0 -8 -135 0 0 1 0 1 0 -1 0 0 placa2x8.dat
1 0 -0.001 -16 -215 1 0 0 0 1 0 0 0 1 pico.dat
1 0 -0.001 -16 -215 1 0 0 0 1 0 0 0 1 placa2x2.dat
1 0 -10 -24 -215 1 0 0 0 1 0 0 0 1 jacen2x3.dat
1 0 40 -16 -255 -1 0 0 0 1 0 0 0 -1 placa2x2.dat
1 0 40 -64 -255 -1 0 0 0 1 0 0 0 -1 respirad.dat
1 0 40 -40 -275 0 0 -1 0 1 0 1 0 0 enganch2.dat
1 0 0.002 -50 -275 0 1 0 0 0 -1 -1 0 0 pastilla.dat
1 0 40 -50 -275 0 -1 0 0 0 -1 1 0 0 pastilla.dat
1 0 10 -54 -315 1 0 0 0 0 -1 0 1 0 chimplac.dat
1 383 10 -53.999 -336 0 -1 0 0 0 -1 1 0 0 eje15.dat
1 383 30 -53.999 -336 0 -1 0 0 0 -1 1 0 0 eje15.dat
1 383 50 39.637 -428.574 0 -1 0 -0.160742 0 -0.986996 0.986996 0 -0.160742 eje15.dat
1 383 -10 39.637 -428.572 0 -1 0 -0.160742 0 -0.986996 0.986996 0 -0.160742 eje15.dat
1 0 0 -40 -254.999 -1 0 0 0 1 0 0 0 -1 alfapico.dat
1 0 20 -40 -275 0 0 1 0 1 0 -1 0 0 pistola.dat
1 0 20 64 65 0 -1 0 0 0 -1 1 0 0 conotanq.dat
1 0 0.001 -40 -275 0 0 1 0 1 0 -1 0 0 pistola.dat
1 0 0 -40 -254.999 0 0 1 0 1 0 -1 0 0 enganch2.dat
1 1 -10 -48 -135 0 0 1 0 1 0 -1 0 0 pico.dat
1 1 -10 -48 -55 0 0 1 0 1 0 -1 0 0 pico.dat
1 0 -38 -50 -215 0 1 0 0 0 1 1 0 0 placa4.dat
1 0 -46 -30 -135 0 1 0 0 0 1 1 0 0 alfapico.dat
1 0 -46 -30 -175 0 1 0 0 0 1 1 0 0 alfapico.dat
1 0 78 -50 -135 0 -1 0 0 0 1 -1 0 0 placa4.dat
1 0 85.999 -29.999 -175.001 0 -1 0 0 0 1 -1 0 0 alfapico.dat
1 0 85.999 -29.999 -215.001 0 -1 0 0 0 1 -1 0 0 alfapico.dat
1 1 -10 -48 -135 0 0 1 0 1 0 -1 0 0 alfapico.dat
1 1 50 -48.001 -95 0 0 -1 0 1 0 1 0 0 pico.dat
1 0 50 -48 -55 0 0 -1 0 1 0 1 0 0 enganch2.dat
1 0 10 -72 -55 0 0 -1 0 1 0 1 0 0 placa1.dat
1 0 50 -72 -35 -1 0 0 0 1 0 0 0 -1 placa2.dat
1 0 50 -40 -75 -1 0 0 0 1 0 0 0 -1 placa2.dat
1 0 9.999 -40 -75 -1 0 0 0 1 0 0 0 -1 placa1.dat
1 0 50 -16 -55 -1 0 0 0 1 0 0 0 -1 jacen2x3.dat
1 0 50.001 8 -75 -1 0 0 0 1 0 0 0 -1 jacen2x3.dat
1 0 40 8 -55 -1 0 0 0 1 0 0 0 -1 jacena2.dat
1 0 40 8 -55 0 0 -1 0 1 0 1 0 0 bald2.dat
1 0 40 40 -55 -1 0 0 0 1 0 0 0 -1 jacena2.dat
1 0 0 80 5 0 0 1 0 1 0 -1 0 0 jacen2x4.dat
1 0 -10 -99.804 -55.981 0 0 -1 -0.19509 0.980785 0 0.980785 0.19509 0 bispqaba.dat
1 0 -10 -99.804 -55.981 0 0.92388 0.382683 -0.19509 -0.37533 0.906127 0.980785 -0.0746578 0.18024 bispqarr.dat
1 0 50 -40 -35 -1 0 0 0 1 0 0 0 -1 placa2x3.dat
1 0 -24.782 -89.9 -74.401 -0.382683 0.92388 0 -0.906127 -0.37533 -0.19509 -0.18024 -0.0746578 0.980785 baldgord.dat
1 0 -17.392 -108.509 3.465 0.382683 0.92388 0 0.906127 -0.37533 0.19509 0.18024 -0.0746578 -0.980785 alfapico.dat
1 0 -39.828 -114.77 -28.368 -0.382683 0.92388 0 -0.906127 -0.37533 -0.19509 -0.18024 -0.0746578 0.980785 pastilla.dat
1 0 -24.782 -97.704 -35.168 -0.382683 0.92388 0 -0.906127 -0.37533 -0.19509 -0.18024 -0.0746578 0.980785 placa2.dat
1 0 -21.217 -115.618 -8.145 0.382683 0.92388 0 0.906127 -0.37533 0.19509 0.18024 -0.0746578 -0.980785 jacena1.dat
1 0 -47.218 -117.624 1.652 0.382683 0.92388 0 0.906127 -0.37533 0.19509 0.18024 -0.0746578 -0.980785 bald1.dat
1 0 -10 -115.411 22.483 0 0.92388 -0.382683 0.19509 -0.37533 -0.906127 -0.980785 -0.0746578 -0.18024 placa2x3.dat
1 0 -17.391 -104.605 -16.152 0 0.92388 -0.382683 0.19509 -0.37533 -0.906127 -0.980785 -0.0746578 -0.18024 placa2x3.dat
1 0 30 -48 -75 0 0 -1 0 1 0 1 0 0 jacena2.dat
1 0 -10 -48 -35 0 0 1 0 1 0 -1 0 0 enganch2.dat
1 1 50 -48 -175.001 0 0 -1 0 1 0 1 0 0 pico.dat
1 1 50 -48.001 -95 0 0 -1 0 1 0 1 0 0 alfapico.dat
1 1 -30 -80 -55 0 0 1 0 1 0 -1 0 0 tobergal.dat
1 1 0 -79.999 -125 0 0 1 0 1 0 -1 0 0 chimplac.dat
1 1 40 -79.999 -125 0 0 1 0 1 0 -1 0 0 chimplac.dat
1 0 40 -87.999 -145 0.707107 0 -0.707107 0 1 0 0.707107 0 0.707107 canonpeq.dat
1 0 0 -87.999 -145 0.707107 0 0.707107 0 1 0 -0.707107 0 0.707107 canonpeq.dat
1 0 40 -64.001 -125 0 0 1 0 1 0 -1 0 0 chimplac.dat
1 0 40 -64.001 -125 0 0 1 0 1 0 -1 0 0 chimplac.dat
1 0 10 -56 35 -0.980785 0 0.19509 0 1 0 -0.19509 0 -0.980785 canonpeq.dat
1 0 30 -56 35 -0.980785 0 -0.19509 0 1 0 0.19509 0 -0.980785 canonpeq.dat
1 0 10 -48 75 -0.980785 0 0.19509 0 1 0 -0.19509 0 -0.980785 canonpeq.dat
1 0 30 -48 75 -0.980785 0 -0.19509 0 1 0 0.19509 0 -0.980785 canonpeq.dat
1 0 10 -64 -5 -0.980785 0 0.19509 0 1 0 -0.19509 0 -0.980785 canonpeq.dat
1 0 30 -64 -5 -0.980785 0 -0.19509 0 1 0 0.19509 0 -0.980785 canonpeq.dat
1 1 20 56 285.001 -1 0 0 0 1 0 0 0 -1 proa4qui.dat
1 1 20 56 165.001 -1 0 0 0 1 0 0 0 -1 quilla_4.dat
1 1 20 -40 224.999 -1 0 0 0 -1 0 0 0 1 quilla_4.dat
1 1 20 -40 224.999 1 0 0 0 -1 0 0 0 -1 proa4qui.dat
1 1 20 -16 264.999 1 0 0 0 -1 0 0 0 -1 proa4p.dat
1 1 40 -16 244.999 1 0 0 0 -1 0 0 0 -1 bald2.dat
1 1 -20 -16 244.999 1 0 0 0 -1 0 0 0 -1 bald2.dat
1 1 -20 -16 244.999 0 0 1 0 -1 0 1 0 0 bald2.dat
1 1 20 -16 244.999 0 0 1 0 -1 0 1 0 0 bald2.dat
1 0 40 -8 284.999 0 0 -1 0 -1 0 -1 0 0 enganch2.dat
1 0 0 -8.001 264.999 0 0 1 0 -1 0 1 0 0 enganch2.dat
1 0 40 -8 304.999 0 0 -1 0 -1 0 -1 0 0 enganch2.dat
1 0 0 -8.001 284.999 0 0 1 0 -1 0 1 0 0 enganch2.dat
1 0 40 -8 324.999 0 0 -1 0 -1 0 -1 0 0 enganch2.dat
1 0 0 -8.001 304.999 0 0 1 0 -1 0 1 0 0 enganch2.dat
1 0 20 8 124.999 0 0 -1 0 1 0 1 0 0 jacena6.dat
1 0 0 8 124.999 0 0 -1 0 1 0 1 0 0 jacena6.dat
1 0 40 16 204.999 0 0 -1 0 1 0 1 0 0 placa2x3.dat
1 0 -46 -30 -215 0 1 0 -1 0 0 0 0 1 alfaturb.dat
1 0 40 16 -244.999 0 0 1 0 1 0 -1 0 0 placa2.dat
1 0 -20 16 -244.999 0 0 1 0 1 0 -1 0 0 placa2.dat
1 0 10 11.564 -417.946 1 0 0 0 0.986996 -0.160742 0 0.160742 0.986996 chimplac.dat
1 0 10 19.462 -416.662 1 0 0 0 0.986996 -0.160742 0 0.160742 0.986996 chimplac.dat
1 0 10 3.669 -419.233 0.980785 0 0.19509 0.0313593 0.986996 -0.157654 -0.192553 0.160742 0.968031 canonpeq.dat
1 0 30 3.668 -419.232 0.980785 0 -0.19509 -0.0313593 0.986996 -0.157654 0.192553 0.160742 0.968031 canonpeq.dat
1 0 39.999 22.533 -385.766 -1 0 0 0 -0.160742 0.986996 0 0.986996 0.160742 enganch2.dat
1 0 20 22.533 -385.766 -1 0 0 0 -0.160742 0.986996 0 0.986996 0.160742 enganch2.dat
1 0 30 36.261 -407.847 1 0 0 0 -0.160742 -0.986996 0 0.986996 -0.160742 chimplac.dat
1 0 20 37.547 -415.742 1 0 0 0 -0.160742 -0.986996 0 0.986996 -0.160742 pastilla.dat
1 0 10 36.261 -407.847 -1 0 0 0 -0.160742 0.986996 0 0.986996 0.160742 chimplac.dat
1 0 20.001 17.854 -406.791 0 0 -1 -0.160742 0.986996 0 0.986996 0.160742 0 vntscorp.dat
1 0 20 11.422 -367.312 0 0 1 0.160742 0.986996 0 -0.986996 0.160742 0 vntscorp.dat
1 0 20 8.208 -347.572 -1 0 0 0 0.986996 0.160742 0 0.160742 -0.986996 enganch2.dat
1 0 40 8.208 -347.572 -1 0 0 0 0.986996 0.160742 0 0.160742 -0.986996 enganch2.dat
1 0 0 -12.266 -371.17 1 0 0 0 0.986996 -0.160742 0 0.160742 0.986996 tejado.dat
1 0 0 -12.266 -371.17 1 0 0 0 0.986996 -0.160742 0 0.160742 0.986996 placa2.dat
1 0 -20 -23.377 -352.716 0 0 1 0.160742 0.986996 0 -0.986996 0.160742 0 bald2x2r.dat
1 0 60 -16.947 -392.195 0 0 -1 -0.160742 0.986996 0 0.986996 0.160742 0 bald2x2r.dat
1 0 20.002 24 -345 -1 0 0 0 0.986996 0.160742 0 0.160742 -0.986996 bisnrarr.dat
1 0 40.001 35.111 -363.454 -1 0 0 0 0.986996 0.160742 0 0.160742 -0.986996 placa2.dat
1 0 40.001 16.104 -346.286 -1 0 0 0 0.986996 0.160742 0 0.160742 -0.986996 placa2x2.dat
1 0 20.002 24 -345 1 0 0 0 1 0 0 0 1 bisnrarr.dat
1 0 0.001 16.002 -325 1 0 0 0 1 0 0 0 1 bald2x2.dat
1 0 40.001 31.999 -285 0 0 1 0 1 0 -1 0 0 placa4.dat
1 0 40.002 32 -205 0 0 1 0 1 0 -1 0 0 placa4.dat
1 0 40.001 31.999 -285 0 0 1 0 1 0 -1 0 0 placa4.dat
1 0 -19.999 31.999 -285 0 0 1 0 1 0 -1 0 0 placa4.dat
1 0 -19.999 32 -205 0 0 1 0 1 0 -1 0 0 placa4.dat
1 0 20.001 48 -285 1 0 0 0 1 0 0 0 1 popa6rem.dat
1 0 -14.999 43 -320 0 0 1 0 -1 0 1 0 0 placa1.dat
1 0 35.001 43 -320 0 0 1 0 -1 0 1 0 0 placa1.dat
1 0 45.001 51 -310 -0.92388 0 -0.382683 0 -1 0 -0.382683 0 0.92388 canonpeq.dat
1 0 -4.999 51 -310 -0.92388 0 0.382683 0 -1 0 0.382683 0 0.92388 canonpeq.dat
1 0 20.001 48 -285 -1 0 0 0 1 0 0 0 -1 popa6rem.dat
1 0 20.002 24 -345 1 0 0 0 0.99939 0.0348992 0 -0.0348992 0.99939 bisnreje.dat
1 0 10 27.355 -415.377 0 0 -1 -0.160742 0.986996 0 0.986996 0.160742 0 chimplac.dat
1 0 30 27.355 -415.377 0 0 -1 -0.160742 0.986996 0 0.986996 0.160742 0 chimplac.dat
1 0 54 1.507 -381.086 0.19509 0.980785 0 -0.157654 0.0313593 0.986996 0.968031 -0.192553 0.160742 chimenea.dat
1 0 -14 1.507 -381.086 -0.19509 -0.980785 0 -0.157654 0.0313593 -0.986996 0.968031 -0.192553 -0.160742 chimenea.dat
1 1 70 -10 -195 0 -1 0 0 0 1 -1 0 0 alaastro.dat
1 1 77.999 10 -95 0 -1 0 0 0 1 -1 0 0 jacena14.dat
1 1 -30 -10 -195 0 1 0 0 0 -1 -1 0 0 alaastro.dat
1 1 -30 -49.999 -115 0 1 0 1 0 0 0 0 -1 placa4x6.dat
1 1 -30 -50 -75 0 1 0 1 0 0 0 0 -1 placa2x3.dat
1 0 -30 10 -75 0 1 0 1 0 0 0 0 -1 placa2x3.dat
1 0 -14 30 -155 0 1 0 1 0 0 0 0 -1 placa4.dat
1 0 -6 30 -155 0 1 0 1 0 0 0 0 -1 placa4.dat
1 0 -22 30 -215 0 1 0 0 0 1 1 0 0 placa2x3.dat
1 0 -40.001 88.001 -135 0 0.707107 -0.707107 0 0.707107 0.707107 1 0 0 bisnrarr.dat
1 0 -40.001 88.001 -135 0 0.707107 -0.707107 0 0.707107 0.707107 1 0 0 bisnreje.dat
1 0 -66.87 103.556 -145 0 0.707107 -0.707107 0 0.707107 0.707107 1 0 0 tuboruta.dat
1 0 -59.799 96.486 -115 0 0.707107 -0.707107 0 0.707107 0.707107 1 0 0 alfapico.dat
1 0 -59.799 96.486 -115 -0.707107 0.707107 0 0.707107 0.707107 0 0 0 -1 placa1.dat
1 0 -72.528 97.899 -125 -0.707107 0.707107 0 0.707107 0.707107 0 0 0 -1 cilindro.dat
1 0 -40.001 88.001 -135 0 0 1 0 1 0 -1 0 0 bisnrarr.dat
1 0 -20 80 -75 0 0 1 0 1 0 -1 0 0 placa4.dat
1 0 -20 72 -75 0 0 1 0 1 0 -1 0 0 jacena4.dat
1 0 40 72 -75 0 0 1 0 1 0 -1 0 0 jacena4.dat
1 0 40 80 -75 0 0 1 0 1 0 -1 0 0 placa4.dat
1 0 60 96.001 -155 0 0 -1 0 1 0 1 0 0 placa4.dat
1 0 0 96 -155 0 0 -1 0 1 0 1 0 0 placa4.dat
1 0 0 88 -142 0 0 1 0 -1 0 1 0 0 respirad.dat
1 0 60 88 -115 0 0 -1 0 1 0 1 0 0 placa4x8.dat
1 0 20 96 -15 0 0 -1 0 1 0 1 0 0 popa4p.dat
1 0 20 96 -15 0 0 1 0 1 0 -1 0 0 popa4p.dat
1 0 40 80 5 0 0 -1 0 1 0 1 0 0 placa2x2.dat
1 0 20 56 45 -1 0 0 0 1 0 0 0 -1 bisnraba.dat
1 0 20 56 45 -1 0 0 0 1 0 0 0 -1 bisnreje.dat
1 0 20 56 45 -1 0 0 0 -1 0 0 0 1 bisnrarr.dat
1 0 20 48 125 0 0 -1 0 -1 0 -1 0 0 placa2x3.dat
1 0 0 56 125 1 0 0 0 -1 0 0 0 -1 baldgord.dat
1 0 60 48 125 0 0 -1 0 -1 0 -1 0 0 placa2x3.dat
1 0 60 48 -35 0 0 -1 0 1 0 1 0 0 placa4x8.dat
1 0 40 40 105 0 0 -1 0 1 0 1 0 0 placa2x2.dat
1 0 40.001 32 125 -1 0 0 0 1 0 0 0 -1 placa2.dat
1 1 -20 32 145 -1 0 0 0 1 0 0 0 -1 placa2x2.dat
1 1 -60 24 145 0 0 1 0 1 0 -1 0 0 bald2x2r.dat
1 1 100 24 105 0 0 -1 0 1 0 1 0 0 bald2x2r.dat
1 0 80 16.001 185 -1 0 0 0 1 0 0 0 -1 placa4x6.dat
1 1 100 32 145 -1 0 0 0 1 0 0 0 -1 placa2x2.dat
1 0 40 24 125 -1 0 0 0 1 0 0 0 -1 placa2.dat
1 0 20 40 165 -1 0 0 0 1 0 0 0 -1 bisnreje.dat
1 0 20 40 165 1 0 0 0 -1 0 0 0 -1 bisnrarr.dat
1 0 20 40 165 1 0 0 0 1 0 0 0 1 bisnraba.dat
1 0 0 56 165 1 0 0 0 1 0 0 0 1 placa2x2.dat
1 0 40 56 245 0 0 -1 0 1 0 1 0 0 jacen2x4.dat
1 0 0 47.999 165 1 0 0 0 -1 0 0 0 -1 respirad.dat
1 0 40 56 -35 0 0 -1 0 1 0 1 0 0 placa2x3.dat
1 0 40 40 -15 0 0 -1 0 1 0 1 0 0 placa2x3.dat
1 0 40 56 -75 0 0 -1 0 1 0 1 0 0 placa2x2.dat
1 0 40 48 -75 0 0 -1 0 1 0 1 0 0 placa2x2.dat
1 0 40.001 32 -15 0 0 -1 0 1 0 1 0 0 placa2x2.dat
1 0 40.001 32 265 0 0 -1 0 1 0 1 0 0 enganc2.dat
1 0 20 32 265 0 0 -1 0 1 0 1 0 0 enganc2.dat
1 0 20 32 285 0 0 -1 0 1 0 1 0 0 enganc2.dat
1 0 40.001 32 285 0 0 -1 0 1 0 1 0 0 enganc2.dat
1 0 40.001 32 305 0 0 -1 0 1 0 1 0 0 enganc2.dat
1 0 20 32 305 0 0 -1 0 1 0 1 0 0 enganc2.dat
1 0 -10 64 55 0 0 -1 0 -1 0 -1 0 0 chimenea.dat
1 0 -10 56 75 0 0 -1 0 -1 0 -1 0 0 chimplac.dat
1 0 50 56 75 0 0 -1 0 -1 0 -1 0 0 chimplac.dat
1 0 -10 56 95 0 0 -1 0 -1 0 -1 0 0 chimenea.dat
1 0 50.001 64 55 0 0 -1 0 -1 0 -1 0 0 chimenea.dat
1 0 50 56 95 0 0 -1 0 -1 0 -1 0 0 chimenea.dat
1 0 70 10 -115 0 -1 0 1 0 0 0 0 1 placa2x3.dat
1 1 70 -49.999 -115 0 -1 0 1 0 0 0 0 1 placa2x3.dat
1 1 70 -50 -195 0 -1 0 1 0 0 0 0 1 placa4x6.dat
1 0 54 110 -155 0 -1 0 -1 0 0 0 0 -1 placa4.dat
1 0 46.001 110.001 -155 0 -1 0 -1 0 0 0 0 -1 placa4.dat
1 0 62.001 30 -155 0 -1 0 0 0 1 -1 0 0 placa2x3.dat
1 0 -22 10 -215.001 0 1 0 0 0 1 1 0 0 placa2x2.dat
1 0 -30 60 -205 0 1 0 -1 0 0 0 0 1 chimplac.dat
1 0 -38 60 -205 0 1 0 -0.83147 0 -0.55557 -0.55557 0 0.83147 canonpeq.dat
1 0 -38 40 -205 0 1 0 -0.980785 0 -0.19509 -0.19509 0 0.980785 canonpeq.dat
1 0 70 60 -205 0 -1 0 -1 0 0 0 0 -1 chimplac.dat
1 0 78 60 -205 0 -1 0 0.83147 0 -0.55557 0.55557 0 0.83147 canonpeq.dat
1 0 78 40 -205 0 -1 0 0.980785 0 -0.19509 0.19509 0 0.980785 canonpeq.dat
1 0 -38 30 -155 0 1 0 0 0 -1 -1 0 0 pico.dat
1 0 -38 30 -155 0 1 0 0 0 -1 -1 0 0 alfapico.dat
1 0 -38 10 -75 0 1 0 0 0 1 1 0 0 alfapico.dat
1 1 -38 -20 -95 0 1 0 0 0 1 1 0 0 pastilla.dat
1 1 -38 -50 -135 0 1 0 0 0 1 1 0 0 baldc2.dat
1 1 78 -20 -95 0 -1 0 0 0 1 -1 0 0 pastilla.dat
1 1 78 -10 -135 0 -1 0 0 0 -1 1 0 0 baldc2.dat
1 1 78 -30 -75 0 -1 0 -1 0 0 0 0 -1 bald2r.dat
1 1 -38 -50 -75.001 0 1 0 1 0 0 0 0 -1 bald2r.dat
1 0 78 10 -115 0 -1 0 0 0 1 -1 0 0 alfapico.dat
1 0 -38 30.001 -75 0 1 0 0 0 -1 -1 0 0 pico.dat
1 0 -38 50.002 -75 0 1 0 1 0 0 0 0 -1 bald2r.dat
1 0 -38 50.002 -115 0 1 0 1 0 0 0 0 -1 bald2.dat
1 0 -38 50.002 -155 0 1 0 1 0 0 0 0 -1 bald2.dat
1 0 78 30 -115 0 -1 0 0 0 -1 1 0 0 pico.dat
1 0 78 70 -115 0 -1 0 -1 0 0 0 0 -1 bald2.dat
1 0 78 70 -155 0 -1 0 -1 0 0 0 0 -1 bald2.dat
1 0 78 70 -75 0 -1 0 -1 0 0 0 0 -1 bald2r.dat
1 0 78 30 -115 0 -1 0 0 0 -1 1 0 0 alfapico.dat
1 0 78 30 -195.001 0 -1 0 0 0 -1 1 0 0 pico.dat
1 1 -37.999 30.001 -95 0 1 0 0 0 -1 -1 0 0 jacena14.dat
1 0 -37.999 30 -415 0 1 0 -1 0 0 0 0 1 enganch2.dat
1 0 -37.999 10 -395 0 1 0 0 0 1 1 0 0 enganch2.dat
1 1 -62.153 10.001 -293.439 0 1 0 0 0 1 1 0 0 placa2.dat
1 1 -62.153 10 -413.439 0 1 0 0 0 1 1 0 0 placa4.dat
1 1 -70.112 30 -332.86 0 0.980785 -0.19509 -1 0 0 0 0.19509 0.980785 bald2r.dat
1 1 -61.999 10 -255 0 1 0 0 0 1 1 0 0 jacena8.dat
1 1 -62.153 20 -303.439 0 1 0 0 0 1 1 0 0 chimenea.dat
1 1 -19.999 -62 -183 0 0 -1 -1 0 0 0 1 0 chimenea.dat
1 1 -9.999 8 -175 0 0 -1 -1 0 0 0 1 0 placa4.dat
1 0 -29.999 8 -175 1 0 0 0 1 0 0 0 1 enganch2.dat
1 0 -29.999 0 -135 0 0 1 0 1 0 -1 0 0 enganch2.dat
1 0 -29.999 0 -115 0 0 1 0 1 0 -1 0 0 enganch2.dat
1 0 70 8 -155 0 0 -1 0 1 0 1 0 0 placa4.dat
1 0 69.999 0 -135 0 0 -1 0 1 0 1 0 0 enganch2.dat
1 0 69.999 0 -155 0 0 -1 0 1 0 1 0 0 enganch2.dat
1 0 69.999 40 -135 0 0 -1 0 1 0 1 0 0 enganch2.dat
1 0 69.999 40 -115 0 0 -1 0 1 0 1 0 0 enganch2.dat
1 0 69.999 40 -95 0 0 -1 0 1 0 1 0 0 enganch2.dat
1 0 69.999 0 -115 0 0 -1 0 1 0 1 0 0 enganch2.dat
1 0 69.999 0 -95 0 0 -1 0 1 0 1 0 0 enganch2.dat
1 0 69.999 40 -155 0 0 -1 0 1 0 1 0 0 enganch2.dat
1 0 -29.999 40 -115 0 0 1 0 1 0 -1 0 0 enganch2.dat
1 0 -29.999 0 -95 0 0 1 0 1 0 -1 0 0 enganch2.dat
1 0 -29.999 40 -95 0 0 1 0 1 0 -1 0 0 enganch2.dat
1 0 -29.999 0 -74.999 0 0 1 0 1 0 -1 0 0 enganch2.dat
1 0 -29.999 40 -75 0 0 1 0 1 0 -1 0 0 enganch2.dat
1 0 20.001 48 -155 -1 0 0 0 0 1 0 1 0 enganch2.dat
1 0 40.001 48 -155 -1 0 0 0 0 1 0 1 0 enganch2.dat
1 0 -29.999 40 -135 0 0 1 0 1 0 -1 0 0 enganch2.dat
1 1 -30 -30.554 -199.059 0 0 -1 -0.92388 -0.382683 0 -0.382683 0.92388 0 pico.dat
1 1 -19.999 -62.001 -197 0 0 -1 -0.980785 -0.19509 0 -0.19509 0.980785 0 chimenea.dat
1 1 60.001 -62 -183 0 0 -1 -1 0 0 0 1 0 chimenea.dat
1 1 50.001 -68 -55 0 -1 0 1 0 0 0 0 1 placa1.dat
1 0 50.001 -78.001 -45 0 -1 0 -0.707107 0 -0.707107 0.707107 0 -0.707107 chimplac.dat
1 1 58.001 -58 -45 0 -1 0 1 0 0 0 0 1 chimenea.dat
1 1 -17.999 -58 -45 0 1 0 1 0 0 0 0 -1 chimenea.dat
1 1 -9.999 -68 -35 0 1 0 1 0 0 0 0 -1 placa1.dat
1 0 -9.999 -78 -45 0 1 0 -0.707107 0 0.707107 0.707107 0 0.707107 chimplac.dat
1 1 70.001 8 -175 0 0 -1 -1 0 0 0 1 0 placa4.dat
1 0 60.001 48 -179 -1 0 0 0 0 1 0 1 0 placa4.dat
1 0 30.001 58 -187 0 0 1 1 0 0 0 1 0 piquito.dat
1 0 10.001 58 -187 0 0 1 1 0 0 0 1 0 piquito.dat
1 0 40.001 108 -163 -1 0 0 0 0 1 0 1 0 pico.dat
1 0 40.001 88 -163 0 0 -1 -1 0 0 0 1 0 baldc2.dat
1 0 0.001 48 -147 0 0 1 1 0 0 0 1 0 placa2x3.dat
1 0 0.001 47.999 -115 0 0 1 1 0 0 0 1 0 placa2x2.dat
1 0 40.001 48 -123.001 -1 0 0 0 0 1 0 1 0 jacena2.dat
1 0 20.001 88 -123.001 1 0 0 0 0 -1 0 1 0 enganch2.dat
1 0 0.001 88 -123.001 1 0 0 0 0 -1 0 1 0 enganch2.dat
1 0 0.001 68 -155 0 0 1 1 0 0 0 1 0 placa2x2.dat
1 0 -19.999 68 -179 0 0 1 1 0 0 0 1 0 placa2.dat
1 0 -19.999 88.001 -187.001 0 0 1 1 0 0 0 1 0 bald1.dat
1 0 -9.999 58 -187 0 0 -1 -1 0 0 0 1 0 chimenea.dat
1 0 -19.999 88.402 -194.764 1 0 0 0 -0.19509 -0.980785 0 0.980785 -0.19509 bald2r.dat
1 0 40.001 88.001 -187.001 0 0 1 1 0 0 0 1 0 bald1.dat
1 0 50.001 58 -187 0 0 -1 -1 0 0 0 1 0 chimenea.dat
1 0 40.001 88.402 -194.764 1 0 0 0 -0.19509 -0.980785 0 0.980785 -0.19509 bald2r.dat
1 0 -21.999 110 -155 0 1 0 0 0 -1 -1 0 0 baldgord.dat
1 0 62.001 110 -195 0 -1 0 0 0 -1 1 0 0 baldgord.dat
1 0 50.001 8 -175 1 0 0 0 1 0 0 0 1 enganch2.dat
1 1 70 -67.509 -214.366 0 0 1 0.92388 -0.382684 0 0.382684 0.92388 0 pico.dat
1 1 60.001 -62.001 -197 0 0 -1 -0.980785 -0.19509 0 -0.19509 0.980785 0 chimenea.dat
1 1 -70.153 19.999 -263.439 0 1 0 0 0 1 1 0 0 chimenea.dat
1 1 -85.999 30 -255 0 1 0 -1 0 0 0 0 1 bald2.dat
1 1 -85.999 20 -115 0 1 0 0 0 1 1 0 0 pastilla.dat
1 0 -37.999 20 -85.001 0 1 0 0 0 1 1 0 0 tuboruta.dat
1 1 -63.999 20 -85.001 0 1 0 0 0 1 1 0 0 jacena1.dat
1 1 -85.999 20 -195 0 1 0 0 0 1 1 0 0 pastilla.dat
1 1 -82.034 20 -273.639 -0.19509 0.980785 0 0 0 1 0.980785 0.19509 0 pastilla.dat
1 1 -70.153 20 -353.44 0 1 0 0 0 1 1 0 0 pastilla.dat
1 1 -85.999 30 -175 0 1 0 -1 0 0 0 0 1 bald2.dat
1 1 -87.999 30.001 -95 0 1 0 -1 0 0 0 0 1 bald2.dat
1 1 -79.999 30 -75 0 1 0 -1 0 0 0 0 1 placa1.dat
1 0 76.001 20 -85.001 0 -1 0 0 0 -1 1 0 0 tuboruta.dat
1 1 104.001 20 -85.001 0 -1 0 0 0 -1 1 0 0 jacena1.dat
1 1 128.001 10 -95 0 -1 0 1 0 0 0 0 1 bald2.dat
1 1 120.001 9.999 -75 0 -1 0 1 0 0 0 0 1 placa1.dat
1 1 -101.999 20 -395 0 1 0 0 0 1 1 0 0 pastilla.dat
1 0 -69.999 30 -415 0 0 -1 -1 0 0 0 1 0 bald2r.dat
1 0 -69.999 30 -415 0 1 0 -1 0 0 0 0 1 enganch2.dat
1 0 -93.999 10 -415 0 1 0 0 0 1 1 0 0 placa1.dat
1 0 -67.999 20 -385 0 1 0 0 0 1 1 0 0 tuboruta.dat
1 1 -68.208 48.714 -406.615 0.55557 0.587938 -0.587938 0.831471 -0.392848 0.392848 0 -0.707107 -0.707107 nrutllnt.dat
1 0 -68.208 48.714 -406.615 0.55557 0.587938 -0.587938 0.831471 -0.392848 0.392848 0 -0.707107 -0.707107 nrutneum.dat
1 0 -27.999 20 -415 1 0 0 0 0 -1 0 1 0 chimenea.dat
1 0 78.001 10 -415 0 -1 0 1 0 0 0 0 1 enganch2.dat
1 0 78.001 10 -375 0 -1 0 0 0 1 -1 0 0 enganch2.dat
1 0 116.39 10 -416.529 0.052336 0 -0.99863 0 1 0 0.99863 0 0.052336 baldgord.dat
1 1 102.002 30 -415 0 -1 0 0 0 -1 1 0 0 placa4.dat
1 1 102.001 30.001 -295 0 -1 0 0 0 -1 1 0 0 placa2.dat
1 1 109.96 10 -334.421 0 -0.980785 0.19509 1 0 0 0 0.19509 0.980785 bald2r.dat
1 1 102.001 30.001 -254.999 0 -1 0 0 0 -1 1 0 0 jacena8.dat
1 1 102 20 -305 0 -1 0 0 0 -1 1 0 0 chimenea.dat
1 1 110.001 20 -265 0 -1 0 0 0 -1 1 0 0 chimenea.dat
1 1 126.001 10 -255 0 -1 0 1 0 0 0 0 1 bald2.dat
1 1 126.001 20 -115 0 -1 0 0 0 -1 1 0 0 pastilla.dat
1 1 126 20.001 -195 0 -1 0 0 0 -1 1 0 0 pastilla.dat
1 1 121.882 20.001 -275.2 0.19509 -0.980785 0 0 0 -1 0.980785 0.19509 0 pastilla.dat
1 1 110 20 -355.001 0 -1 0 0 0 -1 1 0 0 pastilla.dat
1 1 126.001 10 -174.999 0 -1 0 1 0 0 0 0 1 bald2.dat
1 1 142.001 20 -395 0 -1 0 0 0 -1 1 0 0 pastilla.dat
1 0 110.001 10 -415 0 0 1 1 0 0 0 1 0 bald2r.dat
1 0 110.001 10 -415 0 -1 0 1 0 0 0 0 1 enganch2.dat
1 0 134.002 30 -415 0 -1 0 0 0 -1 1 0 0 placa1.dat
1 0 108.001 20 -385 0 -1 0 0 0 -1 1 0 0 tuboruta.dat
1 0 68.001 20 -415 -1 0 0 0 0 1 0 1 0 chimenea.dat
1 0 -78.482 10.001 -376.584 0.052336 0 0.99863 0 1 0 -0.99863 0 0.052336 baldgord.dat
1 0 -92.5 0 -385 0 -0.55557 0.83147 0 -0.831471 -0.55557 1 0 0 mastilm.dat
1 0 -112.5 -29.931 -385 0 -0.55557 0.83147 0 -0.831471 -0.55557 1 0 0 tubo.dat
1 0 -92.5 0 -385 0 0 -1 0 -1 0 -1 0 0 mastilh.dat
1 1 -69.4 60.419 -166.315 0.195091 -0.69352 0.69352 -0.980785 -0.137949 0.137949 0 -0.707107 -0.707107 nrutllnt.dat
1 0 -69.4 60.419 -166.315 0.195091 -0.69352 0.69352 -0.980785 -0.137949 0.137949 0 -0.707107 -0.707107 nrutneum.dat
1 0 -86.669 112.042 -144.7 0 -0.195091 -0.980785 0 0.980785 -0.195091 1 0 0 mastilm.dat
1 0 -93.692 147.35 -144.7 0 -0.195091 -0.980785 0 0.980785 -0.195091 1 0 0 tubo.dat
1 0 -86.669 112.042 -144.7 0 -0.707107 0.707107 0 0.707107 0.707107 -1 0 0 mastilh.dat
1 1 -42.67 105.54 -123.315 0.980785 -0.13795 0.13795 0.19509 0.69352 -0.693519 0 0.707107 0.707107 nrutllnt.dat
1 0 -42.67 105.54 -123.315 0.980785 -0.13795 0.13795 0.19509 0.69352 -0.693519 0 0.707107 0.707107 nrutneum.dat
1 0 -96.974 101.738 -144.93 0 -0.980785 -0.19509 0 -0.19509 0.980785 -1 0 0 mastilm.dat
1 0 -132.28 94.714 -144.93 0 -0.980785 -0.19509 0 -0.19509 0.980785 -1 0 0 tubo.dat
1 0 -96.974 101.738 -144.93 0 -0.707107 -0.707107 0 0.707107 -0.707107 1 0 0 mastilh.dat
1 0 80 88.001 -135 0 -0.707107 0.707107 0 0.707107 0.707107 -1 0 0 bisnrarr.dat
1 0 80 88.001 -135 0 -0.707107 0.707107 0 0.707107 0.707107 -1 0 0 bisnreje.dat
1 0 106.87 103.556 -145 0 -0.707107 0.707107 0 0.707107 0.707107 -1 0 0 tuboruta.dat
1 0 99.799 96.486 -155 0 -0.707107 0.707107 0 0.707107 0.707107 -1 0 0 alfapico.dat
1 0 99.799 96.486 -135 0.707107 -0.707107 0 0.707107 0.707107 0 0 0 1 placa1.dat
1 0 112.527 97.899 -125 0.707107 -0.707107 0 0.707107 0.707107 0 0 0 1 cilindro.dat
1 0 80 88.001 -135 0 0 -1 0 1 0 1 0 0 bisnrarr.dat
1 0 80 80 -115 -1 0 0 0 1 0 0 0 -1 bald2.dat
1 0 -20 80 -115 -1 0 0 0 1 0 0 0 -1 bald2.dat
1 1 109.4 60.419 -123.685 -0.195091 0.69352 -0.69352 -0.980785 -0.137949 0.137949 0 0.707107 0.707107 nrutllnt.dat
1 0 109.4 60.419 -123.685 -0.195091 0.69352 -0.69352 -0.980785 -0.137949 0.137949 0 0.707107 0.707107 nrutneum.dat
1 0 126.669 112.042 -145.299 0 0.19509 0.980785 0 0.980785 -0.19509 -1 0 0 mastilm.dat
1 0 133.692 147.35 -145.3 0 0.195091 0.980785 0 0.980785 -0.195091 -1 0 0 tubo.dat
1 0 126.669 112.042 -145.299 0 0.707107 -0.707107 0 0.707107 0.707107 1 0 0 mastilh.dat
1 1 82.67 105.54 -166.686 -0.980785 0.13795 -0.13795 0.19509 0.693519 -0.69352 0 -0.707107 -0.707107 nrutllnt.dat
1 0 82.67 105.54 -166.686 -0.980785 0.13795 -0.13795 0.19509 0.693519 -0.69352 0 -0.707107 -0.707107 nrutneum.dat
1 0 136.974 101.738 -145.07 0 0.980785 0.19509 0 -0.19509 0.980785 1 0 0 mastilm.dat
1 0 172.28 94.714 -145.07 0 0.980785 0.19509 0 -0.19509 0.980785 1 0 0 tubo.dat
1 0 136.974 101.738 -145.07 0 0.707107 0.707107 0 0.707107 -0.707107 -1 0 0 mastilh.dat
1 0 -20 72 25 0 0.707107 -0.707107 0 0.707107 0.707107 1 0 0 bisnrarr.dat
1 0 -20 72 25 0 0.707107 -0.707107 0 0.707107 0.707107 1 0 0 bisnreje.dat
1 0 -46.87 87.557 15 0 0.707107 -0.707107 0 0.707107 0.707107 1 0 0 tuboruta.dat
1 0 -39.799 80.486 45 0 0.707107 -0.707107 0 0.707107 0.707107 1 0 0 alfapico.dat
1 0 -39.799 80.486 45 -0.707107 0.707107 0 0.707107 0.707107 0 0 0 -1 placa1.dat
1 0 -52.527 81.899 35 -0.707107 0.707107 0 0.707107 0.707107 0 0 0 -1 cilindro.dat
1 0 -20 72 25 0 0 1 0 1 0 -1 0 0 bisnrarr.dat
1 1 -49.4 44.419 -6.315 0.195091 -0.69352 0.69352 -0.980785 -0.137949 0.137949 0 -0.707107 -0.707107 nrutllnt.dat
1 0 -49.4 44.419 -6.315 0.195091 -0.69352 0.69352 -0.980785 -0.137949 0.137949 0 -0.707107 -0.707107 nrutneum.dat
1 0 -66.669 96.042 15.3 0 -0.195091 -0.980785 0 0.980785 -0.195091 1 0 0 mastilm.dat
1 0 -73.692 131.35 15.3 0 -0.195091 -0.980785 0 0.980785 -0.195091 1 0 0 tubo.dat
1 0 -66.669 96.042 15.3 0 -0.707107 0.707107 0 0.707107 0.707107 -1 0 0 mastilh.dat
1 1 -22.67 89.54 36.685 0.980785 -0.13795 0.13795 0.19509 0.69352 -0.693519 0 0.707107 0.707107 nrutllnt.dat
1 0 -22.67 89.54 36.685 0.980785 -0.13795 0.13795 0.19509 0.69352 -0.693519 0 0.707107 0.707107 nrutneum.dat
1 0 -76.974 85.738 15.07 0 -0.980785 -0.19509 0 -0.19509 0.980785 -1 0 0 mastilm.dat
1 0 -112.28 78.714 15.07 0 -0.980785 -0.19509 0 -0.19509 0.980785 -1 0 0 tubo.dat
1 0 -76.974 85.738 15.07 0 -0.707107 -0.707107 0 0.707107 -0.707107 1 0 0 mastilh.dat
1 0 60 72.001 25 0 -0.707107 0.707107 0 0.707107 0.707107 -1 0 0 bisnrarr.dat
1 0 60 72.001 25 0 -0.707107 0.707107 0 0.707107 0.707107 -1 0 0 bisnreje.dat
1 0 86.87 87.556 15 0 -0.707107 0.707107 0 0.707107 0.707107 -1 0 0 tuboruta.dat
1 0 79.799 80.486 5 0 -0.707107 0.707107 0 0.707107 0.707107 -1 0 0 alfapico.dat
1 0 79.799 80.486 25 0.707107 -0.707107 0 0.707107 0.707107 0 0 0 1 placa1.dat
1 0 92.527 81.899 35 0.707107 -0.707107 0 0.707107 0.707107 0 0 0 1 cilindro.dat
1 0 60 72.001 25 0 0 -1 0 1 0 1 0 0 bisnrarr.dat
1 1 89.4 44.419 36.315 -0.195091 0.69352 -0.69352 -0.980785 -0.137949 0.137949 0 0.707107 0.707107 nrutllnt.dat
1 0 89.4 44.419 36.315 -0.195091 0.69352 -0.69352 -0.980785 -0.137949 0.137949 0 0.707107 0.707107 nrutneum.dat
1 0 106.669 96.041 14.701 0 0.19509 0.980785 0 0.980785 -0.19509 -1 0 0 mastilm.dat
1 0 113.692 131.35 14.7 0 0.195091 0.980785 0 0.980785 -0.195091 -1 0 0 tubo.dat
1 0 106.669 96.041 14.701 0 0.707107 -0.707107 0 0.707107 0.707107 1 0 0 mastilh.dat
1 1 62.67 89.54 -6.686 -0.980785 0.13795 -0.13795 0.19509 0.693519 -0.69352 0 -0.707107 -0.707107 nrutllnt.dat
1 0 62.67 89.54 -6.686 -0.980785 0.13795 -0.13795 0.19509 0.693519 -0.69352 0 -0.707107 -0.707107 nrutneum.dat
1 0 116.974 85.738 14.93 0 0.980785 0.19509 0 -0.19509 0.980785 1 0 0 mastilm.dat
1 0 152.28 78.714 14.93 0 0.980785 0.19509 0 -0.19509 0.980785 1 0 0 tubo.dat
1 0 116.974 85.738 14.93 0 0.707107 0.707107 0 0.707107 -0.707107 -1 0 0 mastilh.dat
1 0 79.985 23.758 345 0 -0.382683 0.92388 0 0.92388 0.382683 -1 0 0 bisnrarr.dat
1 0 79.985 23.758 345 0 -0.382683 0.92388 0 0.92388 0.382683 -1 0 0 bisnreje.dat
1 0 83.046 16.367 365 0 -0.382683 0.92388 0 0.92388 0.382683 -1 0 0 placa2.dat
1 0 95.346 12.802 345 0 -0.382683 0.92388 0 0.92388 0.382683 -1 0 0 pastilla.dat
1 0 119.563 6.599 335 0 0.382683 0.92388 0 -0.92388 0.382683 1 0 0 chimplac.dat
1 0 79.985 23.758 345 0 0 -1 0 1 0 1 0 0 bisnrarr.dat
1 0 39.985 23.758 365 -1 0 0 0 1 0 0 0 -1 jacen2x2.dat
1 0 -0.015 -0.243 365 0 0 1 0 1 0 -1 0 0 bald2x2.dat
1 0 49.985 15.758 335 -1 0 0 0 1 0 0 0 -1 piquito.dat
1 0 -10.015 15.758 335 -1 0 0 0 1 0 0 0 -1 piquito.dat
1 0 -40.015 15.757 325 1 0 0 0 1 0 0 0 1 bald2r.dat
1 0 59.985 15.758 325 1 0 0 0 1 0 0 0 1 bald2r.dat
1 1 115.033 -23.513 356.315 -0.195091 0.693519 -0.693519 -0.980786 -0.13795 0.13795 0 0.707107 0.707107 nrutllnt.dat
1 0 115.033 -23.513 356.315 -0.195091 0.693519 -0.693519 -0.980786 -0.13795 0.13795 0 0.707107 0.707107 nrutneum.dat
1 0 132.301 28.109 334.701 0 0.19509 0.980786 0 0.980786 -0.19509 -1 0 0 mastilm.dat
1 0 132.301 28.109 334.701 0 0.92388 -0.382683 0 0.382683 0.92388 1 0 0 mastilh.dat
1 1 96.429 69.592 333.314 -0.555571 0.587936 -0.587937 0.83147 0.392847 -0.392847 0 -0.707107 -0.707107 nrutllnt.dat
1 0 96.429 69.592 333.314 -0.555571 0.587936 -0.587937 0.83147 0.392847 -0.392847 0 -0.707107 -0.707107 nrutneum.dat
1 0 132.138 28.505 354.929 0 0.555571 0.83147 0 -0.83147 0.555571 1 0 0 mastilm.dat
1 0 132.138 28.505 354.929 0 0.92388 0.382683 0 0.382683 -0.92388 -1 0 0 mastilh.dat
1 0 -39.999 23.764 345 0 0.382684 -0.92388 0 0.92388 0.382684 1 0 0 bisnrarr.dat
1 0 -39.999 23.764 345 0 0.382684 -0.92388 0 0.92388 0.382684 1 0 0 bisnreje.dat
1 0 -43.06 16.373 325 0 0.382684 -0.92388 0 0.92388 0.382684 1 0 0 placa2.dat
1 0 -55.359 12.808 345 0 0.382684 -0.92388 0 0.92388 0.382684 1 0 0 pastilla.dat
1 0 -79.577 6.604 355 0 -0.382684 -0.92388 0 -0.92388 0.382684 -1 0 0 chimplac.dat
1 0 -39.999 23.764 345 0 0 1 0 1 0 -1 0 0 bisnrarr.dat
1 1 -75.047 -23.507 313.685 0.195091 -0.693519 0.693519 -0.980786 -0.13795 0.13795 0 -0.707107 -0.707107 nrutllnt.dat
1 0 -75.047 -23.507 313.685 0.195091 -0.693519 0.693519 -0.980786 -0.13795 0.13795 0 -0.707107 -0.707107 nrutneum.dat
1 0 -92.315 28.115 335.299 0 -0.195091 -0.980786 0 0.980786 -0.195091 1 0 0 mastilm.dat
1 0 -99.338 63.423 335.299 0 -0.195091 -0.980786 0 0.980786 -0.195091 1 0 0 tubo.dat
1 0 -92.315 28.115 355.299 0 -0.92388 0.382684 0 0.382684 0.92388 -1 0 0 mastilh.dat
1 1 -56.443 69.598 376.686 0.555571 -0.587936 0.587937 0.83147 0.392847 -0.392847 0 0.707107 0.707107 nrutllnt.dat
1 0 -56.443 69.598 376.686 0.555571 -0.587936 0.587937 0.83147 0.392847 -0.392847 0 0.707107 0.707107 nrutneum.dat
1 0 -92.152 28.511 355.071 0 -0.555571 -0.83147 0 -0.83147 0.555571 -1 0 0 mastilm.dat
1 0 -112.153 -1.423 355.071 0 -0.555571 -0.83147 0 -0.83147 0.555571 -1 0 0 tubo.dat
1 0 -92.152 28.511 335.071 0 -0.92388 -0.382684 0 0.382684 -0.92388 1 0 0 mastilh.dat
1 0 -19.999 23.764 405 0 0.382684 -0.92388 0 0.92388 0.382684 1 0 0 bisnrarr.dat
1 0 -19.999 23.764 405 0 0.382684 -0.92388 0 0.92388 0.382684 1 0 0 bisnreje.dat
1 0 -23.06 16.373 385 0 0.382684 -0.92388 0 0.92388 0.382684 1 0 0 placa2.dat
1 0 -35.359 12.807 405 0 0.382684 -0.92388 0 0.92388 0.382684 1 0 0 pastilla.dat
1 0 -59.577 6.604 415 0 -0.382684 -0.92388 0 -0.92388 0.382684 -1 0 0 chimplac.dat
1 0 -19.999 23.764 405 0 0 1 0 1 0 -1 0 0 bisnrarr.dat
1 1 -55.047 -23.507 373.685 0.195091 -0.693519 0.693519 -0.980786 -0.13795 0.13795 0 -0.707107 -0.707107 nrutllnt.dat
1 0 -55.047 -23.507 373.685 0.195091 -0.693519 0.693519 -0.980786 -0.13795 0.13795 0 -0.707107 -0.707107 nrutneum.dat
1 0 -72.315 28.115 395.299 0 -0.195091 -0.980786 0 0.980786 -0.195091 1 0 0 mastilm.dat
1 0 -79.338 63.423 395.299 0 -0.195091 -0.980786 0 0.980786 -0.195091 1 0 0 tubo.dat
1 0 -72.315 28.115 415.299 0 -0.92388 0.382684 0 0.382684 0.92388 -1 0 0 mastilh.dat
1 1 -36.443 69.598 436.686 0.555571 -0.587936 0.587937 0.83147 0.392847 -0.392847 0 0.707107 0.707107 nrutllnt.dat
1 0 -36.443 69.598 436.686 0.555571 -0.587936 0.587937 0.83147 0.392847 -0.392847 0 0.707107 0.707107 nrutneum.dat
1 0 -72.152 28.511 415.071 0 -0.555571 -0.83147 0 -0.83147 0.555571 -1 0 0 mastilm.dat
1 0 -92.152 -1.424 415.071 0 -0.555571 -0.83147 0 -0.83147 0.555571 -1 0 0 tubo.dat
1 0 -72.152 28.511 395.071 0 -0.92388 -0.382684 0 0.382684 -0.92388 1 0 0 mastilh.dat
1 0 59.977 23.807 405 0 -0.382683 0.92388 0 0.92388 0.382683 -1 0 0 bisnrarr.dat
1 0 59.977 23.807 405 0 -0.382683 0.92388 0 0.92388 0.382683 -1 0 0 bisnreje.dat
1 0 63.038 16.417 425 0 -0.382683 0.92388 0 0.92388 0.382683 -1 0 0 placa2.dat
1 0 75.338 12.851 405 0 -0.382683 0.92388 0 0.92388 0.382683 -1 0 0 pastilla.dat
1 0 99.555 6.647 395 0 0.382683 0.92388 0 -0.92388 0.382683 1 0 0 chimplac.dat
1 0 59.977 23.807 405 0 0 -1 0 1 0 1 0 0 bisnrarr.dat
1 0 112.293 28.158 394.701 0 0.92388 -0.382683 0 0.382683 0.92388 1 0 0 mastilh.dat
1 1 78.088 67.147 393.314 -0.55557 0.587936 -0.587937 0.83147 0.392846 -0.392847 0 -0.707107 -0.707107 nrutllnt.dat
1 0 75.309 71.304 393.314 -0.55557 0.587936 -0.587937 0.83147 0.392846 -0.392847 0 -0.707107 -0.707107 nrutneum.dat
1 0 112.13 28.554 414.929 0 0.55557 0.83147 0 -0.83147 0.55557 1 0 0 mastilm.dat
1 0 133.798 -3.874 414.929 0 0.55557 0.83147 0 -0.83147 0.55557 1 0 0 tubo.dat
1 1 108.912 -22.807 373.314 -0.19509 -0.693518 0.693519 -0.980785 0.137949 -0.13795 0 -0.707107 -0.707107 nrutllnt.dat
1 0 107.938 -27.71 373.314 -0.19509 -0.693518 0.693519 -0.980785 0.137949 -0.13795 0 -0.707107 -0.707107 nrutneum.dat
1 0 112.13 28.554 394.929 0 0.19509 -0.980785 0 0.980785 0.19509 1 0 0 mastilm.dat
1 0 119.739 66.805 394.929 0 0.19509 -0.980785 0 0.980785 0.19509 1 0 0 tubo.dat
1 0 112.13 28.554 414.929 0 0.92388 0.382683 0 0.382683 -0.92388 -1 0 0 mastilh.dat
1 0 154.407 -2.99 354.929 0 0.55557 0.83147 0 -0.83147 0.55557 1 0 0 tubo.dat
1 0 140.348 67.689 334.929 0 0.19509 -0.980785 0 0.980785 0.19509 1 0 0 tubo.dat
1 0 -28.868 -133.774 -11.584 0 0.92388 -0.382683 0.19509 -0.37533 -0.906127 -0.980785 -0.0746578 -0.18024 tuboruta.dat
1 1 -47.715 -99.794 16.908 -0.19509 -0.69352 0.69352 0.96194 -0.273249 -0.00265031 0.191342 0.666607 0.720433 nrutllnt.dat
1 0 -47.715 -99.794 16.908 -0.19509 -0.69352 0.69352 0.96194 -0.273249 -0.00265031 0.191342 0.666607 0.720433 nrutneum.dat
1 0 -43.913 -148.838 -14.885 0 0.19509 -0.980785 0.19509 -0.96194 -0.191342 -0.980785 -0.191342 -0.0380602 mastilm.dat
1 0 -36.888 -183.464 -21.774 0 0.19509 -0.980785 0.19509 -0.96194 -0.191342 -0.980785 -0.191342 -0.0380602 tubo.dat
1 0 -43.913 -148.838 -14.885 0 -0.382683 0.92388 -0.19509 -0.906127 -0.37533 0.980785 -0.18024 -0.0746578 mastilh.dat
