0 Untitled
0 Name: Milano.ldr
0 Author: MLCad
0 Unofficial Model
0 ROTATION CENTER 0 0 0 1 "Custom" 
0 ROTATION CONFIG 0 0
1 8 -711.294 116.038 232.115 0 0 -1 -0.92388 -0.382684 0 -0.382683 0.92388 0 pico.dat
1 4 -691.289 106.852 254.293 0 0 -1 -0.92388 -0.382684 0 -0.382683 0.92388 0 pico.dat
1 4 -671.307 97.667 276.457 0 0 -1 -0.92388 -0.382684 0 -0.382683 0.92388 0 pico.dat
1 4 -671.307 134.625 291.763 0 0 -1 -0.92388 -0.382684 0 -0.382683 0.92388 0 pico.dat
1 8 -671.307 171.583 307.072 0 0 -1 -0.92388 -0.382684 0 -0.382683 0.92388 0 pico.dat
1 8 -671.307 208.537 322.379 0 0 -1 -0.92388 -0.382684 0 -0.382683 0.92388 0 pico.dat
1 8 -711.294 79.085 216.808 0 0 1 0.92388 -0.382684 0 0.382683 0.92388 0 pico.dat
1 4 -731.29 69.896 238.988 0 0 1 0.92388 -0.382684 0 0.382683 0.92388 0 pico.dat
1 4 -751.289 60.719 261.148 0 0 1 0.92388 -0.382684 0 0.382683 0.92388 0 pico.dat
1 4 -751.288 97.672 276.454 0 0 1 0.92388 -0.382684 0 0.382683 0.92388 0 pico.dat
1 8 -751.288 134.626 291.76 0 0 1 0.92388 -0.382684 0 0.382683 0.92388 0 pico.dat
1 8 -751.288 171.584 307.069 0 0 1 0.92388 -0.382684 0 0.382683 0.92388 0 pico.dat
1 4 -731.287 88.484 298.637 0 0 -1 -0.92388 -0.382684 0 -0.382683 0.92388 0 cuna.dat
1 4 -691.288 51.527 283.337 0 0 1 0.92388 -0.382684 0 0.382683 0.92388 0 cuna.dat
1 4 -731.292 125.442 313.938 0 0 -1 -0.92388 -0.382684 0 -0.382683 0.92388 0 cuna.dat
1 4 -691.283 88.483 298.639 0 0 1 0.92388 -0.382684 0 0.382683 0.92388 0 cuna.dat
1 4 -731.292 162.4 329.246 0 0 -1 -0.92388 -0.382684 0 -0.382683 0.92388 0 cuna.dat
1 4 -691.283 125.439 313.946 0 0 1 0.92388 -0.382684 0 0.382683 0.92388 0 cuna.dat
1 8 -731.292 199.352 344.553 0 0 -1 -0.92388 -0.382684 0 -0.382683 0.92388 0 cuna.dat
1 8 -671.307 171.583 307.072 -1 0 0 0 -0.382684 0.92388 0 0.92388 0.382683 jacen2x4.dat
1 4 -671.307 134.625 291.763 -1 0 0 0 -0.382684 0.92388 0 0.92388 0.382683 jacen2x4.dat
1 4 -747.243 129.935 250.828 0 1 0 0.92388 0 0.382684 0.382683 0 -0.92388 bispqaba.dat
1 4 -731.251 103.8 261.659 0 1 0 0.92388 0 0.382684 0.382683 0 -0.92388 placa2.dat
1 4 -747.293 129.925 250.851 0 0.766044 -0.642787 -0.92388 -0.245984 -0.293152 -0.382683 0.593858 0.707732 bispqarr.dat
1 4 -721.583 234.041 260.81 0 0.766044 -0.642787 -0.92388 -0.245984 -0.293152 -0.382683 0.593858 0.707732 placa4.dat
1 4 -727.715 106.66 202.491 0 0.766044 -0.642787 -0.92388 -0.245984 -0.293152 -0.382683 0.593858 0.707732 baldc2.dat
1 4 -753.427 94.938 230.795 0 0.766044 -0.642787 -0.92388 -0.245984 -0.293152 -0.382683 0.593858 0.707732 baldc2.dat
1 4 -721.581 160.129 230.196 0 0.766044 -0.642787 -0.92388 -0.245984 -0.293152 -0.382683 0.593858 0.707732 placa4.dat
1 4 -727.747 106.666 202.481 -0.642787 0.766044 0 -0.293152 -0.245984 0.92388 0.707732 0.593858 0.382683 baldc4in.dat
1 4 -734.491 80.355 213.735 -0.642787 0.766044 0 -0.293152 -0.245984 0.92388 0.707732 0.593858 0.382683 placa2x3.dat
1 4 -648.901 62.803 256.114 -0.642787 -0.766045 0 0.293152 -0.245984 0.92388 -0.707732 0.593858 0.382683 placa2x3.dat
1 4 -681.339 174.752 247.151 -0.642787 -0.766045 0 0.293152 -0.245984 0.92388 -0.707732 0.593858 0.382683 baldc2.dat
1 4 -681.339 211.709 262.46 -0.642787 -0.766045 0 0.293152 -0.245984 0.92388 -0.707732 0.593858 0.382683 baldc1.dat
1 4 -727.748 180.577 233.095 -0.642787 0.766044 0 -0.293152 -0.245984 0.92388 0.707732 0.593858 0.382683 baldc2.dat
1 4 -727.748 217.531 248.401 -0.642787 0.766044 0 -0.293152 -0.245984 0.92388 0.707732 0.593858 0.382683 baldc1.dat
1 4 -671.307 60.717 261.149 -1 0 0 0 -0.382684 0.92388 0 0.92388 0.382683 jacen2x4.dat
1 8 -691.283 162.393 329.254 0 0 1 0.92388 -0.382684 0 0.382683 0.92388 0 cuna.dat
1 4 -691.288 51.527 283.337 0 0 1 0.92388 -0.382684 0 0.382683 0.92388 0 cuna.dat
1 8 -751.281 85.421 306.032 0 0 1 0.92388 -0.382684 0 0.382683 0.92388 0 placa4x6.dat
1 8 -711.29 150.15 358.811 -1 0 0 0 -0.382684 0.92388 0 0.92388 0.382683 cuna.dat
1 8 -671.293 150.151 358.812 -1 0 0 0 -0.382684 0.92388 0 0.92388 0.382683 cuna.dat
1 8 -711.291 122.493 373.328 -1 0 0 0 -0.382684 0.92388 0 0.92388 0.382683 cuna.dat
1 8 -671.285 122.487 373.328 -1 0 0 0 -0.382684 0.92388 0 0.92388 0.382683 cuna.dat
1 4 -671.294 113.194 343.506 -1 0 0 0 -0.382684 0.92388 0 0.92388 0.382683 jacen2x4.dat
1 4 -691.294 45.414 298.095 0 0 1 0.92388 -0.382684 0 0.382683 0.92388 0 placa4.dat
1 4 -691.304 48.47 290.714 0 0 1 0.92388 -0.382684 0 0.382683 0.92388 0 placa2.dat
1 4 -751.281 48.465 290.724 0 0 1 0.92388 -0.382684 0 0.382683 0.92388 0 placa2.dat
1 4 -751.293 45.41 298.102 0 0 1 0.92388 -0.382684 0 0.382683 0.92388 0 placa4.dat
1 1 -1080.52 -41.279 528.297 0.766045 0 0.642787 0.245984 0.92388 -0.293152 -0.593858 0.382683 0.707732 alaastro.dat
1 4 -1116.14 -19.834 569.532 -0.751326 0.149447 -0.642787 -0.0610183 0.954116 0.293152 0.657106 0.259475 -0.707732 alaastro.dat
1 8 -1083.56 -9.319 572.567 -0.707733 0.293153 -0.642787 0.126294 0.947687 0.293152 0.6951 0.126294 -0.707732 alaastro.dat
1 1 -1119.15 -4.29 585.773 -0.707733 -0.293153 0.642787 0.126294 -0.947687 -0.293152 0.6951 -0.126294 0.707732 placa2x2.dat
1 8 -1118.1 -0.045 614.84 -0.707733 -0.293153 0.642787 0.126294 -0.947687 -0.293152 0.6951 -0.126294 0.707732 popa4p.dat
1 8 -1118.1 -0.045 614.84 0.707733 -0.293153 -0.642787 -0.126294 -0.947687 0.293152 -0.6951 -0.126294 -0.707732 popa4p.dat
1 8 -1117.06 4.198 643.907 0.707733 -0.293153 -0.642787 -0.126294 -0.947687 0.293152 -0.6951 -0.126294 -0.707732 respirad.dat
1 1 -1101.1 -18.612 556.387 -0.642787 0.149447 0.751326 0.293152 0.954116 0.0610183 -0.707732 0.259475 -0.657106 bispqarr.dat
1 1 -1101.1 -18.617 556.386 -0.642787 0.293152 0.707732 0.293152 0.947687 -0.126294 -0.707732 0.126294 -0.6951 bispqaba.dat
1 1 -1075.41 -30.341 584.705 -0.642787 0.149447 0.751326 0.293152 0.954116 0.0610183 -0.707732 0.259475 -0.657106 bispqarr.dat
1 1 -1075.41 -30.341 584.705 -0.642787 0.293152 0.707732 0.293152 0.947687 -0.126294 -0.707732 0.126294 -0.6951 bispqaba.dat
1 1 -1121.56 -41.864 508.802 -0.766045 0 -0.642787 -0.245984 0.92388 0.293152 0.593858 0.382683 -0.707732 proa6p.dat
1 4 -1029.1 -79.515 578.795 -0.766045 0 -0.642787 -0.245984 0.92388 0.293152 0.593858 0.382683 -0.707732 bald2x2r.dat
1 1 -1136.88 -54.176 517.62 0.766045 0 0.642787 0.245984 0.92388 -0.293152 -0.593858 0.382683 0.707732 bald2x2r.dat
1 1 -1103.51 -33.876 552.236 0.642787 0 -0.766045 -0.293152 0.92388 -0.245984 0.707732 0.382683 0.593858 bisnrarr.dat
1 1 -1103.51 -33.876 552.236 0.642787 0 -0.766045 -0.293152 0.92388 -0.245984 0.707732 0.382683 0.593858 bisnreje.dat
1 1 -1134.15 -58.495 569.86 0.642787 0 -0.766045 -0.293152 0.92388 -0.245984 0.707732 0.382683 0.593858 bispqaba.dat
1 1 -1134.15 -58.495 569.86 -0.642787 0.766045 0 0.293152 0.245984 -0.92388 -0.707732 -0.593858 -0.382683 bispqarr.dat
1 1 -1116.36 -35.404 535.016 0.642787 0 -0.766045 -0.293152 0.92388 -0.245984 0.707732 0.382683 0.593858 placa2.dat
1 1 -1108.7 -40.335 526.015 0.642787 0 -0.766045 -0.293152 0.92388 -0.245984 0.707732 0.382683 0.593858 placa2x2.dat
1 1 -1103.51 -33.876 552.236 0.642787 0.149447 -0.751326 -0.293152 0.954116 -0.0610183 0.707732 0.259475 0.657106 bisnraba.dat
1 1 -1089.45 -32.107 568.463 0.642787 0.149447 -0.751326 -0.293152 0.954116 -0.0610183 0.707732 0.259475 0.657106 bald2x2.dat
1 0 -1043.81 -71.576 588.372 0.994056 0 -0.108867 0.0416613 -0.92388 0.380409 -0.100579 -0.382683 -0.918388 tuboruta.dat
1 0 -1041.62 -58.825 615.18 0.994056 0.108867 0 0.0416613 -0.380409 -0.92388 -0.100579 0.918388 -0.382683 mastilh.dat
1 1 -1041.62 -58.825 615.18 0.994056 0.10058 0.0416615 0.0416613 0.00210139 -0.99913 -0.100579 0.994928 -0.00210112 mastilm.dat
1 1 -1012.39 -67.636 607.211 0.10058 -0.0416615 -0.994056 0.00210139 0.99913 -0.0416613 0.994928 0.00210112 0.100579 placa2x3.dat
1 1 -1052.15 -69.298 611.225 0.10058 -0.0416615 -0.994056 0.00210139 0.99913 -0.0416613 0.994928 0.00210112 0.100579 placa2x3.dat
1 1 -1046.12 -69.178 670.932 0.10058 -0.0416615 -0.994056 0.00210139 0.99913 -0.0416613 0.994928 0.00210112 0.100579 alaastro.dat
1 1 -1050.14 -69.257 631.126 0.994056 -0.10058 -0.0416615 0.0416613 -0.00210139 0.99913 -0.100579 -0.994928 0.00210112 enganch2.dat
1 1 -1070.02 -70.09 633.14 0.994056 -0.10058 -0.0416615 0.0416613 -0.00210139 0.99913 -0.100579 -0.994928 0.00210112 enganch2.dat
1 1 -1027.84 -68.375 652.997 -0.994056 -0.10058 0.0416615 -0.0416613 -0.00210139 -0.99913 0.100579 -0.994928 -0.00210112 pico.dat
1 8 -1051.82 -77.296 611.22 0.994056 -0.0416615 0.10058 0.0416613 0.99913 0.00210139 -0.100579 0.00210112 0.994928 bald2x2r.dat
1 8 -1091.58 -78.961 615.243 0.994056 -0.0416615 0.10058 0.0416613 0.99913 0.00210139 -0.100579 0.00210112 0.994928 bald2x2r.dat
1 8 -1047.79 -77.208 651.014 0.994056 -0.0416615 0.10058 0.0416613 0.99913 0.00210139 -0.100579 0.00210112 0.994928 alfaplac.dat
1 8 -1087.55 -78.879 655.042 0.994056 -0.0416615 0.10058 0.0416613 0.99913 0.00210139 -0.100579 0.00210112 0.994928 alfaplac.dat
1 4 -1111.17 -65.902 545.928 0.766045 0 0.642787 0.245984 0.92388 -0.293152 -0.593858 0.382683 0.707732 bald2x2.dat
1 1 -1152.2 -51.703 532.557 -0.642787 0 0.766045 0.293152 0.92388 0.245984 -0.707732 0.382683 -0.593858 bald2r.dat
1 1 -1103.77 -26.16 470.889 0.642787 0 -0.766045 -0.293152 0.92388 -0.245984 0.707732 0.382683 0.593858 bald2r.dat
1 1 -1165.05 -38.449 521.462 0.766045 0 0.642787 0.245984 0.92388 -0.293152 -0.593858 0.382683 0.707732 placa2x3.dat
1 1 -1119.09 -23.694 485.84 0.766045 0 0.642787 0.245984 0.92388 -0.293152 -0.593858 0.382683 0.707732 placa1.dat
1 1 -1140.27 -51.23 578.448 0 0.766045 0.642787 -0.92388 0.245984 -0.293152 -0.382683 -0.593858 0.707732 helala.dat
1 1 -1041.6 -30.905 490.181 -0.766045 0 0.642787 -0.245984 -0.92388 -0.293152 0.593858 -0.382683 0.707732 placa2x2.dat
1 1 -1042.57 -73.574 572.289 -0.766045 0 0.642787 -0.245984 -0.92388 -0.293152 0.593858 -0.382683 0.707732 placa1.dat
1 8 -1044.08 -34.298 519.279 -0.766045 0 0.642787 -0.245984 -0.92388 -0.293152 0.593858 -0.382683 0.707732 popa6rem.dat
1 8 -1044.08 -34.298 519.279 0.766045 0 -0.642787 0.245984 -0.92388 0.293152 -0.593858 -0.382683 -0.707732 popa6rem.dat
1 0 -1046.53 -15.516 557.555 0.766045 0 -0.642787 0.245984 -0.92388 0.293152 -0.593858 -0.382683 -0.707732 respirad.dat
1 0 -1046.53 -22.908 554.493 0.766045 0 -0.642787 0.245984 -0.92388 0.293152 -0.593858 -0.382683 -0.707732 placa2x2.dat
1 0 -1044.07 -26.905 522.335 0.766045 0 -0.642787 0.245984 -0.92388 0.293152 -0.593858 -0.382683 -0.707732 rotorinf.dat
1 0 -1044.07 -26.905 522.335 0.766045 0 -0.642787 0.245984 -0.92388 0.293152 -0.593858 -0.382683 -0.707732 platfgir.dat
1 0 -1073.47 -16.571 539.201 0.994056 0 -0.108867 0.0416613 -0.92388 0.380409 -0.100579 -0.382683 -0.918388 chimenea.dat
1 0 -1060.62 -22.435 553.352 0.279831 0 -0.96005 0.367395 -0.92388 0.107086 -0.886971 -0.382683 -0.258529 chimenea.dat
1 0 -1032.44 -23.38 555.633 -0.108867 0 -0.994056 0.380409 -0.92388 -0.0416613 -0.918388 -0.382683 0.100579 chimenea.dat
1 0 -1017.12 -18.459 543.752 -0.96005 0 -0.279831 0.107086 -0.92388 -0.367395 -0.258529 -0.382683 0.886971 chimenea.dat
1 0 -1014.66 -7.674 517.717 -0.994056 0 0.108867 -0.0416613 -0.92388 -0.380409 0.100579 -0.382683 0.918388 chimenea.dat
1 0 -1027.51 -1.813 503.568 -0.279831 0 0.96005 -0.367395 -0.92388 -0.107086 0.886971 -0.382683 0.258529 chimenea.dat
1 0 -1055.69 -0.868 501.286 0.108867 0 0.994056 -0.380409 -0.92388 0.0416613 0.918388 -0.382683 -0.100579 chimenea.dat
1 0 -1071.01 -5.789 513.167 0.96005 0 0.279831 -0.107086 -0.92388 0.367395 0.258529 -0.382683 -0.886971 chimenea.dat
1 1 -936.203 22.24 437.659 -0.766045 0 -0.642787 -0.245984 0.92388 0.293152 0.593858 0.382683 -0.707732 enganch2.dat
1 1 -951.538 17.316 449.547 -0.766045 0 -0.642787 -0.245984 0.92388 0.293152 0.593858 0.382683 -0.707732 enganch2.dat
1 1 -966.846 12.401 461.417 -0.766045 0 -0.642787 -0.245984 0.92388 0.293152 0.593858 0.382683 -0.707732 enganch2.dat
1 1 -767.548 27.413 320.644 0 0.642787 0.766045 0.92388 -0.293152 0.245984 0.382683 0.707732 -0.593858 cuna.dat
1 1 -798.039 36.099 351.937 0 0.642787 0.766045 0.92388 -0.293152 0.245984 0.382683 0.707732 -0.593858 placa2x3.dat
1 1 -762.256 80.553 349.145 -0.766045 0.642787 0 -0.245984 -0.293152 0.92388 0.593858 0.707732 0.382683 placa2x3.dat
1 1 -762.254 117.507 364.451 -0.766045 0.642787 0 -0.245984 -0.293152 0.92388 0.593858 0.707732 0.382683 placa2x3.dat
1 1 -782.724 151.882 385.981 0.766045 0.642787 0 0.245984 -0.293152 -0.92388 -0.593858 0.707732 -0.382683 enganch2.dat
1 1 -798.038 146.967 397.859 0.766045 0.642787 0 0.245984 -0.293152 -0.92388 -0.593858 0.707732 -0.382683 enganch2.dat
1 1 -805.701 135.268 399.969 0.766045 0.642787 0 0.245984 -0.293152 -0.92388 -0.593858 0.707732 -0.382683 jacena1.dat
1 1 -803.079 63.446 390.441 0 0.642787 0.766045 0.92388 -0.293152 0.245984 0.382683 0.707732 -0.593858 placa4.dat
1 1 -772.219 30.894 416.763 0 0.642787 0.766045 0.92388 -0.293152 0.245984 0.382683 0.707732 -0.593858 jacena4.dat
1 1 -787.654 56.41 407.432 0 0.642787 0.766045 0.92388 -0.293152 0.245984 0.382683 0.707732 -0.593858 jacen2x2.dat
1 1 -757.004 103.206 398.981 -0.766045 0.642787 0 -0.245984 -0.293152 0.92388 0.593858 0.707732 0.382683 cuna.dat
1 1 -756.901 72.77 420.199 0 0.642787 0.766045 0.92388 -0.293152 0.245984 0.382683 0.707732 -0.593858 paracq21.dat
1 1 -767.392 138.329 366.449 0 0.642787 0.766045 0.92388 -0.293152 0.245984 0.382683 0.707732 -0.593858 cuna.dat
1 4 -767.449 15.46 349.502 0 0.642787 0.766045 0.92388 -0.293152 0.245984 0.382683 0.707732 -0.593858 cuna.dat
1 8 -711.29 152.991 247.422 0 0 -1 -0.92388 -0.382684 0 -0.382683 0.92388 0 pico.dat
1 8 -711.294 116.038 232.115 0 0 1 0.92388 -0.382684 0 0.382683 0.92388 0 pico.dat
1 8 -711.295 189.949 262.729 0 0 -1 -0.92388 -0.382684 0 -0.382683 0.92388 0 pico.dat
1 8 -691.289 180.764 284.908 0 0 -1 -0.92388 -0.382684 0 -0.382683 0.92388 0 pico.dat
1 8 -711.29 152.991 247.422 0 0 1 0.92388 -0.382684 0 0.382683 0.92388 0 pico.dat
1 8 -731.29 143.804 269.602 0 0 1 0.92388 -0.382684 0 0.382683 0.92388 0 pico.dat
1 8 -711.294 226.904 278.037 0 0 -1 -0.92388 -0.382684 0 -0.382683 0.92388 0 pico.dat
1 8 -691.289 217.717 300.215 0 0 -1 -0.92388 -0.382684 0 -0.382683 0.92388 0 pico.dat
1 8 -711.295 189.949 262.729 0 0 1 0.92388 -0.382684 0 0.382683 0.92388 0 pico.dat
1 4 -731.246 122.276 269.317 0 0 1 0.92388 -0.382684 0 0.382683 0.92388 0 enganch2.dat
1 4 -731.248 103.8 261.659 0 0 1 0.92388 -0.382684 0 0.382683 0.92388 0 enganch2.dat
1 4 -675.25 129.932 250.834 0 -1 0 -0.92388 0 0.382684 -0.382683 0 -0.92388 bispqaba.dat
1 4 -691.243 140.76 276.957 0 -1 0 -0.92388 0 0.382684 -0.382683 0 -0.92388 placa2.dat
1 4 -675.303 129.925 250.855 0 -0.766044 0.642787 0.92388 -0.245984 -0.293152 0.382683 0.593858 0.707732 bispqarr.dat
1 4 -700.999 160.129 230.195 0 -0.766044 0.642787 0.92388 -0.245984 -0.293152 0.382683 0.593858 0.707732 placa4.dat
1 4 -694.874 88.188 194.83 0 -0.766044 0.642787 0.92388 -0.245984 -0.293152 0.382683 0.593858 0.707732 baldc2.dat
1 4 -669.164 76.461 223.138 0 -0.766044 0.642787 0.92388 -0.245984 -0.293152 0.382683 0.593858 0.707732 baldc2.dat
1 4 -700.998 86.217 199.583 0 -0.766044 0.642787 0.92388 -0.245984 -0.293152 0.382683 0.593858 0.707732 placa4.dat
1 4 -694.874 106.665 202.483 0 -0.766044 0.642787 0.92388 -0.245984 -0.293152 0.382683 0.593858 0.707732 baldc4in.dat
1 4 -691.245 122.283 269.302 0 0 -1 -0.92388 -0.382684 0 -0.382683 0.92388 0 enganch2.dat
1 4 -691.245 140.76 276.956 0 0 -1 -0.92388 -0.382684 0 -0.382683 0.92388 0 enganch2.dat
1 4 -731.284 137.688 284.374 1 0 0 0 -0.382684 -0.92388 0 0.92388 -0.382683 placa2x2.dat
1 4 -731.297 134.621 291.777 1 0 0 0 -0.382684 -0.92388 0 0.92388 -0.382683 placa2x2.dat
1 4 -731.299 149.932 254.814 1 0 0 0 -0.382684 -0.92388 0 0.92388 -0.382683 placa2x2.dat
1 4 -691.283 144.84 321.983 0 0 -1 -0.92388 -0.382684 0 -0.382683 0.92388 0 jacen2x3.dat
1 8 -691.285 200.272 344.94 0 0 -1 -0.92388 -0.382684 0 -0.382683 0.92388 0 jacen2x3.dat
1 4 -731.29 69.896 238.988 0 0 1 0.92388 -0.382684 0 0.382683 0.92388 0 jacen2x2.dat
1 8 -731.29 143.804 269.602 0 0 1 0.92388 -0.382684 0 0.382683 0.92388 0 jacen2x4.dat
1 8 -731.29 180.762 284.91 0 0 1 0.92388 -0.382684 0 0.382683 0.92388 0 pico.dat
1 8 -711.289 15.584 307.391 -1 0 0 0 -0.92388 -0.382684 0 -0.382683 0.92388 proa4qui.dat
1 8 -731.298 60.713 261.159 0 0 1 -0.382684 -0.92388 0 0.92388 -0.382683 0 enganche.dat
1 8 -691.291 53.063 279.626 0 0 -1 0.382684 -0.92388 0 -0.92388 -0.382683 0 enganche.dat
1 8 -691.295 23.241 288.908 -1 0 0 0 -0.92388 -0.382684 0 -0.382683 0.92388 jacena2.dat
1 8 -691.294 45.414 298.095 -1 0 0 0 -0.92388 -0.382684 0 -0.382683 0.92388 placa2.dat
1 8 -751.296 82.368 313.402 1 0 0 0 0.92388 -0.382684 0 0.382683 0.92388 enganche.dat
1 8 -691.294 82.368 313.401 1 0 0 0 0.92388 -0.382684 0 0.382683 0.92388 enganche.dat
1 8 -691.294 119.324 328.709 1 0 0 0 0.92388 -0.382684 0 0.382683 0.92388 enganche.dat
1 8 -751.296 119.321 328.71 1 0 0 0 0.92388 -0.382684 0 0.382683 0.92388 enganche.dat
1 8 -741.284 125.921 396.401 0 0 1 0.382684 0.92388 0 -0.92388 0.382683 0 enganche.dat
1 8 -741.284 88.967 381.093 0 0 1 0.382684 0.92388 0 -0.92388 0.382683 0 enganche.dat
1 8 -741.302 118.268 414.876 0 0 1 0.382684 0.92388 0 -0.92388 0.382683 0 enganche.dat
1 8 -751.291 74.713 331.886 1 0 0 0 0.92388 -0.382684 0 0.382683 0.92388 jacena4.dat
1 0 -711.287 -48.56 389.085 -1 0 0 0 -0.92388 -0.382684 0 -0.382683 0.92388 proa4qui.dat
1 1 -767.039 143.887 300.767 0 -0.642787 0.766045 -0.92388 0.293152 0.245984 -0.382683 -0.707732 -0.593858 helcab.dat
1 8 -739.275 30.362 313.527 0 1 0 -0.382684 0 0.92388 0.92388 0 0.382683 pico.dat
1 8 -739.285 15.054 350.484 0 1 0 -0.382684 0 0.92388 0.92388 0 0.382683 pico.dat
1 4 -731.283 11.885 305.871 0 1 0 -0.382684 0 0.92388 0.92388 0 0.382683 placa4.dat
1 8 -683.296 -0.249 387.426 0 -1 0 0.382684 0 0.92388 -0.92388 0 0.382683 pico.dat
1 8 -683.275 15.054 350.477 0 -1 0 0.382684 0 0.92388 -0.92388 0 0.382683 pico.dat
1 4 -691.285 -18.731 379.784 0 -1 0 0.382684 0 0.92388 -0.92388 0 0.382683 placa4.dat
1 8 -731.286 4.23 324.353 0 0 1 -0.382684 -0.92388 0 0.92388 -0.382683 0 enganch2.dat
1 8 -731.297 -3.419 342.82 0 0 1 -0.382684 -0.92388 0 0.92388 -0.382683 0 enganch2.dat
1 8 -731.284 -11.072 361.292 0 0 1 -0.382684 -0.92388 0 0.92388 -0.382683 0 enganch2.dat
1 8 -691.293 -18.73 379.781 0 0 -1 0.382684 -0.92388 0 -0.92388 -0.382683 0 enganch2.dat
1 8 -691.289 -11.079 361.309 0 0 -1 0.382684 -0.92388 0 -0.92388 -0.382683 0 enganch2.dat
1 8 -691.29 -3.425 342.831 0 0 -1 0.382684 -0.92388 0 -0.92388 -0.382683 0 enganch2.dat
1 8 -691.293 3.442 388.967 0 0 -1 0.382684 -0.92388 0 -0.92388 -0.382683 0 placa2x3.dat
1 8 -711.286 -19.913 476.712 1 0 0 0 0.92388 -0.382684 0 0.382683 0.92388 placa2x3.dat
1 8 -771.289 -19.912 476.706 1 0 0 0 0.92388 -0.382684 0 0.382683 0.92388 placa2x3.dat
1 8 -731.283 -42.612 510.603 -1 0 0 0 0.92388 0.382684 0 0.382683 -0.92388 bald2x2r.dat
1 8 -651.289 -42.609 510.6 -1 0 0 0 0.92388 0.382684 0 0.382683 -0.92388 bald2x2r.dat
1 8 -761.28 -38.779 501.353 0 0 -1 -0.382684 0.92388 0 0.92388 0.382683 0 chimenea.dat
1 8 -761.301 -40.519 478.997 0 0 -1 -0.55557 0.831469 0 0.831469 0.555571 0 chimplac.dat
1 1 -748.222 -44.16 470.046 -0.382681 0 -0.92388 -0.51328 0.831469 0.212607 0.768177 0.555571 -0.31819 pistola.dat
1 1 -772.774 -62.451 497.677 -0.653282 0.382681 0.653281 -0.437602 0.51328 -0.738274 -0.617841 -0.768177 -0.167853 castesqu.dat
1 8 -661.293 -38.784 501.363 0 0 -1 -0.382684 0.92388 0 0.92388 0.382683 0 chimenea.dat
1 8 -661.283 -40.519 478.995 0 0 -1 -0.55557 0.831469 0 0.831469 0.555571 0 chimplac.dat
1 1 -655.881 -39.912 463.694 0.382682 0 -0.92388 -0.51328 0.831469 -0.212607 0.768178 0.555571 0.318189 pistola.dat
1 1 -649.8 -62.45 497.673 -0.653282 -0.382682 0.653282 -0.738274 0.51328 -0.437602 -0.167853 -0.768178 -0.617841 castesqu.dat
1 8 -691.279 -56.205 407.538 0 0 -1 0.382684 -0.92388 0 -0.92388 -0.382683 0 jacen2x2.dat
1 4 -731.286 -19.519 444.403 0 0 -1 0.382684 -0.92388 0 -0.92388 -0.382683 0 rejilla.dat
1 8 -671.299 -41.69 435.21 0 0 -1 0.382684 -0.92388 0 -0.92388 -0.382683 0 jacen2x3.dat
1 8 -711.292 -41.69 435.214 0 0 -1 0.382684 -0.92388 0 -0.92388 -0.382683 0 jacen2x3.dat
1 8 -681.283 96.097 405.688 -1 0 0 0 0.92388 0.382684 0 0.382683 -0.92388 placa2x3.dat
1 8 -681.284 125.659 417.934 -1 0 0 0 0.92388 0.382684 0 0.382683 -0.92388 placa2x3.dat
1 8 -741.295 88.703 402.633 0 0 1 0.382684 0.92388 0 -0.92388 0.382683 0 placa2.dat
1 8 -701.286 88.708 402.624 0 0 1 0.382684 0.92388 0 -0.92388 0.382683 0 placa2.dat
1 8 -721.294 88.706 402.626 0 0 1 0.382684 0.92388 0 -0.92388 0.382683 0 jacena2.dat
1 8 -731.288 27.475 550.446 0 0 1 0.382684 0.92388 0 -0.92388 0.382683 0 jacen2x8.dat
1 8 -721.288 0.689 615.118 0 0 1 0.382684 0.92388 0 -0.92388 0.382683 0 placa2.dat
1 8 -721.301 0.95 593.584 0 0 1 0.382684 0.92388 0 -0.92388 0.382683 0 placa2.dat
1 8 -721.301 -6.442 590.522 0 0 1 0.382684 0.92388 0 -0.92388 0.382683 0 placa2.dat
1 8 -711.287 -54.874 602.929 -1 0 0 0 0.92388 0.382684 0 0.382683 -0.92388 bisgraba.dat
1 8 -691.289 -32.701 612.108 -1 0 0 0 0.92388 0.382684 0 0.382683 -0.92388 placa2x2.dat
1 8 -711.285 5.565 519.726 -1 0 0 0 0.92388 0.382684 0 0.382683 -0.92388 placa2x2.dat
1 8 -671.285 5.566 519.726 -1 0 0 0 0.92388 0.382684 0 0.382683 -0.92388 placa2x2.dat
1 8 -671.289 -1.827 516.664 -1 0 0 0 0.92388 0.382684 0 0.382683 -0.92388 placa2x2.dat
1 8 -711.287 -1.828 516.666 -1 0 0 0 0.92388 0.382684 0 0.382683 -0.92388 placa2x2.dat
1 8 -711.287 -54.874 602.929 -1 0 0 0 1 0 0 0 -0.999999 bisgrarr.dat
1 8 -731.291 -22.872 532.921 1 0 0 0 1 0 0 0 0.999999 jacena2.dat
1 8 -691.287 -46.875 552.93 -1 0 0 0 1 0 0 0 -0.999999 vntscorp.dat
1 8 -631.293 -14.872 552.926 -1 0 0 0 1 0 0 0 -0.999999 placa2x8.dat
1 8 -631.291 9.126 552.928 -1 0 0 0 1 0 0 0 -0.999999 cuna.dat
1 8 -711.293 129.126 472.93 0 0 1 0 1 0 -0.999999 0 0 cuna.dat
1 8 -731.289 129.126 512.925 0 0 1 0 1 0 -0.999999 0 0 jacen2x2.dat
1 8 -711.293 129.123 432.929 0 0 -1 0 1 0 0.999999 0 0 cuna.dat
1 8 -751.29 9.128 552.924 -1 0 0 0 1 0 0 0 -0.999999 cuna.dat
1 8 -627.293 -30.875 572.928 0 1 0 0 0 1 0.999999 0 0 pinzaesq.dat
1 1 -581.287 -20.877 523.627 0 0 1 -1 0 0 0 -0.999999 0 helala.dat
1 8 -627.293 -30.875 572.928 0 1 0 -1 0 0 0 0 0.999999 pinzastr.dat
1 8 -795.289 -30.876 572.932 0 -1 0 1 0 0 0 0 0.999999 pinzaesq.dat
1 1 -819.291 -30.873 572.923 0 -1 0 0 0 -1 0.999999 0 0 cuna.dat
1 1 -819.292 -30.877 612.927 0 -1 0 0 0 -1 0.999999 0 0 cuna.dat
1 8 -751.29 -22.874 572.924 0 1 0 0 0 1 0.999999 0 0 enganch2.dat
1 8 -815.289 -22.875 592.926 0 -1 0 0 0 1 -0.999999 0 0 enganch2.dat
1 8 -791.283 -22.875 592.928 0 -1 0 0 0 1 -0.999999 0 0 enganc2.dat
1 8 -751.295 -22.875 592.926 0 1 0 0 0 1 0.999999 0 0 enganch2.dat
1 8 -815.294 -22.874 612.925 0 -1 0 0 0 1 -0.999999 0 0 enganch2.dat
1 8 -791.283 -22.875 612.93 0 -1 0 0 0 1 -0.999999 0 0 enganc2.dat
1 8 -751.292 -22.877 552.93 0 1 0 0 0 1 0.999999 0 0 enganch2.dat
1 8 -815.288 -22.876 572.929 0 -1 0 0 0 1 -0.999999 0 0 enganch2.dat
1 8 -791.287 -22.875 572.928 0 -1 0 0 0 1 -0.999999 0 0 enganc2.dat
1 1 -819.289 -30.877 532.929 0 -1 0 0 0 -1 0.999999 0 0 cuna.dat
1 1 -603.288 -30.879 612.929 0 1 0 0 0 -1 -0.999999 0 0 cuna.dat
1 1 -603.289 -30.874 572.925 0 1 0 0 0 -1 -0.999999 0 0 cuna.dat
1 8 -671.294 -22.874 572.927 0 -1 0 0 0 1 -0.999999 0 0 enganch2.dat
1 8 -607.29 -22.875 552.927 0 1 0 0 0 1 0.999999 0 0 enganch2.dat
1 8 -631.29 -22.877 552.93 0 1 0 0 0 1 0.999999 0 0 enganc2.dat
1 8 -671.289 -22.876 592.929 0 -1 0 0 0 1 -0.999999 0 0 enganch2.dat
1 8 -607.286 -22.875 572.925 0 1 0 0 0 1 0.999999 0 0 enganch2.dat
1 8 -631.29 -22.877 572.932 0 1 0 0 0 1 0.999999 0 0 enganc2.dat
1 8 -671.291 -22.875 612.927 0 -1 0 0 0 1 -0.999999 0 0 enganch2.dat
1 8 -607.289 -22.875 592.924 0 1 0 0 0 1 0.999999 0 0 enganch2.dat
1 8 -631.288 -22.876 592.93 0 1 0 0 0 1 0.999999 0 0 enganc2.dat
1 1 -603.286 -30.878 652.934 0 1 0 0 0 -1 -0.999999 0 0 cuna.dat
1 8 -795.29 -30.877 612.927 0 -1 0 -1 0 0 0 0 -0.999999 pinzastr.dat
1 8 -627.293 -30.876 612.925 0 1 0 -1 0 0 0 0 0.999999 pinzastr.dat
1 8 -601.292 -33.175 563.627 0.999999 0 0 0 1 0 0 0 0.999999 baldc4in.dat
1 8 -821.286 -33.176 563.629 0 0 -1 0 1 0 0.999999 0 0 baldc4in.dat
1 8 -501.287 -41.176 503.626 0.999999 0 0 0 1 0 0 0 0.999999 baldc4in.dat
1 8 -921.287 -41.174 503.622 0 0 -1 0 1 0 0.999999 0 0 baldc4in.dat
1 8 -481.293 -17.176 543.631 0 0 1 0 1 0 -0.999999 0 0 cuna.dat
1 8 -941.288 -17.175 503.625 0 0 -1 0 1 0 0.999999 0 0 cuna.dat
1 8 -561.289 -41.175 543.624 0 0 -1 0 1 0 0.999999 0 0 baldc4.dat
1 8 -861.289 -41.178 543.628 0 0 -1 0 1 0 0.999999 0 0 baldc4.dat
1 8 -641.29 -41.178 523.631 0 0 1 0 1 0 -0.999999 0 0 baldc2.dat
1 8 -821.292 -41.174 523.624 0 0 1 0 1 0 -0.999999 0 0 baldc2.dat
1 8 -521.287 -41.173 503.625 0.999999 0 0 0 1 0 0 0 0.999999 baldc2.dat
1 8 -921.287 -41.172 503.624 0.999999 0 0 0 1 0 0 0 0.999999 baldc2.dat
1 8 -521.291 -41.174 563.626 0.999999 0 0 0 1 0 0 0 0.999999 baldc1.dat
1 8 -521.286 -41.178 543.626 0.999999 0 0 0 1 0 0 0 0.999999 placa1.dat
1 1 -515.119 -49.174 544.384 -0.923879 0 -0.382683 0 1 0 0.382683 0 -0.923881 popa4p.dat
1 8 -481.328 -57.177 573.694 -0.923879 0 -0.382683 0 1 0 0.382683 0 -0.923881 alfaplac.dat
1 1 -907.455 -49.176 544.387 -0.923879 0 0.382683 0 1 0 -0.382683 0 -0.92388 popa4p.dat
1 8 -904.29 -57.174 588.996 -0.923879 0 0.382683 0 1 0 -0.382683 0 -0.92388 alfaplac.dat
1 8 -921.285 -41.178 563.633 0.999999 0 0 0 1 0 0 0 0.999999 baldc1.dat
1 8 -921.285 -41.177 543.627 0.999999 0 0 0 1 0 0 0 0.999999 placa1.dat
1 8 -641.288 -33.176 503.63 0.999999 0 0 0 1 0 0 0 0.999999 placa4.dat
1 8 -861.284 -33.175 503.627 0.999999 0 0 0 1 0 0 0 0.999999 placa4.dat
1 8 -561.29 -33.177 503.631 0.999999 0 0 0 1 0 0 0 0.999999 placa4.dat
1 8 -941.289 -33.175 503.625 0.999999 0 0 0 1 0 0 0 0.999999 placa4.dat
1 8 -601.288 -33.177 523.63 0.999999 0 0 0 1 0 0 0 0.999999 placa2x3.dat
1 8 -481.291 -25.176 503.629 0 0 -1 0 1 0 0.999999 0 0 placa2x3.dat
1 8 -521.284 -25.173 503.621 0 0 -1 0 1 0 0.999999 0 0 placa4.dat
1 8 -541.291 -25.174 503.623 0 0 -1 0 1 0 0.999999 0 0 placa4.dat
1 8 -861.288 -25.174 503.625 0 0 -1 0 1 0 0.999999 0 0 placa4.dat
1 8 -881.289 -25.176 503.627 0 0 -1 0 1 0 0.999999 0 0 placa4.dat
1 8 -561.287 -25.174 543.625 0 0 -1 0 1 0 0.999999 0 0 placa2x3.dat
1 8 -821.286 -25.174 543.626 0 0 -1 0 1 0 0.999999 0 0 placa2x3.dat
1 8 -581.29 -9.174 523.625 -0.999999 0 0 0 1 0 0 0 -0.999999 enganche.dat
1 8 -561.286 -9.175 523.626 -0.999999 0 0 0 1 0 0 0 -0.999999 enganche.dat
1 1 -841.289 -20.875 523.624 0 0 -1 1 0 0 0 -0.999999 0 helala.dat
1 8 -841.29 -9.177 523.631 -0.999999 0 0 0 1 0 0 0 -0.999999 enganche.dat
1 8 -821.289 -9.177 523.631 -0.999999 0 0 0 1 0 0 0 -0.999999 enganche.dat
1 8 -821.291 -1.174 523.625 -0.999999 0 0 0 1 0 0 0 -0.999999 placa2.dat
1 8 -561.289 -1.176 523.63 -0.999999 0 0 0 1 0 0 0 -0.999999 placa2.dat
1 8 -541.287 -17.175 513.628 0.999999 0 0 0 1 0 0 0 0.999999 placa2x3.dat
1 8 -941.288 -17.175 513.629 0.999999 0 0 0 1 0 0 0 0.999999 placa2x3.dat
1 8 -541.286 -33.176 523.627 0.999999 0 0 0 1 0 0 0 0.999999 placa2x3.dat
1 8 -941.291 -33.175 523.623 0.999999 0 0 0 1 0 0 0 0.999999 placa2x3.dat
1 8 -881.292 -33.174 523.622 0.999999 0 0 0 1 0 0 0 0.999999 placa2x3.dat
1 8 -521.288 -33.176 563.63 0.999999 0 0 0 1 0 0 0 0.999999 placa2.dat
1 8 -901.29 -25.174 503.624 0 0 -1 0 1 0 0.999999 0 0 placa2x3.dat
1 8 -941.287 -33.173 563.622 0.999999 0 0 0 1 0 0 0 0.999999 placa2.dat
1 8 -747.294 -2.876 692.928 0 1 0 0 0 1 0.999999 0 0 baldc4in.dat
1 8 -739.283 67.121 712.933 0 1 0 0 0 -1 -0.999999 0 0 guardabr.dat
1 8 -731.291 97.124 712.929 0 1 0 0 0 -1 -0.999999 0 0 placa4.dat
1 8 -739.293 97.125 692.925 0 1 0 0 0 -1 -0.999999 0 0 placa4.dat
1 8 -739.286 97.124 712.929 0 1 0 0 0 -1 -0.999999 0 0 placa1.dat
1 8 -731.29 17.123 632.932 0 1 0 1 0 0 0 0 -0.999999 placa4.dat
1 8 -731.282 17.122 672.931 0 1 0 1 0 0 0 0 -0.999999 placa2x3.dat
1 8 -723.287 -22.879 652.933 0 1 0 1 0 0 0 0 -0.999999 placa2x3.dat
1 8 -715.288 17.126 632.923 0 1 0 0 0 1 0.999999 0 0 bisnrarr.dat
1 8 -715.288 17.126 632.923 0 -1 0 0 0 1 -0.999999 0 0 bisnrarr.dat
1 8 -715.288 17.126 632.923 0 -1 0 0 0 1 -0.999999 0 0 bisnreje.dat
1 8 -739.289 17.124 692.931 0 1 0 1 0 0 0 0 -0.999999 placa2x3.dat
1 8 -739.282 17.126 652.927 0 1 0 1 0 0 0 0 -0.999999 placa2x3.dat
1 8 -731.287 67.121 712.933 0 1 0 0 0 -1 -0.999999 0 0 placa2x2.dat
1 8 -747.293 97.125 612.928 0 1 0 -1 0 0 0 0 0.999999 baldc1.dat
1 8 -747.293 57.125 652.928 0 1 0 -1 0 0 0 0 0.999999 baldc1.dat
1 8 -747.293 97.125 692.928 0 1 0 -1 0 0 0 0 0.999999 baldc1.dat
1 0 -747.291 87.126 642.924 0 1 0 -1 0 0 0 0 0.999999 tuboruta.dat
1 0 -763.234 87.037 662.671 0 0 -1 -1 0 0 0 0.999999 0 mastilh.dat
1 8 -763.237 86.04 662.662 0 -0.707107 -0.707107 -1 0 0 0 0.707107 -0.707107 mastilm.dat
1 8 -771.717 86.04 671.146 0.707107 0.707107 0 0 0 1 0.707107 -0.707107 0 cilindro.dat
1 8 -794.346 76.04 693.777 0.707107 0.707107 0 0 0 1 0.707107 -0.707107 0 enganch2.dat
1 8 -808.491 76.039 679.632 0.707107 0.707107 0 0 0 1 0.707107 -0.707107 0 enganch2.dat
1 8 -797.175 76.039 724.889 -0.707107 0.707107 0 0 0 -1 -0.707107 -0.707107 0 pico.dat
1 8 -802.834 76.041 673.975 0.707107 0.707107 0 0 0 1 0.707107 -0.707107 0 placa2.dat
1 8 -808.49 76.04 707.913 0.707107 0 -0.707107 0 1 0 0.707107 0 0.707107 popa4p.dat
1 8 -808.486 68.042 679.628 0.707107 0 -0.707107 0 1 0 0.707107 0 0.707107 respirad.dat
1 4 -836.771 68.039 764.484 -0.707107 0 0.707107 0 1 0 -0.707107 0 -0.707107 bald2x2r.dat
1 1 -808.49 76.04 707.913 -0.707107 0 0.707107 0 1 0 -0.707107 0 -0.707107 proa4p.dat
1 0 -747.291 47.126 682.924 0 1 0 -1 0 0 0 0 0.999999 tuboruta.dat
1 0 -763.234 47.037 702.671 0 0 -1 -1 0 0 0 0.999999 0 mastilh.dat
1 8 -763.237 46.04 702.662 0 -0.55557 -0.831469 -1 0 0 0 0.831469 -0.55557 mastilm.dat
1 8 -769.899 46.04 712.637 0.831469 0.55557 0 0 0 1 0.55557 -0.831469 0 cilindro.dat
1 8 -787.678 36.04 739.248 0.831469 0.55557 0 0 0 1 0.55557 -0.831469 0 enganch2.dat
1 8 -804.311 36.039 728.135 0.831469 0.55557 0 0 0 1 0.55557 -0.831469 0 enganch2.dat
1 8 -784.383 36.039 770.314 -0.831469 0.55557 0 0 0 -1 -0.55557 -0.831469 0 pico.dat
1 8 -799.866 36.041 721.483 0.831469 0.55557 0 0 0 1 0.55557 -0.831469 0 placa2.dat
1 8 -798.791 36.04 755.872 0.831469 0 -0.55557 0 1 0 0.55557 0 0.831469 popa4p.dat
1 8 -804.307 28.042 728.13 0.831469 0 -0.55557 0 1 0 0.55557 0 0.831469 respirad.dat
1 4 -815.494 28.039 816.873 -0.831469 0 0.55557 0 1 0 -0.55557 0 -0.831469 bald2x2r.dat
1 1 -798.791 36.04 755.872 -0.831469 0 0.55557 0 1 0 -0.55557 0 -0.831469 proa4p.dat
1 0 -675.283 87.127 642.923 0 -1 0 1 0 0 0 0 0.999999 tuboruta.dat
1 0 -659.329 87.212 662.666 0 0 1 1 0 0 0 0.999999 0 mastilh.dat
1 8 -659.345 86.038 663.196 0 0.707107 -0.707106 -1 0 0 0 0.707106 0.707106 mastilm.dat
1 8 -650.856 86.039 671.683 0.707106 -0.707107 0 0 0 1 -0.707106 -0.707106 0 cilindro.dat
1 8 -628.225 76.042 694.305 0.707106 -0.707107 0 0 0 1 -0.707106 -0.707106 0 enganch2.dat
1 8 -642.368 76.038 708.452 0.707106 -0.707107 0 0 0 1 -0.707106 -0.707106 0 enganch2.dat
1 8 -648.025 76.04 702.791 0.707106 -0.707107 0 0 0 1 -0.707106 -0.707106 0 placa2.dat
1 8 -597.113 76.039 697.136 -0.707106 -0.707107 0 0 0 -1 0.707106 -0.707106 0 pico.dat
1 8 -614.089 76.039 708.45 0.707106 0 0.707107 0 1 0 -0.707106 0 0.707106 popa4p.dat
1 8 -642.373 68.038 708.45 0.707106 0 0.707107 0 1 0 -0.707106 0 0.707106 respirad.dat
1 4 -557.513 68.04 736.733 -0.707106 0 -0.707107 0 1 0 0.707106 0 -0.707106 bald2x2r.dat
1 1 -614.089 76.039 708.45 -0.707106 0 -0.707107 0 1 0 0.707106 0 -0.707106 proa4p.dat
1 0 -675.283 47.127 682.923 0 -1 0 1 0 0 0 0 0.999999 tuboruta.dat
1 0 -659.329 47.212 702.666 0 0 1 1 0 0 0 0.999999 0 mastilh.dat
1 8 -659.345 46.038 703.196 0 0.55557 -0.831469 -1 0 0 0 0.831469 0.55557 mastilm.dat
1 8 -652.675 46.039 713.176 0.831469 -0.55557 0 0 0 1 -0.55557 -0.831469 0 cilindro.dat
1 8 -634.892 36.042 739.778 0.831469 -0.55557 0 0 0 1 -0.55557 -0.831469 0 enganch2.dat
1 8 -651.523 36.038 750.895 0.831469 -0.55557 0 0 0 1 -0.55557 -0.831469 0 enganch2.dat
1 8 -655.966 36.04 744.238 0.831469 -0.55557 0 0 0 1 -0.55557 -0.831469 0 placa2.dat
1 8 -604.93 36.039 748.625 -0.831469 -0.55557 0 0 0 -1 0.55557 -0.831469 0 pico.dat
1 8 -623.787 36.039 756.41 0.831469 0 0.55557 0 1 0 -0.55557 0 0.831469 popa4p.dat
1 8 -651.528 28.038 750.892 0.831469 0 0.55557 0 1 0 -0.55557 0 0.831469 respirad.dat
1 4 -573.816 28.04 795.186 -0.831469 0 -0.55557 0 1 0 0.55557 0 -0.831469 bald2x2r.dat
1 1 -623.787 36.039 756.41 -0.831469 0 -0.55557 0 1 0 0.55557 0 -0.831469 proa4p.dat
1 8 -747.289 37.127 612.923 0 1 0 -1 0 0 0 0 0.999999 baldc2x2.dat
1 8 -747.289 37.125 652.926 0 1 0 -1 0 0 0 0 0.999999 baldc2x2.dat
1 8 -747.296 77.125 612.926 0 1 0 -1 0 0 0 0 0.999999 baldc2x2.dat
1 8 -747.296 97.125 652.926 0 1 0 -1 0 0 0 0 0.999999 baldc2x2.dat
1 8 -739.289 17.119 612.939 0 1 0 0 0 1 0.999999 0 0 tejado8.dat
1 8 -731.288 -2.873 612.927 0 1 0 0 0 1 0.999999 0 0 tejado.dat
1 8 -731.288 -2.873 612.927 0 1 0 0 0 1 0.999999 0 0 placa2.dat
1 8 -675.286 -2.876 692.934 0 -1 0 1 0 0 0 0 0.999999 baldc4in.dat
1 8 -683.289 27.124 712.929 0 -1 0 0 0 1 -0.999999 0 0 guardabr.dat
1 8 -691.29 97.123 632.933 0 -1 0 0 0 -1 0.999999 0 0 placa4.dat
1 8 -683.287 97.124 612.93 0 -1 0 0 0 -1 0.999999 0 0 placa4.dat
1 8 -683.282 97.125 692.923 0 -1 0 0 0 -1 0.999999 0 0 placa1.dat
1 8 -691.288 17.123 612.928 0 -1 0 1 0 0 0 0 0.999999 placa4.dat
1 8 -691.287 17.125 632.927 0 -1 0 1 0 0 0 0 0.999999 placa2x3.dat
1 8 -699.282 -22.876 612.934 0 -1 0 1 0 0 0 0 0.999999 placa2x3.dat
1 8 -707.286 17.124 612.925 0 -1 0 1 0 0 0 0 0.999999 placa2x2.dat
1 8 -699.286 57.125 612.932 0 -1 0 0 0 -1 0.999999 0 0 placa2.dat
1 8 -723.285 57.123 652.931 0 1 0 0 0 -1 -0.999999 0 0 placa2.dat
1 8 -683.288 17.125 612.924 0 -1 0 1 0 0 0 0 0.999999 placa2x3.dat
1 8 -683.292 17.128 652.922 0 -1 0 1 0 0 0 0 0.999999 placa2x3.dat
1 8 -691.292 27.124 712.929 0 -1 0 0 0 1 -0.999999 0 0 placa2x2.dat
1 8 -675.283 57.127 672.921 0 -1 0 -1 0 0 0 0 -0.999999 baldc1.dat
1 8 -675.283 97.127 712.921 0 -1 0 -1 0 0 0 0 -0.999999 baldc1.dat
1 8 -675.283 97.127 632.921 0 -1 0 -1 0 0 0 0 -0.999999 baldc1.dat
1 8 -675.293 37.124 692.931 0 -1 0 -1 0 0 0 0 -0.999999 baldc2x2.dat
1 8 -675.29 37.123 652.929 0 -1 0 -1 0 0 0 0 -0.999999 baldc2x2.dat
1 8 -675.29 77.123 652.929 0 -1 0 -1 0 0 0 0 -0.999999 baldc2x2.dat
1 8 -675.29 97.123 692.929 0 -1 0 -1 0 0 0 0 -0.999999 baldc2x2.dat
1 8 -683.287 17.126 772.927 0 -1 0 0 0 1 -0.999999 0 0 tejado8.dat
1 8 -691.288 -2.877 652.928 0 -1 0 0 0 1 -0.999999 0 0 tejado.dat
1 8 -691.288 -2.877 652.928 0 -1 0 0 0 1 -0.999999 0 0 placa2.dat
1 8 -795.291 -30.875 652.927 0 -1 0 -1 0 0 0 0 -0.999999 pinzastr.dat
1 1 -761.292 -95.486 672.992 0 0 1 0 1 0 -0.999999 0 0 tobergal.dat
1 8 -711.285 129.115 592.887 -1 0 0 0 1 0 0 0 -0.999999 quilla_4.dat
1 8 -731.287 105.119 712.884 -1 0 0 0 1 0 0 0 -0.999999 bald2.dat
1 8 -731.294 105.114 672.889 -1 0 0 0 1 0 0 0 -0.999999 bald2.dat
1 8 -731.285 105.118 632.891 -1 0 0 0 1 0 0 0 -0.999999 bald1.dat
1 8 -671.289 105.117 712.888 -1 0 0 0 1 0 0 0 -0.999999 bald2.dat
1 8 -671.287 105.115 672.888 -1 0 0 0 1 0 0 0 -0.999999 bald2.dat
1 8 -671.291 105.118 632.888 -1 0 0 0 1 0 0 0 -0.999999 bald1.dat
1 8 -731.288 97.116 672.89 0 0 1 0 1 0 -0.999999 0 0 enganch2.dat
1 8 -731.291 73.111 672.889 0 0 1 0 1 0 -0.999999 0 0 placa2x3.dat
1 8 -731.285 89.118 582.892 0 0 1 0 1 0 -0.999999 0 0 placa2x3.dat
1 8 -731.289 57.116 672.891 1 0 0 0 1 0 0 0 0.999999 placa2.dat
1 8 -731.289 25.116 682.886 1 0 0 0 1 0 0 0 0.999999 placa2.dat
1 8 -731.284 17.116 662.885 1 0 0 0 1 0 0 0 0.999999 bald2x2.dat
1 0 -731.291 73.119 692.884 -1 0 0 0 1 0 0 0 -0.999999 alfaturb.dat
1 0 -731.291 41.117 702.887 -1 0 0 0 1 0 0 0 -0.999999 alfaturb.dat
1 8 -731.293 49.116 662.89 1 0 0 0 1 0 0 0 0.999999 placa2x2.dat
1 8 -731.291 41.113 662.889 1 0 0 0 1 0 0 0 0.999999 jacena2.dat
1 8 -731.29 97.119 532.878 1 0 0 0 1 0 0 0 0.999999 placa2x2.dat
1 8 -731.29 105.116 512.89 1 0 0 0 1 0 0 0 0.999999 placa2x2.dat
1 8 -731.286 97.112 692.892 0 0 1 0 1 0 -0.999999 0 0 enganch2.dat
1 8 -731.293 129.115 672.89 0 0 1 0 1 0 -0.999999 0 0 jacen2x8.dat
1 8 -731.287 105.119 712.884 0 0 1 0 1 0 -0.999999 0 0 placa2x8.dat
1 8 -711.292 129.118 712.885 -1 0 0 0 1 0 0 0 -0.999999 enganch2.dat
1 8 -691.286 129.117 712.887 -1 0 0 0 1 0 0 0 -0.999999 enganch2.dat
1 0 -701.288 99.118 712.888 0 0 1 -1 0 0 0 -0.999999 0 chimenea.dat
1 0 -721.291 99.118 712.888 0 0 1 -1 0 0 0 -0.999999 0 chimenea.dat
1 8 -731.285 97.116 652.886 0 0 1 0 1 0 -0.999999 0 0 enganch2.dat
1 8 -731.297 97.114 632.888 0 0 1 0 1 0 -0.999999 0 0 enganch2.dat
1 8 -691.281 97.113 632.891 0 0 -1 0 1 0 0.999999 0 0 enganch2.dat
1 8 -691.289 97.116 612.892 0 0 -1 0 1 0 0.999999 0 0 enganch2.dat
1 8 -691.292 97.116 652.885 0 0 -1 0 1 0 0.999999 0 0 enganch2.dat
1 8 -691.291 97.118 672.887 0 0 -1 0 1 0 0.999999 0 0 enganch2.dat
1 8 -711.29 65.116 522.889 1 0 0 0 1 0 0 0 0.999999 bisgraba.dat
1 8 -711.29 65.116 522.889 1 0 0 0 1 0 0 0 0.999999 bisgreje.dat
1 8 -711.293 129.114 472.894 -1 0 0 0 1 0 0 0 -0.999999 quilla_4.dat
1 8 -731.288 -63.876 632.927 1 0 0 0 0 1 0 -0.999999 0 enganch2.dat
1 0 -731.294 -83.87 656.919 1 0 0 0 0 1 0 -0.999999 0 respirad.dat
1 0 -691.291 -28.49 815.362 0 0 1 0 -1 0 0.999999 0 0 nrutllnt.dat
1 0 -691.289 -28.49 795.358 0 0 1 0 -1 0 0.999999 0 0 nrutllnt.dat
1 0 -691.279 -28.487 775.355 0 0 1 0 -1 0 0.999999 0 0 nrutllnt.dat
1 0 -691.291 -28.491 755.366 0 0 1 0 -1 0 0.999999 0 0 nrutllnt.dat
1 0 -691.294 -28.489 835.354 0 0 1 0 -1 0 0.999999 0 0 nrutllnt.dat
1 0 -691.288 -28.493 855.352 0 0 1 0 -1 0 0.999999 0 0 nrutllnt.dat
1 0 -691.289 -28.492 875.359 0 0 1 0 -1 0 0.999999 0 0 nrutllnt.dat
1 0 -691.292 -28.491 895.36 0 0 1 0 -1 0 0.999999 0 0 nrutllnt.dat
1 0 -731.29 -28.492 730.362 0 0 -1 0 -1 0 -0.999999 0 0 nrutllnt.dat
1 8 -715.29 -37.492 797.362 0 -1 0 0 0 1 -0.999999 0 0 alfalln1.dat
1 0 -713.288 2.511 802.358 0 -1 0 0 0 -1 0.999999 0 0 llantaxt.dat
1 0 -711.288 -17.489 635.358 0 0 1 -1 0 0 0 -0.999999 0 mastf085.dat
1 8 -711.289 -17.491 618.362 -1 0 0 0 0 1 0 0.999999 0 mastilm.dat
1 0 -711.289 -17.491 618.362 -1 0 0 0 -0.382684 0.92388 0 0.92388 0.382683 mastilh.dat
1 8 -711.287 -63.875 632.926 1 0 0 0 0 1 0 -0.999999 0 enganch2.dat
1 0 -711.292 -63.873 668.925 1 0 0 0 0 1 0 -0.999999 0 remtcoht.dat
1 8 -751.287 -22.875 532.927 0 0 -1 0 1 0 0.999999 0 0 placa4.dat
1 1 -815.286 -22.874 632.926 0 0 1 0 1 0 -0.999999 0 0 placa4.dat
1 1 -627.291 -22.873 632.924 0 0 1 0 1 0 -0.999999 0 0 placa4.dat
1 8 -751.283 -30.874 592.928 0 0 -1 0 1 0 0.999999 0 0 placa2.dat
1 8 -751.292 -38.878 612.933 0 0 -1 0 1 0 0.999999 0 0 placa1.dat
1 8 -731.291 -22.872 532.921 0 0 -1 0 1 0 0.999999 0 0 placa4.dat
1 8 -731.288 33.123 532.927 0 0 -1 0 1 0 0.999999 0 0 jacena4.dat
1 8 -731.292 9.123 532.931 0 0 -1 0 1 0 0.999999 0 0 jacena4.dat
1 8 -731.285 57.125 532.924 0 0 -1 0 1 0 0.999999 0 0 jacena4.dat
1 8 -731.288 81.124 532.926 0 0 -1 0 1 0 0.999999 0 0 jacena4.dat
1 8 -731.295 105.121 532.928 0 0 -1 0 1 0 0.999999 0 0 jacena4.dat
1 8 -671.293 33.124 532.924 0 0 -1 0 1 0 0.999999 0 0 jacena4.dat
1 8 -671.297 9.123 532.932 0 0 -1 0 1 0 0.999999 0 0 jacena4.dat
1 8 -671.293 57.123 532.928 0 0 -1 0 1 0 0.999999 0 0 jacena4.dat
1 8 -671.284 81.122 532.932 0 0 -1 0 1 0 0.999999 0 0 jacena4.dat
1 8 -671.283 105.123 532.931 0 0 -1 0 1 0 0.999999 0 0 jacena4.dat
1 8 -671.29 105.119 452.935 0 0 -1 0 1 0 0.999999 0 0 placa2x3.dat
1 8 -671.29 105.119 452.935 -1 0 0 0 1 0 0 0 -0.999999 placa4.dat
