0 Untitled
0 Name: MiniHalcon.ldr
0 Author: MLCad
0 Unofficial Model
0 ROTATION CENTER 0 0 0 1 "Custom" 
0 ROTATION CONFIG 0 0
1 7 0 0 7 1 0 0 0 0 -1 0 1 0 gruab.dat
1 7 0 0 15 1 0 0 0 0 -1 0 1 0 chimplac.dat
1 0 0 0 5 -1 0 0 0 0 -1 0 -1 0 tuboruta.dat
1 7 20 0 7 -1 0 0 0 0 1 0 1 0 gruab.dat
1 7 10 0 -17 -1 0 0 0 0 1 0 1 0 pastilla.dat
1 7 10 -10 40 0 -1 0 0 0 1 -1 0 0 enganch2.dat
1 7 50 10 20 0 0 -1 -1 0 0 0 1 0 placa1.dat
1 7 -10 -10 20 -1 0 0 0 0 1 0 1 0 placa2.dat
1 33 -40 0 12 -1 0 0 0 0 1 0 1 0 sirena.dat
1 7 -10 -10 30 1 0 0 0 0 1 0 -1 0 enganch2.dat
1 15 10 -10 50 0 0 -1 0 1 0 1 0 0 popa6p.dat
1 383 60 -28 50 0 -0.55557 -0.83147 -1 0 0 0 0.83147 -0.55557 eje15.dat
1 15 57.779 -1 53.326 0.83147 0 -0.55557 0 1 0 0.55557 0 0.83147 radarp.dat
1 7 -10 -18 30 1 0 0 0 1 0 0 0 1 respirad.dat
1 7 40 -18 60 0.382684 0 -0.92388 0 1 0 0.92388 0 0.382684 chimplac.dat
1 7 -20 -18 60 -0.382684 0 -0.92388 0 1 0 0.92388 0 -0.382684 chimplac.dat
1 7 30 -18 10 1 0 0 0 1 0 0 0 1 bald2r.dat
1 7 -30 -18 10 1 0 0 0 1 0 0 0 1 bald2r.dat
1 15 10 -10 50 0 0 1 0 1 0 -1 0 0 popa6p.dat
1 0 10 -2 60 -1 0 0 0 1 0 0 0 -1 popa6p.dat
1 15 10 6 60 -1 0 0 0 1 0 0 0 -1 popa6p.dat
1 7 10 14 60 -1 0 0 0 1 0 0 0 -1 popa4p.dat
1 0 -56 0 60 1 0 0 0 0 -1 0 1 0 helillnt.dat
1 7 -40 -10 60 0 -1 0 0 0 1 -1 0 0 enganche.dat
1 0 76 0 40 -1 0 0 0 0 -1 0 -1 0 helillnt.dat
1 0 34 0 40 1 0 0 0 0 -1 0 1 0 helillnt.dat
1 7 60 -10 39.999 0 1 0 0 0 1 1 0 0 enganche.dat
1 7 36 0 49.999 0 1 0 0 0 1 1 0 0 tubo.dat
1 7 50 0 29.999 0 -1 0 0 0 -1 1 0 0 chimenea.dat
1 7 -10 -10 20 0 1 0 0 0 1 1 0 0 enganche.dat
1 7 -34 0 30 0 1 0 -1 0 0 0 0 1 piquito.dat
0
