0 Untitled
0 Name: Moto.ldr
0 Author: MLCad
0 Unofficial Model
0 ROTATION CENTER 0 0 0 1 "Custom" 
0 ROTATION CONFIG 0 0
1 0 40 3 30 -1 0 0 0 1 0 0 0 -1 cadcorci.dat
1 0 28 -25.478 -12.346 0 -1 0 -0.707107 0 -0.707107 0.707107 0 -0.707107 chimplac.dat
1 7 -17.702 -173.654 151.764 -0.357636 -0.886067 -0.294928 -0.885242 0.422239 -0.19509 0.297393 0.191311 -0.935392 soprtmar.dat
1 0 -7.071 -178.72 149.47 -0.357636 0.886067 0.294928 -0.885242 -0.422239 0.19509 0.297393 -0.191311 0.935392 cilindro.dat
1 4 -28.334 -168.586 154.059 0.357636 0.886067 -0.294928 0.885242 -0.422239 -0.19509 -0.297393 -0.191311 -0.935392 ejealfa.dat
1 7 -6.373 -205.261 138.555 -0.926579 0.285869 -0.244399 0.376066 0.713111 -0.591648 0.0051495 -0.640119 -0.768259 radarp.dat
1 383 38.5 -20.528 6.745 0 -1 0 0.707107 0 -0.707107 0.707107 0 0.707107 ejerue2.dat
1 0 20 -39.62 1.796 0 -1 0 -0.382683 0 -0.92388 0.92388 0 -0.382683 chimplac.dat
1 0 28 -47.274 20.274 0 -1 0 0 0 -1 1 0 0 chimplac.dat
1 383 38.5 -30.275 30.273 0 -1 0 1 0 0 0 0 1 ejerue2.dat
1 0 20 -47.274 40.274 0 -1 0 0.382683 0 -0.92388 0.92388 0 0.382683 chimplac.dat
1 0 28 -39.62 58.752 0 -1 0 0.707107 0 -0.707107 0.707107 0 0.707107 chimplac.dat
1 383 38.5 -20.53 53.803 0 -1 0 0.707107 0 0.707107 -0.707107 0 0.707107 ejerue2.dat
1 0 20 -25.478 72.895 0 -1 0 0.92388 0 -0.382683 0.382683 0 0.92388 chimplac.dat
1 0 28 -7 80.548 0 -1 0 1 0 0 0 0 1 chimplac.dat
1 0 20 13 80.548 0 -1 0 0.92388 0 0.382683 -0.382683 0 0.92388 chimplac.dat
1 0 28 31.478 72.894 0 -1 0 0.707107 0 0.707107 -0.707107 0 0.707107 chimplac.dat
1 383 38.5 26.529 53.804 0 -1 0 -0.707107 0 0.707107 -0.707107 0 -0.707107 ejerue2.dat
1 0 20 45.62 58.752 0 -1 0 0.382683 0 0.92388 -0.92388 0 0.382683 chimplac.dat
1 0 28 53.274 40.274 0 -1 0 0 0 1 -1 0 0 chimplac.dat
1 383 38.5 36.276 30.275 0 -1 0 -1 0 0 0 0 -1 ejerue2.dat
1 0 20 53.274 20.274 0 -1 0 -0.382683 0 0.92388 -0.92388 0 -0.382683 chimplac.dat
1 0 28 45.62 1.796 0 -1 0 -0.707107 0 0.707107 -0.707107 0 -0.707107 chimplac.dat
1 383 38.5 26.53 6.745 0 -1 0 -0.707107 0 -0.707107 0.707107 0 -0.707107 ejerue2.dat
1 0 20 31.478 -12.346 0 -1 0 -0.92388 0 0.382683 -0.382683 0 -0.92388 chimplac.dat
1 0 28 13 -20 0 -1 0 -1 0 0 0 0 -1 chimplac.dat
1 0 68 3 30 0 1 0 -1 0 0 0 0 1 ejeastr2.dat
1 0 72 -17.787 43.89 0 0 -1 -0.55557 -0.83147 0 -0.83147 0.55557 0 engbarco.dat
1 383 7 3 30 1 0 0 0 -0.55557 0.83147 0 -0.83147 -0.55557 eje15.dat
1 383 72 3 30 1 0 0 0 -0.55557 0.83147 0 -0.83147 -0.55557 eje15.dat
1 0 12 -17.787 43.89 0 0 -1 -0.55557 -0.83147 0 -0.83147 0.55557 0 engbarco.dat
1 6 12 -116.731 110.002 0 0 -1 -0.55557 -0.83147 0 -0.83147 0.55557 0 mastf050.dat
1 6 72 -116.731 110.002 0 0 -1 -0.55557 -0.83147 0 -0.83147 0.55557 0 mastf050.dat
1 0 12 -76.822 83.336 0 -1 0 0.83147 0 0.55557 -0.55557 0 0.83147 mastilh.dat
1 0 72 -76.822 83.335 0 1 0 0.83147 0 -0.55557 -0.55557 0 -0.83147 mastilh.dat
1 0 42 -77.396 64.475 1 0 0 0 -0.55557 0.83147 0 -0.83147 -0.55557 bispqarr.dat
1 8 42 -77.396 64.475 1 0 0 0 0.980785 0.19509 0 -0.19509 0.980785 bispqaba.dat
1 8 62 -77.352 23.684 0 0 -1 0.19509 0.980785 0 0.980785 -0.19509 0 bald2.dat
1 8 42 -69.508 22.123 1 0 0 0 0.980785 0.19509 0 -0.19509 0.980785 bisnrarr.dat
1 8 42 -69.508 22.123 1 0 0 0 1 0 0 0 1 bisnreje.dat
1 8 42 -69.508 22.123 -1 0 0 0 0.92388 0.382683 0 0.382683 -0.92388 bisnrarr.dat
1 8 22 -61.59 -17.893 1 0 0 0 0.92388 -0.382683 0 0.382683 0.92388 bald2x2r.dat
1 0 42 -59.619 91.083 -1 0 0 0 0.55557 0.83147 0 0.83147 -0.55557 bispqarr.dat
1 8 42 -59.619 91.083 -1 0 0 0 0.731354 -0.681998 0 -0.681998 -0.731354 bispqaba.dat
1 8 42 -34.275 94.797 -1 0 0 0 0.731354 -0.681998 0 -0.681998 -0.731354 bisnrarr.dat
1 8 42 -34.275 94.797 -1 0 0 0 0.58425 -0.811574 0 -0.811574 -0.58425 bisnreje.dat
1 8 42 -34.275 94.797 1 0 0 0 0.2292 0.973379 0 -0.973379 0.2292 bisnrarr.dat
1 8 62.001 2.825 111.754 -1 0 0 0 0.2292 -0.973379 0 -0.973379 -0.2292 bald2x2r.dat
1 383 12 -122.553 113.893 0 0 -1 -0.83147 0.55557 0 0.55557 0.83147 0 eje15.dat
1 7 49 -123.447 114.499 0 -1 0 -0.83147 0 -0.55557 0.55557 0 -0.83147 soprtmar.dat
1 0 60 -111.745 106.669 0 -1 0 -0.55557 0 0.83147 -0.83147 0 -0.55557 engbarco.dat
1 15 109.168 -118.755 116.9 0 0.92388 -0.382683 -1 0 0 0 0.382683 0.92388 radarp.dat
1 0 25 -111.324 106.653 0 1 0 -0.55557 0 -0.83147 -0.83147 0 0.55557 engbarco.dat
1 15 -24.168 -118.735 116.9 0 -0.92388 0.382683 1 0 0 0 0.382683 0.92388 radarp.dat
1 7 35 -123.327 115.124 0 1 0 -0.83147 0 0.55557 0.55557 0 0.83147 soprtmar.dat
1 0 42 -139 124 0 0 -1 0 -1 0 -1 0 0 vnt1x1.dat
1 0 42 -139 104 0 0 1 0 -1 0 1 0 0 vnt1x1.dat
1 0 32 -115 114 1 0 0 0 -1 0 0 0 -1 chimplac.dat
1 0 52 -147 114 -1 0 0 0 0 -1 0 -1 0 enganch2.dat
1 0 42 -157 103 -1 0 0 0 0 -1 0 -1 0 engbarco.dat
1 0 42 -167 146 -1 0 0 0 0 -1 0 -1 0 bispqaba.dat
1 0 42 -167 146 1 0 0 0 0.707107 0.707107 0 -0.707107 0.707107 bispqarr.dat
1 8 32 -179.728 144.586 1 0 0 0 0.707107 0.707107 0 -0.707107 0.707107 chimplac.dat
1 0 42 -147 134 -1 0 0 0 -1 0 0 0 1 mastbase.dat
1 383 42 -95 135 -1 0 0 0 1 0 0 0 -1 tuboruta.dat
1 383 82 -16.318 141.059 -1 0 0 0 0.989651 0.143493 0 0.143493 -0.989651 tuboruta.dat
1 383 62 -16.318 141.059 -1 0 0 0 0.989651 0.143493 0 0.143493 -0.989651 tuboruta.dat
1 383 22 -16.318 141.059 -1 0 0 0 0.989651 0.143493 0 0.143493 -0.989651 tuboruta.dat
1 383 2 -16.318 141.059 -1 0 0 0 0.989651 0.143493 0 0.143493 -0.989651 tuboruta.dat
1 0 42 -115 134 0 0 1 0 -1 0 1 0 0 cilindro.dat
1 0 42 -91 134 0 0 1 0 -1 0 1 0 0 chimtubo.dat
1 0 32 -59 164 1 0 0 0 -1 0 0 0 -1 enganche.dat
1 0 32 -35 134 0 0 1 0 -1 0 1 0 0 placa4.dat
1 0 52 -27 134 -1 0 0 0 -1 0 0 0 1 bald2r.dat
1 0 32 -27 174 0 0 1 0 -1 0 1 0 0 placa2.dat
1 0 32 -19 174 0 0 1 0 -1 0 1 0 0 placa2.dat
1 0 32 -67 124 0 0 1 0 -1 0 1 0 0 placa2.dat
1 0 42 -59 134 0 0 1 0 -1 0 1 0 0 piquito.dat
1 0 52 -83 180 0 0 -1 0 1 0 1 0 0 placa2.dat
1 7 52 -48.892 146.874 -1 0 0 0 1 0 0 0 -1 alfaturb.dat
1 0 72 -64.892 146.874 -1 0 0 0 1 0 0 0 -1 bald1.dat
1 7 32 -31.691 148.552 1 0 0 0 -0.989651 0.143493 0 -0.143493 -0.989651 alfaturb.dat
1 7 92 -31.691 148.552 1 0 0 0 -0.989651 0.143493 0 -0.143493 -0.989651 alfaturb.dat
1 7 12 -15.857 150.848 1 0 0 0 -0.989651 0.143493 0 -0.143493 -0.989651 placa4.dat
1 7 72 -7.939 151.995 1 0 0 0 -0.989651 0.143493 0 -0.143493 -0.989651 enganc2.dat
1 7 86.874 -0.063 237.003 -0.99863 0.052336 0 -0.00750982 -0.143296 0.989651 0.0517943 0.988295 0.143493 trfposte.dat
1 7 95.667 -24.138 403.038 -0.99863 0.052336 0 -0.00750982 -0.143296 0.989651 0.0517943 0.988295 0.143493 canontnq.dat
1 7 2 -14.422 140.951 1 0 0 0 -0.989651 0.143493 0 -0.143493 -0.989651 tubo.dat
1 0 42 -38.189 137.61 1 0 0 0 -0.989651 0.143493 0 -0.143493 -0.989651 cilindro.dat
1 7 -2.882 -0.063 237.003 -0.99863 -0.0523354 -0.000456093 0.00705763 -0.143296 0.989655 -0.0518584 0.988295 0.143469 trfposte.dat
1 7 -11.675 -24.138 403.038 -0.99863 -0.0523354 -0.000456093 0.00705763 -0.143296 0.989655 -0.0518584 0.988295 0.143469 canontnq.dat
1 7 32 -5.069 132.202 0 0 1 -0.143493 -0.989651 0 0.989651 -0.143493 0 placa2.dat
1 7 42 5.025 174.084 1 0 0 0 -0.989651 0.143493 0 -0.143493 -0.989651 bisnraba.dat
1 7 42 5.025 174.084 1 0 0 0 -0.992005 0.126199 0 -0.126199 -0.992005 bisnreje.dat
1 7 42 5.025 174.084 -1 0 0 0 -1 0 0 0 1 bisnraba.dat
1 0 62 -10.975 234.084 0 0 -1 0 -1 0 -1 0 0 placa2x3.dat
1 7 22 21.025 254.084 0 0 1 0 1 0 -1 0 0 placa2x2.dat
1 7 22 13.025 234.084 0 0 1 0 1 0 -1 0 0 enganc2.dat
1 7 42 13.025 234.084 0 0 1 0 1 0 -1 0 0 enganc2.dat
1 7 82 21 194 0 0 -1 0 1 0 1 0 0 extenabj.dat
1 7 2 21 214 0 0 1 0 1 0 -1 0 0 extenabj.dat
1 0 22 -18.975 244.084 1 0 0 0 1 0 0 0 1 placa2.dat
1 0 22 -10.975 224.084 1 0 0 0 1 0 0 0 1 placa2x2.dat
1 8 14 -39 234 0 1 0 0 0 -1 -1 0 0 popa4p.dat
1 0 6 -29 224 0 1 0 -0.382683 0 -0.92388 -0.92388 0 0.382683 chimplac.dat
1 0 14 -79 224 0 1 0 0 0 1 1 0 0 bald2r.dat
1 0 14 -59 244 0 1 0 0 0 1 1 0 0 bald1.dat
1 0 22 -19 224 0 1 0 -1 0 0 0 0 1 placa2x3.dat
1 0 14 -59 244 0 1 0 -1 0 0 0 0 1 placa1.dat
1 7 6 -69 254 0 1 0 -0.92388 0 -0.382683 -0.382683 0 0.92388 trftrian.dat
1 8 70 -39 234 0 -1 0 0 0 -1 1 0 0 popa4p.dat
1 0 78 -29 224 0 -1 0 -0.382683 0 0.92388 -0.92388 0 -0.382683 chimplac.dat
1 0 78 -29 234 1 0 0 0 0 1 0 -1 0 helillnt.dat
1 0 62 -19 264 0 -1 0 -1 0 0 0 0 -1 placa2x3.dat
1 0 70 -59 264 0 -1 0 -1 0 0 0 0 -1 placa1.dat
1 7 78 -69 254 0 -1 0 -0.19509 0 0.980786 -0.980786 0 -0.19509 trftrian.dat
1 0 70 -79 244 0 -1 0 0 0 1 -1 0 0 bald2r.dat
1 0 70 -59 264 0 -1 0 0 0 1 -1 0 0 bald1.dat
1 0 22 -18.975 244.084 0 0 1 0 1 0 -1 0 0 enganche.dat
1 0 62 -18.975 224.084 0 0 -1 0 1 0 1 0 0 enganche.dat
1 7 62 13.025 254.084 -1 0 0 0 1 0 0 0 -1 jacena2.dat
1 0 22 -42.975 224.084 1 0 0 0 1 0 0 0 1 placa2.dat
1 0 62 -50.975 224.084 0 0 -1 0 1 0 1 0 0 placa2x3.dat
1 0 22 -58.975 264.084 1 0 0 0 1 0 0 0 1 cuna.dat
1 0 22 -26.975 244.084 1 0 0 0 1 0 0 0 1 cuna.dat
1 0 42 -58.975 224.084 1 0 0 0 1 0 0 0 1 enganch2.dat
1 0 42 -90.975 244.084 1 0 0 0 1 0 0 0 1 bispqaba.dat
1 0 42 -90.975 244.084 -1 0 0 0 0.990268 0.139173 0 0.139173 -0.990268 bispqarr.dat
1 0 22 -98.897 242.971 1 0 0 0 0.990268 -0.139173 0 0.139173 0.990268 baldgord.dat
1 0 22 -58.975 224.084 1 0 0 0 1 0 0 0 1 enganch2.dat
1 0 22 -58.975 264.084 0 0 1 0 1 0 -1 0 0 enganch2.dat
1 0 62 -58.975 244.084 0 0 -1 0 1 0 1 0 0 enganch2.dat
1 4 52 -82.975 294.084 0 0 -1 0 1 0 1 0 0 chimenea.dat
1 4 32 -82.975 294.084 0 0 -1 0 1 0 1 0 0 chimenea.dat
1 0 22 -123.519 360.688 1 0 0 0 0.990268 -0.139173 0 0.139173 0.990268 tejado.dat
1 0 62 -128.659 339.77 0 0 -1 -0.139173 0.990268 0 0.990268 0.139173 0 baldc2.dat
1 0 22 -112.388 281.47 1 0 0 0 0.990268 -0.139173 0 0.139173 0.990268 baldc2x2.dat
1 0 62 -93.758 263.89 0 0 -1 -0.139173 0.990268 0 0.990268 0.139173 0 placa2x3.dat
1 0 62 -104.464 282.58 0 0 -1 -0.139173 0.990268 0 0.990268 0.139173 0 placa4.dat
1 0 42 -104.464 282.58 0 0 -1 -0.139173 0.990268 0 0.990268 0.139173 0 placa4.dat
1 4 42 -91.402 304.613 0 0 -1 -0.139173 0.990268 0 0.990268 0.139173 0 placa4.dat
1 4 62 -91.402 304.613 0 0 -1 -0.139173 0.990268 0 0.990268 0.139173 0 placa4.dat
1 8 22 -77.443 348.989 0 0 1 -0.139173 -0.990268 0 0.990268 -0.139173 0 pinzastr.dat
1 8 62 -78.836 358.89 -1 0 0 0 0.139173 -0.990268 0 -0.990268 -0.139173 enganch2.dat
1 8 42 -78.836 358.89 -1 0 0 0 0.139173 -0.990268 0 -0.990268 -0.139173 enganch2.dat
1 8 42 -94.187 324.419 1 0 0 0 0.139173 0.990268 0 -0.990268 0.139173 enganch2.dat
1 8 42 -94.187 324.419 0 -1 0 0.139173 0 0.990268 -0.990268 0 0.139173 enganch2.dat
1 8 22 -94.187 324.419 1 0 0 0 0.139173 0.990268 0 -0.990268 0.139173 enganch2.dat
1 8 52 -92.077 381.265 -1 0 0 0 0.139173 -0.990268 0 -0.990268 -0.139173 chimtubo.dat
1 0 73.5 -63.871 322.088 0 0 -1 -0.309017 0.951057 0 0.951057 0.309017 0 mastilh.dat
1 8 42 -91.404 304.614 0 1 0 -0.139173 0 0.990268 0.990268 0 0.139173 enganch2.dat
1 57 12 -88.737 357.499 1 0 0 0 0.139173 0.990268 0 -0.990268 0.139173 sirena.dat
1 57 72 -88.737 357.499 1 0 0 0 0.139173 0.990268 0 -0.990268 0.139173 sirena.dat
1 4 32 -95.422 405.032 1 0 0 0 0.139173 0.990268 0 -0.990268 0.139173 chimplac.dat
1 8 52 -87.625 349.579 1 0 0 0 0.139173 0.990268 0 -0.990268 0.139173 chimplac.dat
1 8 12 -87.625 349.579 1 0 0 0 0.139173 0.990268 0 -0.990268 0.139173 chimplac.dat
1 0 62 -102.109 323.305 0 0 -1 -0.139173 0.990268 0 0.990268 0.139173 0 placa2x2.dat
1 0 62 -107.675 362.917 -1 0 0 0 0.990268 0.139173 0 0.139173 -0.990268 pico.dat
1 383 82 -83.9 137 0 1 0 1 0 0 0 0 -1 eje15.dat
1 0 32 -64.892 146.874 -1 0 0 0 1 0 0 0 -1 bald1.dat
1 383 2 -83.9 137 0 1 0 1 0 0 0 0 -1 eje15.dat
1 7 -8 -48.892 146.874 -1 0 0 0 1 0 0 0 -1 alfaturb.dat
1 7 17 -141 134 -0.953717 -0.0586648 -0.294928 0 0.980785 -0.19509 0.300706 -0.186061 -0.935392 antnincl.dat
1 7 100.751 -175.964 149.663 0.304417 0.923512 -0.23336 -0.902585 0.357957 0.239179 0.304417 0.137817 0.942516 soprtmar.dat
1 0 89.67 -180.259 148.008 0.304417 -0.923512 0.23336 -0.902585 -0.357957 -0.239179 0.304417 -0.137817 -0.942516 cilindro.dat
1 4 111.831 -171.668 151.316 -0.304417 -0.923512 -0.23336 0.902585 -0.357957 0.239179 -0.304417 -0.137817 0.942516 ejealfa.dat
1 7 89.106 -205.987 137.993 -0.923511 -0.191942 0.332091 -0.357957 0.742351 -0.566377 -0.137817 -0.64193 -0.754276 radarp.dat
1 7 67 -141 134 0.707107 0 -0.707107 0 1 0 0.707107 0 0.707107 antnincl.dat
1 7 42 29 194 -1 0 0 0 1 0 0 0 -1 paracqtt.dat
1 383 72 -122.553 113.892 0 0 -1 -0.83147 0.55557 0 0.55557 0.83147 0 eje15.dat
1 4 42 -96 144 1 0 0 0 0 1 0 -1 0 popa4p.dat
1 0 52 -76 136 0 0 1 -1 0 0 0 -1 0 placa2.dat
1 0 62 -86 144 0 0 1 -1 0 0 0 -1 0 tubo.dat
1 0 22 -86 144 0 0 1 -1 0 0 0 -1 0 tubo.dat
1 0 2 -86 152 0 0 1 -1 0 0 0 -1 0 tubo.dat
1 7 82 -86 161 0 0 1 1 0 0 0 1 0 soprtmar.dat
1 7 2 -86 161 0 0 1 1 0 0 0 1 0 soprtmar.dat
1 0 12 -86 216 0.492424 0 0.870356 0.870356 0 -0.492424 0 1 0 chimplac.dat
1 0 12 -39 224 1 0 0 0 0 -1 0 1 0 placa2x3.dat
1 7 32 -59 216 1 0 0 0 0 -1 0 1 0 enganc2.dat
1 0 22 -49 216 1 0 0 0 0 -1 0 1 0 amortigu.dat
1 0 62 -49 216 1 0 0 0 0 -1 0 1 0 amortigu.dat
1 0 72 -68 208 0 1 0 0 0 -1 -1 0 0 helillnt.dat
1 0 32 -68 208 0 1 0 0 0 -1 -1 0 0 helillnt.dat
1 0 42 -49 183 0 1 0 0 0 -1 -1 0 0 eje26.dat
1 0 52 -59 200 -1 0 0 0 1 0 0 0 -1 enganch2.dat
1 7 42 -73 190 0 0 1 0 -1 0 1 0 0 soprtmar.dat
1 0 62 -86 184 1 0 0 0 0 -1 0 1 0 chimplac.dat
1 0 52 -76 176 1 0 0 0 0 -1 0 1 0 placa1.dat
1 0 12 -76 176 1 0 0 0 0 -1 0 1 0 placa1.dat
1 0 72 -86 208 1 0 0 0 0 -1 0 1 0 cilindro.dat
1 0 12 -86 208 1 0 0 0 0 -1 0 1 0 cilindro.dat
1 0 82 -86 152 0 0 1 -1 0 0 0 -1 0 tubo.dat
1 0 72 -86 216 -0.496217 0 0.868199 0.868199 0 0.496217 0 1 0 chimplac.dat
1 0 2 -86 184 1 0 0 0 0 -1 0 1 0 chimplac.dat
1 0 6 -29 234 -1 0 0 0 0 -1 0 -1 0 helillnt.dat
1 0 12 -76 136 0 0 1 -1 0 0 0 -1 0 placa2.dat
1 4 42 -96 152 1 0 0 0 0 1 0 -1 0 popa4p.dat
1 4 42 -96 160 1 0 0 0 0 1 0 -1 0 popa4p.dat
1 4 42 -96 168 1 0 0 0 0 1 0 -1 0 popa4p.dat
1 4 42 -96 176 1 0 0 0 0 1 0 -1 0 popa4p.dat
1 4 42 -96 184 1 0 0 0 0 1 0 -1 0 popa4p.dat
1 4 42 -96 192 1 0 0 0 0 1 0 -1 0 popa4p.dat
1 4 42 -91 200 1 0 0 0 1 0 0 0 1 semicupp.dat
1 383 38.5 3.001 28.998 0 -1 0 0 0 -1 1 0 0 eje45.dat
1 0 20 -7 -20 0 -1 0 -0.92388 0 -0.382683 0.382683 0 -0.92388 chimplac.dat
1 0 55 -39.619 58.511 0 1 0 -0.382684 0 -0.92388 -0.92388 0 0.382684 chimplac.dat
1 383 44.5 -27.741 42.768 0 1 0 0.92388 0 -0.382684 -0.382684 0 -0.92388 ejerue2.dat
1 0 63 -47.274 40.035 0 1 0 0 0 -1 -1 0 0 chimplac.dat
1 0 55.001 -47.274 20.034 0 1 0 0.382683 0 -0.92388 -0.92388 0 -0.382683 chimplac.dat
1 383 44.5 -27.743 17.302 0 1 0 0.92388 0 0.382683 0.382683 0 -0.92388 ejerue2.dat
1 0 63 -39.62 1.557 0 1 0 0.707107 0 -0.707107 -0.707107 0 -0.707107 chimplac.dat
1 0 55 -25.477 -12.586 0 1 0 0.92388 0 -0.382684 -0.382684 0 -0.92388 chimplac.dat
1 383 44.5 -9.734 -0.708 0 1 0 0.382684 0 0.92388 0.92388 0 -0.382684 ejerue2.dat
1 0 63 -7 -20.241 0 1 0 1 0 0 0 0 -1 chimplac.dat
1 383 41 -7 -20.24 -1 0 0 0 1 0 0 0 -1 eje15.dat
1 383 41 13 -20.24 -1 0 0 0 0.92388 0.382683 0 0.382683 -0.92388 eje15.dat
1 383 41 31.478 -12.586 -1 0 0 0 0.707107 0.707107 0 0.707107 -0.707107 eje15.dat
1 383 41 45.62 1.556 -1 0 0 0 0.382683 0.92388 0 0.92388 -0.382683 eje15.dat
1 383 41 53.274 20.034 -1 0 0 0 0 1 0 1 0 eje15.dat
1 383 41 53.274 40.034 -1 0 0 0 -0.382683 0.92388 0 0.92388 0.382683 eje15.dat
1 383 41 45.62 58.512 -1 0 0 0 -0.707107 0.707107 0 0.707107 0.707107 eje15.dat
1 383 41 31.478 72.654 -1 0 0 0 -0.92388 0.382683 0 0.382683 0.92388 eje15.dat
1 383 41 13 80.308 -1 0 0 0 -1 0 0 0 1 eje15.dat
1 383 41 -7 80.308 -1 0 0 0 -0.92388 -0.382683 0 -0.382683 0.92388 eje15.dat
1 383 41 -25.478 72.654 -1 0 0 0 -0.707107 -0.707107 0 -0.707107 0.707107 eje15.dat
1 383 41 -39.62 58.512 -1 0 0 0 -0.382683 -0.92388 0 -0.92388 0.382683 eje15.dat
1 383 41 -47.274 40.034 -1 0 0 0 0 -1 0 -1 0 eje15.dat
1 383 41 -47.274 20.034 -1 0 0 0 0.382683 -0.92388 0 -0.92388 -0.382683 eje15.dat
1 383 41 -39.62 1.556 -1 0 0 0 0.707107 -0.707107 0 -0.707107 -0.707107 eje15.dat
1 383 41 -25.478 -12.586 -1 0 0 0 0.707107 -0.707107 0 -0.707107 -0.707107 eje15.dat
1 0 55.001 13 -20.24 0 1 0 0.92388 0 0.382683 0.382683 0 -0.92388 chimplac.dat
1 0 63 31.478 -12.586 0 1 0 0.707107 0 0.707107 0.707107 0 -0.707107 chimplac.dat
1 0 55 45.621 1.557 0 1 0 0.382684 0 0.92388 0.92388 0 -0.382684 chimplac.dat
1 383 44.499 33.742 17.3 0 1 0 -0.92388 0 0.382684 0.382684 0 0.92388 ejerue2.dat
1 0 62.999 53.274 20.034 0 1 0 0 0 1 1 0 0 chimplac.dat
1 0 55 53.274 40.035 0 1 0 -0.382683 0 0.92388 0.92388 0 0.382683 chimplac.dat
1 383 44.5 33.744 42.768 0 1 0 -0.92388 0 -0.382683 -0.382683 0 0.92388 ejerue2.dat
1 0 62.999 45.62 58.512 0 1 0 -0.707107 0 0.707107 0.707107 0 0.707107 chimplac.dat
1 0 55 31.477 72.655 0 1 0 -0.92388 0 0.382684 0.382684 0 0.92388 chimplac.dat
1 383 44.5 15.735 60.776 0 1 0 -0.382684 0 -0.92388 -0.92388 0 0.382684 ejerue2.dat
1 0 63 13 80.309 0 1 0 -1 0 0 0 0 1 chimplac.dat
1 0 55 -7 80.309 0 1 0 -0.92388 0 -0.382683 -0.382683 0 0.92388 chimplac.dat
1 383 44.5 2.513 31.213 0 1 0 0.382683 0 -0.92388 -0.92388 0 -0.382683 eje45.dat
1 0 63 -25.478 72.653 0 1 0 -0.707107 0 -0.707107 -0.707107 0 0.707107 chimplac.dat
1 0 40 8 345 -1 0 0 0 1 0 0 0 -1 cadcorci.dat
1 0 28 -20.478 302.654 0 -1 0 -0.707107 0 -0.707107 0.707107 0 -0.707107 chimplac.dat
1 383 38.5 -15.528 321.745 0 -1 0 0.707107 0 -0.707107 0.707107 0 0.707107 ejerue2.dat
1 0 20 -34.62 316.796 0 -1 0 -0.382683 0 -0.92388 0.92388 0 -0.382683 chimplac.dat
1 0 28 -42.274 335.274 0 -1 0 0 0 -1 1 0 0 chimplac.dat
1 383 38.5 -25.275 345.273 0 -1 0 1 0 0 0 0 1 ejerue2.dat
1 0 20 -42.274 355.274 0 -1 0 0.382683 0 -0.92388 0.92388 0 0.382683 chimplac.dat
1 0 28 -34.62 373.752 0 -1 0 0.707107 0 -0.707107 0.707107 0 0.707107 chimplac.dat
1 383 38.5 -15.53 368.803 0 -1 0 0.707107 0 0.707107 -0.707107 0 0.707107 ejerue2.dat
1 0 19.999 -20.478 387.894 0 -1 0 0.92388 0 -0.382683 0.382683 0 0.92388 chimplac.dat
1 0 28 -2 395.548 0 -1 0 1 0 0 0 0 1 chimplac.dat
1 0 20 18 395.548 0 -1 0 0.92388 0 0.382683 -0.382683 0 0.92388 chimplac.dat
1 0 28 36.478 387.894 0 -1 0 0.707107 0 0.707107 -0.707107 0 0.707107 chimplac.dat
1 383 38.5 31.529 368.804 0 -1 0 -0.707107 0 0.707107 -0.707107 0 -0.707107 ejerue2.dat
1 0 20 50.62 373.752 0 -1 0 0.382683 0 0.92388 -0.92388 0 0.382683 chimplac.dat
1 0 28 58.274 355.274 0 -1 0 0 0 1 -1 0 0 chimplac.dat
1 383 38.5 41.276 345.275 0 -1 0 -1 0 0 0 0 -1 ejerue2.dat
1 0 20 58.274 335.275 0 -1 0 -0.382683 0 0.92388 -0.92388 0 -0.382683 chimplac.dat
1 0 28 50.62 316.796 0 -1 0 -0.707107 0 0.707107 -0.707107 0 -0.707107 chimplac.dat
1 383 38.5 31.53 321.745 0 -1 0 -0.707107 0 -0.707107 0.707107 0 -0.707107 ejerue2.dat
1 0 20 36.478 302.654 0 -1 0 -0.92388 0 0.382683 -0.382683 0 -0.92388 chimplac.dat
1 0 28 18 295 0 -1 0 -1 0 0 0 0 -1 chimplac.dat
1 0 68 8 345 0 1 0 -1 0 0 0 0 1 ejeastr2.dat
1 0 72 8 320 0 0 -1 1 0 0 0 -1 0 engbarco.dat
1 383 72 8 230 0 0 -1 0 1 0 1 0 0 eje6.dat
1 383 12 8 230 0 0 -1 0 1 0 1 0 0 eje6.dat
1 383 72 8 274.001 0 0 -1 1 0 0 0 -1 0 ejeastr4.dat
1 383 12 8 274.001 0 0 -1 1 0 0 0 -1 0 ejeastr4.dat
1 0 73.5 -63.867 322.001 0 0.0871558 -0.996195 -0.309017 0.947438 0.08289 0.951057 0.307841 0.0269326 mastilm.dat
1 383 75.853 -38.29 330.314 0 -0.0871558 -0.996195 0.309017 -0.947438 0.08289 -0.951057 -0.307841 0.0269326 amortigu.dat
1 0 77.944 -15.547 337.703 0 -0.0871558 -0.996195 0.309017 -0.947438 0.08289 -0.951057 -0.307841 0.0269326 engbarco.dat
1 0 10.5 -63.871 322.088 0 0 -1 -0.309017 0.951057 0 0.951057 0.309017 0 mastilh.dat
1 0 10.5 -63.867 322.001 0 -0.0871558 -0.996195 -0.309017 0.947438 -0.08289 0.951057 0.307841 -0.0269326 mastilm.dat
1 383 8.147 -38.29 330.314 0 0.0871558 -0.996195 0.309017 -0.947438 -0.08289 -0.951057 -0.307841 -0.0269326 amortigu.dat
1 0 6.056 -15.547 337.703 0 0.0871558 -0.996195 0.309017 -0.947438 -0.08289 -0.951057 -0.307841 -0.0269326 engbarco.dat
1 383 7 8 345 1 0 0 0 1 0 0 0 1 eje15.dat
1 383 72 8 345 1 0 0 0 1 0 0 0 1 eje15.dat
1 0 12 8 320 0 0 -1 1 0 0 0 -1 0 engbarco.dat
1 383 38.5 8.001 343.998 0 -1 0 0 0 -1 1 0 0 eje45.dat
1 0 19.999 -2 295 0 -1 0 -0.92388 0 -0.382683 0.382683 0 -0.92388 chimplac.dat
1 0 55 -34.619 373.511 0 1 0 -0.382684 0 -0.92388 -0.92388 0 0.382684 chimplac.dat
1 383 44.5 -22.741 357.768 0 1 0 0.92388 0 -0.382684 -0.382684 0 -0.92388 ejerue2.dat
1 0 63 -42.274 355.035 0 1 0 0 0 -1 -1 0 0 chimplac.dat
1 0 55.001 -42.274 335.034 0 1 0 0.382683 0 -0.92388 -0.92388 0 -0.382683 chimplac.dat
1 383 44.5 -22.743 332.302 0 1 0 0.92388 0 0.382683 0.382683 0 -0.92388 ejerue2.dat
1 0 62.999 -34.62 316.556 0 1 0 0.707107 0 -0.707107 -0.707107 0 -0.707107 chimplac.dat
1 0 55 -20.477 302.415 0 1 0 0.92388 0 -0.382684 -0.382684 0 -0.92388 chimplac.dat
1 383 44.5 -4.734 314.292 0 1 0 0.382684 0 0.92388 0.92388 0 -0.382684 ejerue2.dat
1 0 63 -2 294.759 0 1 0 1 0 0 0 0 -1 chimplac.dat
1 383 41 -2 294.76 -1 0 0 0 1 0 0 0 -1 eje15.dat
1 383 41 18 294.76 -1 0 0 0 0.92388 0.382683 0 0.382683 -0.92388 eje15.dat
1 383 41 36.478 302.414 -1 0 0 0 0.707107 0.707107 0 0.707107 -0.707107 eje15.dat
1 383 41 50.62 316.556 -1 0 0 0 0.382683 0.92388 0 0.92388 -0.382683 eje15.dat
1 383 41 58.274 335.034 -1 0 0 0 0 1 0 1 0 eje15.dat
1 383 41 58.274 355.034 -1 0 0 0 -0.382683 0.92388 0 0.92388 0.382683 eje15.dat
1 383 41 50.62 373.512 -1 0 0 0 -0.707107 0.707107 0 0.707107 0.707107 eje15.dat
1 383 41 36.478 387.654 -1 0 0 0 -0.92388 0.382683 0 0.382683 0.92388 eje15.dat
1 383 41 18 395.308 -1 0 0 0 -1 0 0 0 1 eje15.dat
1 383 41 -2 395.308 -1 0 0 0 -0.92388 -0.382683 0 -0.382683 0.92388 eje15.dat
1 383 41 -20.478 387.654 -1 0 0 0 -0.707107 -0.707107 0 -0.707107 0.707107 eje15.dat
1 383 41 -34.62 373.512 -1 0 0 0 -0.382683 -0.92388 0 -0.92388 0.382683 eje15.dat
1 383 41 -42.274 355.034 -1 0 0 0 0 -1 0 -1 0 eje15.dat
1 383 41 -42.274 335.034 -1 0 0 0 0.382683 -0.92388 0 -0.92388 -0.382683 eje15.dat
1 383 41 -34.62 316.556 -1 0 0 0 0.707107 -0.707107 0 -0.707107 -0.707107 eje15.dat
1 383 41 -20.478 302.414 -1 0 0 0 0.707107 -0.707107 0 -0.707107 -0.707107 eje15.dat
1 0 55.001 18 294.76 0 1 0 0.92388 0 0.382683 0.382683 0 -0.92388 chimplac.dat
1 0 63 36.478 302.415 0 1 0 0.707107 0 0.707107 0.707107 0 -0.707107 chimplac.dat
1 0 55 50.621 316.557 0 1 0 0.382684 0 0.92388 0.92388 0 -0.382684 chimplac.dat
1 383 44.499 38.742 332.3 0 1 0 -0.92388 0 0.382684 0.382684 0 0.92388 ejerue2.dat
1 0 63 58.274 335.033 0 1 0 0 0 1 1 0 0 chimplac.dat
1 0 55.001 58.274 355.034 0 1 0 -0.382683 0 0.92388 0.92388 0 0.382683 chimplac.dat
1 383 44.5 38.744 357.768 0 1 0 -0.92388 0 -0.382683 -0.382683 0 0.92388 ejerue2.dat
1 0 62.999 50.62 373.512 0 1 0 -0.707107 0 0.707107 0.707107 0 0.707107 chimplac.dat
1 0 55 36.477 387.655 0 1 0 -0.92388 0 0.382684 0.382684 0 0.92388 chimplac.dat
1 383 44.5 20.735 375.776 0 1 0 -0.382684 0 -0.92388 -0.92388 0 0.382684 ejerue2.dat
1 0 63 18 395.309 0 1 0 -1 0 0 0 0 1 chimplac.dat
1 0 55.001 -2 395.308 0 1 0 -0.92388 0 -0.382683 -0.382683 0 0.92388 chimplac.dat
1 383 44.5 7.513 346.213 0 1 0 0.382683 0 -0.92388 -0.92388 0 -0.382683 eje45.dat
1 0 63 -20.478 387.653 0 1 0 -0.707107 0 -0.707107 -0.707107 0 0.707107 chimplac.dat
1 4 42.426 -157.978 88 -0.707107 0 0.707107 -0.707107 0 -0.707107 0 -1 0 cilintap.dat
0
