0 Sin_nombre
0 Name: Observatorio.ldr
0 Author: MLCad
0 Unofficial Model
0 ROTATION CENTER 0 0 0 1 "Custom" 
0 ROTATION CONFIG -2 0
1 15 -1029.9 -522.219 1575.48 0 0 1 -0.195091 -0.98078 0 0.98078 -0.195091 0 chimenea.dat
1 15 -1029.9 -535.239 1570.71 0 0 1 -0.382683 -0.923875 0 0.923875 -0.382683 0 chimenea.dat
1 15 -1029.9 -547.069 1563.49 0 0 1 -0.555569 -0.831465 0 0.831465 -0.555569 0 chimenea.dat
1 15 -1029.9 -557.279 1554.1 0 0 1 -0.707105 -0.707103 0 0.707103 -0.707105 0 chimenea.dat
1 15 -1029.9 -565.438 1542.91 0 0 1 -0.831467 -0.555568 0 0.555568 -0.831467 0 chimenea.dat
1 15 -1029.9 -571.289 1530.33 0 0 1 -0.923877 -0.382682 0 0.382682 -0.923877 0 chimenea.dat
1 15 -1029.9 -574.549 1516.85 0 0 1 -0.980782 -0.195089 0 0.195089 -0.980782 0 chimenea.dat
1 15 -1029.9 -575.129 1503 0 0 1 -0.999997 0 0 0 -0.999997 0 chimenea.dat
1 15 -1020 -511.517 1517.98 0 0 1 0 0.999988 0 -0.999988 0 0 semicupg.dat
1 15 -1040 -500.517 1517.98 0 0 1 0 0.999988 0 -0.999988 0 0 popa6rem.dat
1 15 -1040 -484.517 1517.98 0 0 1 0 0.999988 0 -0.999988 0 0 popa6p.dat
1 15 -1040 -492.517 1517.98 0 0 1 0 0.999988 0 -0.999988 0 0 popa6p.dat
1 15 -1040 -468.517 1517.98 0 0 1 0 0.999988 0 -0.999988 0 0 popa6p.dat
1 15 -1040 -476.517 1517.98 0 0 1 0 0.999988 0 -0.999988 0 0 popa6p.dat
1 15 -1040 -452.518 1517.98 0 0 1 0 0.999988 0 -0.999988 0 0 popa6p.dat
1 15 -1040 -460.518 1517.98 0 0 1 0 0.999988 0 -0.999988 0 0 popa6p.dat
1 15 -1040 -436.518 1517.98 0 0 1 0 0.999988 0 -0.999988 0 0 popa6p.dat
1 8 -1040 -428.518 1587.98 0 0 1 0 0.999988 0 -0.999988 0 0 placa4.dat
1 15 -1020 -436.518 1547.98 0 0 -1 0 0.999988 0 0.999988 0 0 placa1.dat
1 0 -1060 -420.518 1587.98 0 0 1 0 0.999988 0 -0.999988 0 0 placa4x8.dat
1 0 -980 -420.518 1587.98 0 0 1 0 0.999988 0 -0.999988 0 0 placa2x8.dat
1 0 -1100 -420.518 1587.98 0 0 1 0 0.999988 0 -0.999988 0 0 placa2x8.dat
1 0 -1120 -420.518 1567.98 0 0 1 0 0.999988 0 -0.999988 0 0 placa4.dat
1 0 -1060 -420.518 1587.98 0.999988 0 0 0 0.999988 0 0 0 1 placa4.dat
1 0 -1100 -420.518 1587.98 0.999988 0 0 0 0.999988 0 0 0 1 placa2.dat
1 0 -979.999 -420.518 1587.98 0.999988 0 0 0 0.999988 0 0 0 1 placa2.dat
1 0 -1120 -420.518 1607.98 0 0 1 0 0.999988 0 -0.999988 0 0 placa2.dat
1 0 -1120 -420.518 1487.98 0 0 1 0 0.999988 0 -0.999988 0 0 placa2.dat
1 0 -1120 -420.518 1447.98 0 0 1 0 0.999988 0 -0.999988 0 0 placa1.dat
1 8 -1040 -428.518 1427.98 0.999988 0 0 0 0.999988 0 0 0 1 baldc1.dat
1 8 -1040 -428.518 1587.98 0.999988 0 0 0 0.999988 0 0 0 1 baldc1.dat
1 8 -940.001 -428.518 1507.98 0 0 -1 0 0.999988 0 0.999988 0 0 baldc2.dat
1 8 -1080 -428.518 1507.98 0 0 -1 0 0.999988 0 0.999988 0 0 baldc2.dat
1 8 -980 -428.518 1467.98 0.999988 0 0 0 0.999988 0 0 0 1 baldc4.dat
1 8 -1080 -428.518 1467.98 0.999988 0 0 0 0.999988 0 0 0 1 baldc4.dat
1 8 -980 -428.518 1567.98 0.999988 0 0 0 0.999988 0 0 0 1 baldc4.dat
1 8 -1080 -428.518 1567.98 0.999988 0 0 0 0.999988 0 0 0 1 baldc4.dat
1 15 -1040 -428.518 1447.98 0.999988 0 0 0 0.999988 0 0 0 1 vnt1x1.dat
1 15 -1030 -452.518 1457.98 0.999988 0 0 0 0.999988 0 0 0 1 jacena1.dat
1 15 -1030 -476.518 1457.98 0.999988 0 0 0 0.999988 0 0 0 1 jacena1.dat
1 15 -1030 -500.518 1457.98 0 0 -1 0 0.999988 0 0.999988 0 0 piquito.dat
1 15 -1020 -428.518 1507.98 0.999988 0 0 0 0.999988 0 0 0 1 placa2.dat
1 15 -1080 -428.518 1507.98 0.999988 0 0 0 0.999988 0 0 0 1 placa2.dat
1 0 -1030 -452.995 1537.98 0.999988 0 0 0 0 1 0 -0.999988 0 mastilh.dat
1 0 -1029.99 -452.995 1537.98 0.999988 0 0 0 -0.83146 0.55557 0 -0.555564 -0.83147 mastilm.dat
1 0 -1029.99 -486.253 1515.76 0.999988 0 0 0 -0.83146 0.55557 0 -0.555564 -0.83147 tubo.dat
1 0 -1029.99 -506.209 1502.43 0.999988 0 0 0 -0.83146 0.55557 0 -0.555564 -0.83147 cilindro.dat
1 0 -1029.99 -526.164 1489.09 0.999988 0 0 0 -0.83146 0.55557 0 -0.555564 -0.83147 cilindro.dat
1 0 -1029.99 -546.12 1475.76 0.999988 0 0 0 -0.83146 0.55557 0 -0.555564 -0.83147 cilindro.dat
1 15 -1030 -436.518 1577.98 0 0 1 0 0.999988 0 -0.999988 0 0 cilindro.dat
1 15 -1030 -460.518 1577.98 0 0 1 0 0.999988 0 -0.999988 0 0 chimtubo.dat
1 15 -1030 -484.518 1577.98 0 0 1 0 0.999988 0 -0.999988 0 0 chimtubo.dat
1 15 -1040 -444.518 1517.98 0 0 1 0 0.999988 0 -0.999988 0 0 popa6p.dat
1 15 -1020 -500.517 1517.98 0 0 -1 0 0.999988 0 0.999988 0 0 popa6rem.dat
1 15 -1020 -484.517 1517.98 0 0 -1 0 0.999988 0 0.999988 0 0 popa6p.dat
1 15 -1020 -492.517 1517.98 0 0 -1 0 0.999988 0 0.999988 0 0 popa6p.dat
1 15 -1020 -468.517 1517.98 0 0 -1 0 0.999988 0 0.999988 0 0 popa6p.dat
1 15 -1020 -476.517 1517.98 0 0 -1 0 0.999988 0 0.999988 0 0 popa6p.dat
1 15 -1020 -452.518 1517.98 0 0 -1 0 0.999988 0 0.999988 0 0 popa6p.dat
1 15 -1020 -460.518 1517.98 0 0 -1 0 0.999988 0 0.999988 0 0 popa6p.dat
1 15 -1020 -436.518 1517.98 0 0 -1 0 0.999988 0 0.999988 0 0 popa6p.dat
1 15 -1020 -444.518 1517.98 0 0 -1 0 0.999988 0 0.999988 0 0 popa6p.dat
1 15 -1040 -511.517 1517.98 0 0 -1 0 0.999988 0 0.999988 0 0 semicupg.dat
0
