0 ROTATION CENTER 0 0 0 1 "Custom" 
0 ROTATION CONFIG 0 0
1 8 24 -42 0 0 -1 0 0 0 -1 1 0 0 chimplac.dat
1 8 32 -42 20 0 -1 0 0.0980171 0 -0.995185 0.995185 0 0.0980171 chimplac.dat
1 7 24 -32 0 0 0 -1 0 1 0 1 0 0 enganch2.dat
1 7 34 -56 30 -1 0 0 0 1 0 0 0 -1 placa2x3.dat
1 8 14 -24 10 -1 0 0 0 1 0 0 0 -1 chimplac.dat
1 7 4 0 10 -1 0 0 0 1 0 0 0 -1 cilindro.dat
1 7 4 32 10 -1 0 0 0 1 0 0 0 -1 cilindro.dat
1 7 4 96 10 -1 0 0 0 1 0 0 0 -1 cilindro.dat
1 7 4 64 10 -1 0 0 0 1 0 0 0 -1 cilindro.dat
1 28 4 104 10 0 0 1 0 1 0 -1 0 0 chimttnc.dat
1 7 -16 118 30 0 0 1 0 1 0 -1 0 0 respirad.dat
1 28 4 72.001 10 0 0 1 0 1 0 -1 0 0 chimttnc.dat
1 28 4 40 10 0 0 1 0 1 0 -1 0 0 chimttnc.dat
1 28 4 8 10 0 0 1 0 1 0 -1 0 0 chimttnc.dat
1 28 4 162 -80 0 0 1 1 0 0 0 1 0 chimttnc.dat
1 28 4 162 -48 0 0 1 1 0 0 0 1 0 chimttnc.dat
1 7 -16 142 -34 0 0 1 1 0 0 0 1 0 respirad.dat
1 28 4 162 -112 0 0 1 1 0 0 0 1 0 chimttnc.dat
1 28 4 162 -144 0 0 1 1 0 0 0 1 0 chimttnc.dat
1 7 4 162 -56 0 0 1 1 0 0 0 1 0 cilindro.dat
1 7 4 162 -120 0 0 1 1 0 0 0 1 0 cilindro.dat
1 7 4 162 -88 0 0 1 1 0 0 0 1 0 cilindro.dat
1 7 4 162 -152 0 0 1 1 0 0 0 1 0 cilindro.dat
1 0 -16 162 10 0 1 0 0 0 1 1 0 0 popa6p.dat
1 0 -16 162 10 0 1 0 0 0 -1 -1 0 0 popa6p.dat
1 0 -24 162 10 0 1 0 1 0 0 0 0 -1 popa6p.dat
1 7 -32 142 50 0 1 0 1 0 0 0 0 -1 bald2x2r.dat
1 7 -32 182 -30 0 1 0 -1 0 0 0 0 1 bald2x2r.dat
1 0 -24 162 10 0 1 0 -1 0 0 0 0 1 popa6p.dat
1 0 40 162 10 0 1 0 0 0 1 1 0 0 popa6p.dat
1 7 48 162 10 0 1 0 1 0 0 0 0 -1 popa4p.dat
1 7 48 162 10 0 1 0 -1 0 0 0 0 1 popa4p.dat
1 7 56 162 10 0 1 0 0 0 1 1 0 0 popa4p.dat
1 7 56 162 10 0 1 0 0 0 -1 -1 0 0 popa4p.dat
1 7 64 162 10 0 1 0 1 0 0 0 0 -1 popa4p.dat
1 7 64 162 10 0 1 0 -1 0 0 0 0 1 popa4p.dat
1 7 72 162 10 0 1 0 0 0 1 1 0 0 popa4p.dat
1 7 72 162 10 0 1 0 0 0 -1 -1 0 0 popa4p.dat
1 7 80 162 10 0 1 0 1 0 0 0 0 -1 popa4p.dat
1 7 80 162 10 0 1 0 -1 0 0 0 0 1 popa4p.dat
1 7 88 162 10 0 1 0 0 0 1 1 0 0 popa4p.dat
1 7 88 162 10 0 1 0 0 0 -1 -1 0 0 popa4p.dat
1 7 96 162 10 0 1 0 0 0 1 1 0 0 popa4p.dat
1 7 96 162 10 0 1 0 0 0 -1 -1 0 0 popa4p.dat
1 7 104 162 10 0 1 0 0 0 1 1 0 0 popa4p.dat
1 7 104 162 10 0 1 0 0 0 -1 -1 0 0 popa4p.dat
1 7 104 132 10 -1 0 0 0 0 1 0 1 0 eje15.dat
1 7 104 192 10 -1 0 0 0 0 1 0 1 0 eje15.dat
1 7 4 134.727 -17.13 1 0 0 0 -0.707107 0.707107 0 -0.707107 -0.707107 soprtmar.dat
1 7 4 142.505 -9.352 1 0 0 0 0.707107 -0.707107 0 0.707107 0.707107 cilindro.dat
1 7 3 151.9 -0.1 1 0 0 0 0 1 0 -1 0 eje15.dat
1 0 40 162 10 0 1 0 0 0 -1 -1 0 0 popa6p.dat
1 0 32 162 10 0 1 0 1 0 0 0 0 -1 popa6p.dat
1 7 -6 142 20 0 0 1 0 1 0 -1 0 0 enganch2.dat
1 7 4 323 10 -1 0 0 0 -1 0 0 0 1 cilindro.dat
1 7 4 291.001 10 -1 0 0 0 -1 0 0 0 1 cilindro.dat
1 7 4 227 10 -1 0 0 0 -1 0 0 0 1 cilindro.dat
1 7 4 259 10 -1 0 0 0 -1 0 0 0 1 cilindro.dat
1 28 4 219 10 0 0 1 0 -1 0 1 0 0 chimttnc.dat
1 7 -16 206 -10 0 0 1 0 -1 0 1 0 0 respirad.dat
1 28 4 251 10 0 0 1 0 -1 0 1 0 0 chimttnc.dat
1 28 4 283 10 0 0 1 0 -1 0 1 0 0 chimttnc.dat
1 28 4 315 10 0 0 1 0 -1 0 1 0 0 chimttnc.dat
1 7 -6 182 0 0 0 1 0 -1 0 1 0 0 enganch2.dat
1 7 -16 151.999 -10 0 0 1 1 0 0 0 1 0 enganch2.dat
1 28 4 162 100 0 0 1 -1 0 0 0 -1 0 chimttnc.dat
1 28 4 162 68.001 0 0 1 -1 0 0 0 -1 0 chimttnc.dat
1 7 -16 182 54 0 0 1 -1 0 0 0 -1 0 respirad.dat
1 28 4 162 131.999 0 0 1 -1 0 0 0 -1 0 chimttnc.dat
1 28 4 162 164 0 0 1 -1 0 0 0 -1 0 chimttnc.dat
1 7 4 162 75.999 0 0 1 -1 0 0 0 -1 0 cilindro.dat
1 7 4 162 140 0 0 1 -1 0 0 0 -1 0 cilindro.dat
1 7 4 162 108 0 0 1 -1 0 0 0 -1 0 cilindro.dat
1 7 4 162 172 0 0 1 -1 0 0 0 -1 0 cilindro.dat
1 7 -16 172.001 30 0 0 1 -1 0 0 0 -1 0 enganch2.dat
1 0 32 162 10 0 1 0 -1 0 0 0 0 1 popa6p.dat
1 7 24 111.494 -12.223 -1 0 0 0 0.707107 0.707107 0 0.707107 -0.707107 bald2x2.dat
1 8 24 152 20 0 1 0 0 0 -1 -1 0 0 chimplac.dat
1 7 4 189.073 36.93 1 0 0 0 0.707107 -0.707107 0 0.707107 0.707107 soprtmar.dat
1 7 4 181.295 29.152 1 0 0 0 -0.707107 0.707107 0 -0.707107 -0.707107 cilindro.dat
1 7 3 171.9 19.9 1 0 0 0 0 -1 0 1 0 eje15.dat
1 7 24 212.306 32.023 -1 0 0 0 -0.707107 -0.707107 0 -0.707107 0.707107 bald2x2.dat
1 7 4 188.93 -17.273 1 0 0 0 0.707107 0.707107 0 -0.707107 0.707107 soprtmar.dat
1 7 4 181.152 -9.495 1 0 0 0 -0.707107 -0.707107 0 0.707107 -0.707107 cilindro.dat
1 7 3 171.9 -0.1 1 0 0 0 1 0 0 0 1 eje15.dat
1 7 24 184.023 -40.506 -1 0 0 0 -0.707107 0.707107 0 0.707107 0.707107 bald2x2.dat
1 7 4 134.87 37.073 1 0 0 0 -0.707107 -0.707107 0 0.707107 -0.707107 soprtmar.dat
1 7 4 142.648 29.295 1 0 0 0 0.707107 0.707107 0 -0.707107 0.707107 cilindro.dat
1 7 3 151.9 19.9 1 0 0 0 -1 0 0 0 -1 eje15.dat
1 7 24 139.777 60.306 -1 0 0 0 0.707107 -0.707107 0 -0.707107 -0.707107 bald2x2.dat
1 8 24 172 20 0 1 0 0 0 -1 -1 0 0 chimplac.dat
1 8 -8 172 20 0 1 0 0 0 -1 -1 0 0 chimplac.dat
1 8 -8 152 20 0 1 0 0 0 -1 -1 0 0 chimplac.dat
1 7 -8 142 30 0 1 0 0 0 -1 -1 0 0 placa2.dat
1 7 -8 202 30 0 1 0 0 0 -1 -1 0 0 placa2.dat
1 7 14 -64 -10 1 0 0 0 1 0 0 0 1 bald2.dat
1 7 -26 -64 -10 1 0 0 0 1 0 0 0 1 bald2.dat
1 8 4 -64 10 0 0 1 0 1 0 -1 0 0 pastilla.dat
1 8 -16 -42 20 0 1 0 0 0 -1 -1 0 0 chimplac.dat
1 8 -24 -40.04 39.904 0 1 0 -0.0980171 0 -0.995185 -0.995185 0 0.0980171 chimplac.dat
1 7 -16 -32 20 0 0 1 0 1 0 -1 0 0 enganch2.dat
1 8 24 -40.04 39.904 0 -1 0 0.19509 0 -0.980785 0.980785 0 0.19509 chimplac.dat
1 8 32 -36.139 59.52 0 -1 0 0.290285 0 -0.95694 0.95694 0 0.290285 chimplac.dat
1 7 24 -30.232 37.953 0 0 -1 0.19509 0.980785 0 0.980785 -0.19509 0 enganch2.dat
1 7 34 -47.918 72.059 -1 0 0 0 0.980785 -0.19509 0 -0.19509 -0.980785 placa2x3.dat
1 7 24 -18.484 56.008 -1 0 0 0 0.980785 -0.19509 0 -0.19509 -0.980785 placa2.dat
1 7 14 -63.568 34.389 1 0 0 0 0.980785 0.19509 0 -0.19509 0.980785 bald2.dat
1 7 -26 -63.568 34.389 1 0 0 0 0.980785 0.19509 0 -0.19509 0.980785 bald2.dat
1 8 4 -59.667 54.004 0 0 1 -0.19509 0.980785 0 -0.980785 -0.19509 0 pastilla.dat
1 8 -16 -36.139 59.52 0 1 0 -0.19509 0 -0.980785 -0.980785 0 0.19509 chimplac.dat
1 8 -24 -30.333 78.659 0 1 0 -0.290285 0 -0.95694 -0.95694 0 0.290285 chimplac.dat
1 7 -16 -26.33 57.568 0 0 1 -0.19509 0.980785 0 -0.980785 -0.19509 0 enganch2.dat
1 8 24 -30.332 78.659 0 -1 0 0.382683 0 -0.92388 0.92388 0 0.382683 chimplac.dat
1 8 32 -22.679 97.137 0 -1 0 0.471397 0 -0.881921 0.881921 0 0.471397 chimplac.dat
1 7 24 -21.093 74.832 0 0 -1 0.382683 0.92388 0 0.92388 -0.382683 0 enganch2.dat
1 7 34 -31.785 111.733 -1 0 0 0 0.92388 -0.382683 0 -0.382683 -0.92388 placa2x3.dat
1 7 24 -6.048 90.248 -1 0 0 0 0.92388 -0.382683 0 -0.382683 -0.92388 placa2.dat
1 7 14 -54.484 77.84 1 0 0 0 0.92388 0.382683 0 -0.382683 0.92388 bald2.dat
1 7 -26 -54.484 77.84 1 0 0 0 0.92388 0.382683 0 -0.382683 0.92388 bald2.dat
1 8 4 -46.831 96.317 0 0 1 -0.382683 0.92388 0 -0.92388 -0.382683 0 pastilla.dat
1 8 -16 -22.679 97.137 0 1 0 -0.382683 0 -0.92388 -0.92388 0 0.382683 chimplac.dat
1 8 -24 -13.251 114.776 0 1 0 -0.471397 0 -0.881921 -0.881921 0 0.471397 chimplac.dat
1 7 -16 -13.44 93.309 0 0 1 -0.382683 0.92388 0 -0.92388 -0.382683 0 enganch2.dat
1 8 24 -13.25 114.775 0 -1 0 0.55557 0 -0.83147 0.83147 0 0.55557 chimplac.dat
1 8 32 -2.139 131.405 0 -1 0 0.634393 0 -0.77301 0.77301 0 0.634393 chimplac.dat
1 7 24 -4.936 109.219 0 0 -1 0.55557 0.83147 0 0.83147 -0.55557 0 enganch2.dat
1 7 34 -8.222 147.497 -1 0 0 0 0.83147 -0.55557 0 -0.55557 -0.83147 placa2x3.dat
1 7 24 12.83 121.404 -1 0 0 0 0.83147 -0.55557 0 -0.55557 -0.83147 placa2.dat
1 7 14 -37.098 118.683 1 0 0 0 0.83147 0.55557 0 -0.55557 0.83147 bald2.dat
1 7 -26 -37.098 118.683 1 0 0 0 0.83147 0.55557 0 -0.55557 0.83147 bald2.dat
1 8 4 -25.987 135.312 0 0 1 -0.55557 0.83147 0 -0.83147 -0.55557 0 pastilla.dat
1 8 -16 -2.139 131.405 0 1 0 -0.55557 0 -0.83147 -0.83147 0 0.55557 chimplac.dat
1 8 -24 10.549 146.866 0 1 0 -0.634393 0 -0.77301 -0.77301 0 0.634393 chimplac.dat
1 7 -16 6.176 125.848 0 0 1 -0.55557 0.83147 0 -0.83147 -0.55557 0 enganch2.dat
1 8 24 10.549 146.864 0 -1 0 0.707107 0 -0.707107 0.707107 0 0.707107 chimplac.dat
1 8 32 24.691 161.007 0 -1 0 0.77301 0 -0.634393 0.634393 0 0.77301 chimplac.dat
1 7 24 17.619 139.793 0 0 -1 0.707107 0.707107 0 0.707107 -0.707107 0 enganch2.dat
1 7 34 21.864 177.977 -1 0 0 0 0.707107 -0.707107 0 -0.707107 -0.707107 placa2x3.dat
1 7 24 37.42 148.279 -1 0 0 0 0.707107 -0.707107 0 -0.707107 -0.707107 placa2.dat
1 7 14 -12.078 155.35 1 0 0 0 0.707107 0.707107 0 -0.707107 0.707107 bald2.dat
1 7 -26 -12.078 155.35 1 0 0 0 0.707107 0.707107 0 -0.707107 0.707107 bald2.dat
1 8 4 2.063 169.492 0 0 1 -0.707107 0.707107 0 -0.707107 -0.707107 0 pastilla.dat
1 8 -16 24.691 161.007 0 1 0 -0.707107 0 -0.707107 -0.707107 0 0.707107 chimplac.dat
1 8 -24 40.152 173.696 0 1 0 -0.77301 0 -0.634393 -0.634393 0 0.77301 chimplac.dat
1 7 -16 31.762 153.935 0 0 1 -0.707107 0.707107 0 -0.707107 -0.707107 0 enganch2.dat
1 8 24 40.151 173.694 0 -1 0 0.83147 0 -0.55557 0.55557 0 0.83147 chimplac.dat
1 8 32 56.78 184.807 0 -1 0 0.881921 0 -0.471397 0.471397 0 0.881921 chimplac.dat
1 7 24 45.706 165.379 0 0 -1 0.83147 0.55557 0 0.55557 -0.83147 0 enganch2.dat
1 7 34 57.318 202.002 -1 0 0 0 0.55557 -0.83147 0 -0.83147 -0.55557 placa2x3.dat
1 7 24 66.781 169.839 -1 0 0 0 0.55557 -0.83147 0 -0.83147 -0.55557 placa2.dat
1 7 14 19.615 186.431 1 0 0 0 0.55557 0.83147 0 -0.83147 0.55557 bald2.dat
1 7 -26 19.615 186.431 1 0 0 0 0.55557 0.83147 0 -0.83147 0.55557 bald2.dat
1 8 4 36.243 197.543 0 0 1 -0.83147 0.55557 0 -0.55557 -0.83147 0 pastilla.dat
1 8 -16 56.78 184.807 0 1 0 -0.83147 0 -0.55557 -0.55557 0 0.83147 chimplac.dat
1 8 -24 74.419 194.235 0 1 0 -0.881921 0 -0.471397 -0.471397 0 0.881921 chimplac.dat
1 7 -16 62.336 176.491 0 0 1 -0.83147 0.55557 0 -0.55557 -0.83147 0 enganch2.dat
1 8 24 74.418 194.233 0 -1 0 0.92388 0 -0.382683 0.382683 0 0.92388 chimplac.dat
1 8 32 92.895 201.889 0 -1 0 0.95694 0 -0.290285 0.290285 0 0.95694 chimplac.dat
1 7 24 78.244 184.995 0 0 -1 0.92388 0.382683 0 0.382683 -0.92388 0 enganch2.dat
1 7 34 96.778 218.648 -1 0 0 0 0.382683 -0.92388 0 -0.92388 -0.382683 placa2x3.dat
1 7 24 99.785 185.257 -1 0 0 0 0.382683 -0.92388 0 -0.92388 -0.382683 placa2.dat
1 7 14 56.761 210.732 1 0 0 0 0.382683 0.92388 0 -0.92388 0.382683 bald2.dat
1 7 -26 56.761 210.732 1 0 0 0 0.382683 0.92388 0 -0.92388 0.382683 bald2.dat
1 8 4 75.237 218.386 0 0 1 -0.92388 0.382683 0 -0.382683 -0.92388 0 pastilla.dat
1 8 -16 92.895 201.889 0 1 0 -0.92388 0 -0.382683 -0.382683 0 0.92388 chimplac.dat
1 8 -24 112.035 207.694 0 1 0 -0.95694 0 -0.290285 -0.290285 0 0.95694 chimplac.dat
1 7 -16 96.722 192.648 0 0 1 -0.92388 0.382683 0 -0.382683 -0.92388 0 enganch2.dat
1 8 24 112.035 207.693 0 -1 0 0.980785 0 -0.19509 0.19509 0 0.980785 chimplac.dat
1 8 32 131.65 211.597 0 -1 0 0.995185 0 -0.0980171 0.0980171 0 0.995185 chimplac.dat
1 7 24 113.985 197.886 0 0 -1 0.980785 0.19509 0 0.19509 -0.980785 0 enganch2.dat
1 7 34 138.728 227.277 -1 0 0 0 0.19509 -0.980785 0 -0.980785 -0.19509 placa2x3.dat
1 7 24 135.163 193.941 -1 0 0 0 0.19509 -0.980785 0 -0.980785 -0.19509 placa2.dat
1 7 14 97.936 227.319 1 0 0 0 0.19509 0.980785 0 -0.980785 0.19509 bald2.dat
1 7 -26 97.936 227.319 1 0 0 0 0.19509 0.980785 0 -0.980785 0.19509 bald2.dat
1 8 4 117.55 231.222 0 0 1 -0.980785 0.19509 0 -0.19509 -0.980785 0 pastilla.dat
1 8 -16 131.65 211.597 0 1 0 -0.980785 0 -0.19509 -0.19509 0 0.980785 chimplac.dat
1 8 -24 151.555 213.557 0 1 0 -0.995185 0 -0.0980171 -0.0980171 0 0.995185 chimplac.dat
1 7 -16 133.601 201.787 0 0 1 -0.980785 0.19509 0 -0.19509 -0.980785 0 enganch2.dat
1 8 24 151.555 213.555 0 -1 0 1 0 0 0 0 1 chimplac.dat
1 8 32 171.555 213.558 0 -1 0 0.995185 0 0.0980171 -0.0980171 0 0.995185 chimplac.dat
1 7 24 151.554 203.556 0 0 -1 1 0 0 0 -1 0 enganch2.dat
1 7 34 181.556 227.555 -1 0 0 0 0 -1 0 -1 0 placa2x3.dat
1 8 14 161.556 195.555 -1 0 0 0 0 -1 0 -1 0 chimplac.dat
1 7 14 141.556 235.554 1 0 0 0 0 1 0 -1 0 bald2.dat
1 7 -26 141.556 235.554 1 0 0 0 0 1 0 -1 0 bald2.dat
1 8 4 161.555 235.556 0 0 1 -1 0 0 0 -1 0 pastilla.dat
1 8 -16 171.555 213.558 0 1 0 -1 0 0 0 0 1 chimplac.dat
1 8 -24 191.459 211.596 0 1 0 -0.995185 0 0.0980171 0.0980171 0 0.995185 chimplac.dat
1 7 -16 171.554 203.556 0 0 1 -1 0 0 0 -1 0 enganch2.dat
1 8 24 191.459 211.595 0 -1 0 0.980785 0 0.19509 -0.19509 0 0.980785 chimplac.dat
1 8 32 211.075 207.696 0 -1 0 0.95694 0 0.290285 -0.290285 0 0.95694 chimplac.dat
1 7 24 189.507 201.788 0 0 -1 0.980785 -0.19509 0 -0.19509 -0.980785 0 enganch2.dat
1 7 34 223.615 219.473 -1 0 0 0 -0.19509 -0.980785 0 -0.980785 0.19509 placa2x3.dat
1 7 24 207.564 190.039 -1 0 0 0 -0.19509 -0.980785 0 -0.980785 0.19509 placa2.dat
1 7 14 185.943 235.122 1 0 0 0 -0.19509 0.980785 0 -0.980785 -0.19509 bald2.dat
1 7 -26 185.943 235.122 1 0 0 0 -0.19509 0.980785 0 -0.980785 -0.19509 bald2.dat
1 8 4 205.559 231.222 0 0 1 -0.980785 -0.19509 0 0.19509 -0.980785 0 pastilla.dat
1 8 -16 211.075 207.696 0 1 0 -0.980785 0 0.19509 0.19509 0 0.980785 chimplac.dat
1 8 -24 230.214 201.889 0 1 0 -0.95694 0 0.290285 0.290285 0 0.95694 chimplac.dat
1 7 -16 209.123 197.887 0 0 1 -0.980785 -0.19509 0 0.19509 -0.980785 0 enganch2.dat
1 8 24 230.214 201.887 0 -1 0 0.92388 0 0.382683 -0.382683 0 0.92388 chimplac.dat
1 8 32 248.692 194.236 0 -1 0 0.881921 0 0.471397 -0.471397 0 0.881921 chimplac.dat
1 7 24 226.386 192.65 0 0 -1 0.92388 -0.382683 0 -0.382683 -0.92388 0 enganch2.dat
1 7 34 263.289 203.34 -1 0 0 0 -0.382683 -0.92388 0 -0.92388 0.382683 placa2x3.dat
1 7 24 241.805 177.603 -1 0 0 0 -0.382683 -0.92388 0 -0.92388 0.382683 placa2.dat
1 7 14 229.394 226.038 1 0 0 0 -0.382683 0.92388 0 -0.92388 -0.382683 bald2.dat
1 7 -26 229.394 226.038 1 0 0 0 -0.382683 0.92388 0 -0.92388 -0.382683 bald2.dat
1 8 4 247.872 218.386 0 0 1 -0.92388 -0.382683 0 0.382683 -0.92388 0 pastilla.dat
1 8 -16 248.692 194.236 0 1 0 -0.92388 0 0.382683 0.382683 0 0.92388 chimplac.dat
1 8 -24 266.331 184.807 0 1 0 -0.881921 0 0.471397 0.471397 0 0.881921 chimplac.dat
1 7 -16 244.864 184.997 0 0 1 -0.92388 -0.382683 0 0.382683 -0.92388 0 enganch2.dat
1 8 24 266.33 184.805 0 -1 0 0.83147 0 0.55557 -0.55557 0 0.83147 chimplac.dat
1 8 32 282.96 173.696 0 -1 0 0.77301 0 0.634393 -0.634393 0 0.77301 chimplac.dat
1 7 24 260.773 176.493 0 0 -1 0.83147 -0.55557 0 -0.55557 -0.83147 0 enganch2.dat
1 7 34 299.053 179.777 -1 0 0 0 -0.55557 -0.83147 0 -0.83147 0.55557 placa2x3.dat
1 7 24 272.961 158.726 -1 0 0 0 -0.55557 -0.83147 0 -0.83147 0.55557 placa2.dat
1 7 14 270.237 208.652 1 0 0 0 -0.55557 0.83147 0 -0.83147 -0.55557 bald2.dat
1 7 -26 270.237 208.652 1 0 0 0 -0.55557 0.83147 0 -0.83147 -0.55557 bald2.dat
1 8 4 286.867 197.542 0 0 1 -0.83147 -0.55557 0 0.55557 -0.83147 0 pastilla.dat
1 8 -16 282.96 173.696 0 1 0 -0.83147 0 0.55557 0.55557 0 0.83147 chimplac.dat
1 8 -24 298.421 161.007 0 1 0 -0.77301 0 0.634393 0.634393 0 0.77301 chimplac.dat
1 7 -16 277.403 165.381 0 0 1 -0.83147 -0.55557 0 0.55557 -0.83147 0 enganch2.dat
1 8 24 298.419 161.006 0 -1 0 0.707107 0 0.707107 -0.707107 0 0.707107 chimplac.dat
1 8 32 312.562 146.866 0 -1 0 0.634393 0 0.77301 -0.77301 0 0.634393 chimplac.dat
1 7 24 291.347 153.938 0 0 -1 0.707107 -0.707107 0 -0.707107 -0.707107 0 enganch2.dat
1 7 34 329.533 149.691 -1 0 0 0 -0.707107 -0.707107 0 -0.707107 0.707107 placa2x3.dat
1 7 24 299.835 134.135 -1 0 0 0 -0.707107 -0.707107 0 -0.707107 0.707107 placa2.dat
1 7 14 306.904 183.632 1 0 0 0 -0.707107 0.707107 0 -0.707107 -0.707107 bald2.dat
1 7 -26 306.904 183.632 1 0 0 0 -0.707107 0.707107 0 -0.707107 -0.707107 bald2.dat
1 8 4 321.047 169.492 0 0 1 -0.707107 -0.707107 0 0.707107 -0.707107 0 pastilla.dat
1 8 -16 312.562 146.866 0 1 0 -0.707107 0 0.707107 0.707107 0 0.707107 chimplac.dat
1 8 -24 325.251 131.404 0 1 0 -0.634393 0 0.77301 0.77301 0 0.634393 chimplac.dat
1 7 -16 305.49 139.795 0 0 1 -0.707107 -0.707107 0 0.707107 -0.707107 0 enganch2.dat
1 8 24 325.249 131.404 0 -1 0 0.55557 0 0.83147 -0.83147 0 0.55557 chimplac.dat
1 8 32 336.362 114.777 0 -1 0 0.471397 0 0.881921 -0.881921 0 0.471397 chimplac.dat
1 7 24 316.934 125.851 0 0 -1 0.55557 -0.83147 0 -0.83147 -0.55557 0 enganch2.dat
1 7 34 353.558 114.237 -1 0 0 0 -0.83147 -0.55557 0 -0.55557 0.83147 placa2x3.dat
1 7 24 321.395 104.774 -1 0 0 0 -0.83147 -0.55557 0 -0.55557 0.83147 placa2.dat
1 7 14 337.985 151.94 1 0 0 0 -0.83147 0.55557 0 -0.55557 -0.83147 bald2.dat
1 7 -26 337.985 151.94 1 0 0 0 -0.83147 0.55557 0 -0.55557 -0.83147 bald2.dat
1 8 4 349.098 135.312 0 0 1 -0.55557 -0.83147 0 0.83147 -0.55557 0 pastilla.dat
1 8 -16 336.362 114.777 0 1 0 -0.55557 0 0.83147 0.83147 0 0.55557 chimplac.dat
1 8 -24 345.79 97.137 0 1 0 -0.471397 0 0.881921 0.881921 0 0.471397 chimplac.dat
1 7 -16 328.046 109.221 0 0 1 -0.55557 -0.83147 0 0.83147 -0.55557 0 enganch2.dat
1 8 24 345.788 97.137 0 -1 0 0.382683 0 0.92388 -0.92388 0 0.382683 chimplac.dat
1 8 32 353.444 78.662 0 -1 0 0.290285 0 0.95694 -0.95694 0 0.290285 chimplac.dat
1 7 24 336.55 93.313 0 0 -1 0.382683 -0.92388 0 -0.92388 -0.382683 0 enganch2.dat
1 7 34 370.204 74.777 -1 0 0 0 -0.92388 -0.382683 0 -0.382683 0.92388 placa2x3.dat
1 7 24 336.812 71.771 -1 0 0 0 -0.92388 -0.382683 0 -0.382683 0.92388 placa2.dat
1 7 14 362.286 114.794 1 0 0 0 -0.92388 0.382683 0 -0.382683 -0.92388 bald2.dat
1 7 -26 362.286 114.794 1 0 0 0 -0.92388 0.382683 0 -0.382683 -0.92388 bald2.dat
1 8 4 369.941 96.318 0 0 1 -0.382683 -0.92388 0 0.92388 -0.382683 0 pastilla.dat
1 8 -16 353.444 78.662 0 1 0 -0.382683 0 0.92388 0.92388 0 0.382683 chimplac.dat
1 8 -24 359.249 59.521 0 1 0 -0.290285 0 0.95694 0.95694 0 0.290285 chimplac.dat
1 7 -16 344.203 74.835 0 0 1 -0.382683 -0.92388 0 0.92388 -0.382683 0 enganch2.dat
1 8 24 359.248 59.52 0 -1 0 0.19509 0 0.980785 -0.980785 0 0.19509 chimplac.dat
1 8 32 363.152 39.907 0 -1 0 0.0980171 0 0.995185 -0.995185 0 0.0980171 chimplac.dat
1 7 24 349.442 57.572 0 0 -1 0.19509 -0.980785 0 -0.980785 -0.19509 0 enganch2.dat
1 7 34 378.833 32.826 -1 0 0 0 -0.980785 -0.19509 0 -0.19509 0.980785 placa2x3.dat
1 7 24 345.496 36.393 -1 0 0 0 -0.980785 -0.19509 0 -0.19509 0.980785 placa2.dat
1 7 14 378.873 73.619 1 0 0 0 -0.980785 0.19509 0 -0.19509 -0.980785 bald2.dat
1 7 -26 378.873 73.619 1 0 0 0 -0.980785 0.19509 0 -0.19509 -0.980785 bald2.dat
1 8 4 382.777 54.005 0 0 1 -0.19509 -0.980785 0 0.980785 -0.19509 0 pastilla.dat
1 8 -16 363.152 39.907 0 1 0 -0.19509 0 0.980785 0.980785 0 0.19509 chimplac.dat
1 8 -24 365.112 20.001 0 1 0 -0.0980171 0 0.995185 0.995185 0 0.0980171 chimplac.dat
1 7 -16 353.343 37.956 0 0 1 -0.19509 -0.980785 0 0.980785 -0.19509 0 enganch2.dat
1 8 24 365.11 20 0 -1 0 0 0 1 -1 0 0 chimplac.dat
1 8 32 365.113 0.002 0 -1 0 -0.0980171 0 0.995185 -0.995185 0 -0.0980171 chimplac.dat
1 7 24 355.112 20.003 0 0 -1 0 -1 0 -1 0 0 enganch2.dat
1 7 34 379.111 -10.002 -1 0 0 0 -1 0 0 0 1 placa2x3.dat
1 8 14 347.11 10 -1 0 0 0 -1 0 0 0 1 chimplac.dat
1 7 14 387.108 30 1 0 0 0 -1 0 0 0 -1 bald2.dat
1 7 -26 387.108 30 1 0 0 0 -1 0 0 0 -1 bald2.dat
1 8 4 387.111 10 0 0 1 0 -1 0 1 0 0 pastilla.dat
1 8 -16 365.113 0.002 0 1 0 0 0 1 1 0 0 chimplac.dat
1 8 -24 363.151 -19.903 0 1 0 0.0980171 0 0.995185 0.995185 0 -0.0980171 chimplac.dat
1 7 -16 355.112 0.003 0 0 1 0 -1 0 1 0 0 enganch2.dat
1 8 24 363.15 -19.904 0 -1 0 -0.19509 0 0.980785 -0.980785 0 -0.19509 chimplac.dat
1 8 32 359.252 -39.518 0 -1 0 -0.290285 0 0.95694 -0.95694 0 -0.290285 chimplac.dat
1 7 24 353.344 -17.95 0 0 -1 -0.19509 -0.980785 0 -0.980785 0.19509 0 enganch2.dat
1 7 34 371.029 -52.061 -1 0 0 0 -0.980785 0.19509 0 0.19509 0.980785 placa2x3.dat
1 7 24 341.594 -36.008 -1 0 0 0 -0.980785 0.19509 0 0.19509 0.980785 placa2.dat
1 7 14 386.676 -14.387 1 0 0 0 -0.980785 -0.19509 0 0.19509 -0.980785 bald2.dat
1 7 -26 386.676 -14.387 1 0 0 0 -0.980785 -0.19509 0 0.19509 -0.980785 bald2.dat
1 8 4 382.777 -34.004 0 0 1 0.19509 -0.980785 0 0.980785 0.19509 0 pastilla.dat
1 8 -16 359.252 -39.518 0 1 0 0.19509 0 0.980785 0.980785 0 -0.19509 chimplac.dat
1 8 -24 353.444 -58.658 0 1 0 0.290285 0 0.95694 0.95694 0 -0.290285 chimplac.dat
1 7 -16 349.443 -37.567 0 0 1 0.19509 -0.980785 0 0.980785 0.19509 0 enganch2.dat
1 8 24 353.442 -58.658 0 -1 0 -0.382683 0 0.923879 -0.923879 0 -0.382683 chimplac.dat
1 8 32 345.792 -77.134 0 -1 0 -0.471397 0 0.881921 -0.881921 0 -0.471397 chimplac.dat
1 7 24 344.206 -54.828 0 0 -1 -0.382683 -0.923879 0 -0.923879 0.382683 0 enganch2.dat
1 7 34 354.896 -91.734 -1 0 0 0 -0.923879 0.382683 0 0.382683 0.923879 placa2x3.dat
1 7 24 329.158 -70.248 -1 0 0 0 -0.923879 0.382683 0 0.382683 0.923879 placa2.dat
1 7 14 377.592 -57.837 1 0 0 0 -0.923879 -0.382683 0 0.382683 -0.923879 bald2.dat
1 7 -26 377.592 -57.837 1 0 0 0 -0.923879 -0.382683 0 0.382683 -0.923879 bald2.dat
1 8 4 369.941 -76.316 0 0 1 0.382683 -0.923879 0 0.923879 0.382683 0 pastilla.dat
1 8 -16 345.792 -77.134 0 1 0 0.382683 0 0.923879 0.923879 0 -0.382683 chimplac.dat
1 8 -24 336.362 -94.774 0 1 0 0.471397 0 0.881921 0.881921 0 -0.471397 chimplac.dat
1 7 -16 336.553 -73.307 0 0 1 0.382683 -0.923879 0 0.923879 0.382683 0 enganch2.dat
1 8 24 336.36 -94.774 0 -1 0 -0.55557 0 0.831469 -0.831469 0 -0.55557 chimplac.dat
1 8 32 325.253 -111.402 0 -1 0 -0.634393 0 0.77301 -0.77301 0 -0.634393 chimplac.dat
1 7 24 328.049 -89.216 0 0 -1 -0.55557 -0.831469 0 -0.831469 0.55557 0 enganch2.dat
1 7 34 331.333 -127.498 -1 0 0 0 -0.831469 0.55557 0 0.55557 0.831469 placa2x3.dat
1 7 24 310.282 -101.404 -1 0 0 0 -0.831469 0.55557 0 0.55557 0.831469 placa2.dat
1 7 14 360.206 -98.68 1 0 0 0 -0.831469 -0.55557 0 0.55557 -0.831469 bald2.dat
1 7 -26 360.206 -98.68 1 0 0 0 -0.831469 -0.55557 0 0.55557 -0.831469 bald2.dat
1 8 4 349.097 -115.311 0 0 1 0.55557 -0.831469 0 0.831469 0.55557 0 pastilla.dat
1 8 -16 325.253 -111.402 0 1 0 0.55557 0 0.831469 0.831469 0 -0.55557 chimplac.dat
1 8 -24 312.562 -126.864 0 1 0 0.634393 0 0.77301 0.77301 0 -0.634393 chimplac.dat
1 7 -16 316.937 -105.847 0 0 1 0.55557 -0.831469 0 0.831469 0.55557 0 enganch2.dat
1 8 24 312.561 -126.863 0 -1 0 -0.707106 0 0.707107 -0.707107 0 -0.707106 chimplac.dat
1 8 32 298.424 -141.004 0 -1 0 -0.773011 0 0.634393 -0.634393 0 -0.773011 chimplac.dat
1 7 24 305.494 -119.79 0 0 -1 -0.707106 -0.707107 0 -0.707107 0.707106 0 enganch2.dat
1 7 34 301.247 -157.978 -1 0 0 0 -0.707107 0.707106 0 0.707106 0.707107 placa2x3.dat
1 7 24 285.691 -128.278 -1 0 0 0 -0.707107 0.707106 0 0.707106 0.707107 placa2.dat
1 7 14 335.186 -135.347 1 0 0 0 -0.707107 -0.707106 0 0.707106 -0.707107 bald2.dat
1 7 -26 335.186 -135.347 1 0 0 0 -0.707107 -0.707106 0 0.707106 -0.707107 bald2.dat
1 8 4 321.047 -149.491 0 0 1 0.707106 -0.707107 0 0.707107 0.707106 0 pastilla.dat
1 8 -16 298.424 -141.004 0 1 0 0.707106 0 0.707107 0.707107 0 -0.707106 chimplac.dat
1 8 -24 282.96 -153.694 0 1 0 0.773011 0 0.634393 0.634393 0 -0.773011 chimplac.dat
1 7 -16 291.351 -133.934 0 0 1 0.707106 -0.707107 0 0.707107 0.707106 0 enganch2.dat
1 8 24 282.959 -153.693 0 -1 0 -0.831469 0 0.55557 -0.55557 0 -0.831469 chimplac.dat
1 8 32 266.335 -164.804 0 -1 0 -0.881921 0 0.471396 -0.471396 0 -0.881921 chimplac.dat
1 7 24 277.407 -145.377 0 0 -1 -0.831469 -0.55557 0 -0.55557 0.831469 0 enganch2.dat
1 7 34 265.793 -182.003 -1 0 0 0 -0.55557 0.831469 0 0.831469 0.55557 placa2x3.dat
1 7 24 256.33 -149.838 -1 0 0 0 -0.55557 0.831469 0 0.831469 0.55557 placa2.dat
1 7 14 303.494 -166.428 1 0 0 0 -0.55557 -0.831469 0 0.831469 -0.55557 bald2.dat
1 7 -26 303.494 -166.428 1 0 0 0 -0.55557 -0.831469 0 0.831469 -0.55557 bald2.dat
1 8 4 286.867 -177.542 0 0 1 0.831469 -0.55557 0 0.55557 0.831469 0 pastilla.dat
1 8 -16 266.335 -164.804 0 1 0 0.831469 0 0.55557 0.55557 0 -0.831469 chimplac.dat
1 8 -24 248.693 -174.233 0 1 0 0.881921 0 0.471396 0.471396 0 -0.881921 chimplac.dat
1 7 -16 260.777 -156.49 0 0 1 0.831469 -0.55557 0 0.55557 0.831469 0 enganch2.dat
1 8 24 248.692 -174.232 0 -1 0 -0.923879 0 0.382684 -0.382684 0 -0.923879 chimplac.dat
1 8 32 230.22 -181.886 0 -1 0 -0.95694 0 0.290284 -0.290284 0 -0.95694 chimplac.dat
1 7 24 244.869 -164.993 0 0 -1 -0.923879 -0.382684 0 -0.382684 0.923879 0 enganch2.dat
1 7 34 226.333 -198.649 -1 0 0 0 -0.382684 0.923879 0 0.923879 0.382684 placa2x3.dat
1 7 24 223.327 -165.256 -1 0 0 0 -0.382684 0.923879 0 0.923879 0.382684 placa2.dat
1 7 14 266.348 -190.728 1 0 0 0 -0.382684 -0.923879 0 0.923879 -0.382684 bald2.dat
1 7 -26 266.348 -190.728 1 0 0 0 -0.382684 -0.923879 0 0.923879 -0.382684 bald2.dat
1 8 4 247.873 -198.385 0 0 1 0.923879 -0.382684 0 0.382684 0.923879 0 pastilla.dat
1 8 -16 230.22 -181.886 0 1 0 0.923879 0 0.382684 0.382684 0 -0.923879 chimplac.dat
1 8 -24 211.078 -187.692 0 1 0 0.95694 0 0.290284 0.290284 0 -0.95694 chimplac.dat
1 7 -16 226.391 -172.647 0 0 1 0.923879 -0.382684 0 0.382684 0.923879 0 enganch2.dat
1 8 24 211.075 -187.692 0 -1 0 -0.980785 0 0.195091 -0.195091 0 -0.980785 chimplac.dat
1 8 32 191.465 -191.596 0 -1 0 -0.995185 0 0.0980167 -0.0980167 0 -0.995185 chimplac.dat
1 7 24 209.128 -177.885 0 0 -1 -0.980785 -0.195091 0 -0.195091 0.980785 0 enganch2.dat
1 7 34 184.382 -207.278 -1 0 0 0 -0.195091 0.980785 0 0.980785 0.195091 placa2x3.dat
1 7 24 187.949 -173.94 -1 0 0 0 -0.195091 0.980785 0 0.980785 0.195091 placa2.dat
1 7 14 225.173 -207.315 1 0 0 0 -0.195091 -0.980785 0 0.980785 -0.195091 bald2.dat
1 7 -26 225.173 -207.315 1 0 0 0 -0.195091 -0.980785 0 0.980785 -0.195091 bald2.dat
1 8 4 205.56 -211.221 0 0 1 0.980785 -0.195091 0 0.195091 0.980785 0 pastilla.dat
1 8 -16 191.465 -191.596 0 1 0 0.980785 0 0.195091 0.195091 0 -0.980785 chimplac.dat
1 8 -24 171.558 -193.555 0 1 0 0.995185 0 0.0980167 0.0980167 0 -0.995185 chimplac.dat
1 7 -16 189.512 -181.787 0 0 1 0.980785 -0.195091 0 0.195091 0.980785 0 enganch2.dat
1 8 24 171.555 -193.554 0 -1 0 -1 0 0 0 0 -1 chimplac.dat
1 8 32 151.56 -193.557 0 -1 0 -0.995185 0 -0.0980171 0.0980171 0 -0.995185 chimplac.dat
1 7 24 171.559 -183.555 0 0 -1 -1 0 0 0 1 0 enganch2.dat
1 7 34 141.554 -207.556 -1 0 0 0 0 1 0 1 0 placa2x3.dat
1 8 14 161.556 -175.554 -1 0 0 0 0 1 0 1 0 chimplac.dat
1 7 14 181.554 -215.55 1 0 0 0 0 -1 0 1 0 bald2.dat
1 7 -26 181.554 -215.55 1 0 0 0 0 -1 0 1 0 bald2.dat
1 8 4 161.555 -215.555 0 0 1 1 0 0 0 1 0 pastilla.dat
1 8 -16 151.56 -193.557 0 1 0 1 0 0 0 0 -1 chimplac.dat
1 8 -24 131.654 -191.595 0 1 0 0.995185 0 -0.0980171 -0.0980171 0 -0.995185 chimplac.dat
1 7 -16 151.559 -183.556 0 0 1 1 0 0 0 1 0 enganch2.dat
1 8 24 131.651 -191.594 0 -1 0 -0.980785 0 -0.19509 0.19509 0 -0.980785 chimplac.dat
1 8 32 112.04 -187.696 0 -1 0 -0.95694 0 -0.290285 0.290285 0 -0.95694 chimplac.dat
1 7 24 133.606 -181.788 0 0 -1 -0.980785 0.19509 0 0.19509 0.980785 0 enganch2.dat
1 7 34 99.495 -199.474 -1 0 0 0 0.19509 0.980785 0 0.980785 -0.19509 placa2x3.dat
1 7 24 115.548 -170.038 -1 0 0 0 0.19509 0.980785 0 0.980785 -0.19509 placa2.dat
1 7 14 137.167 -215.118 1 0 0 0 0.19509 -0.980785 0 0.980785 0.19509 bald2.dat
1 7 -26 137.167 -215.118 1 0 0 0 0.19509 -0.980785 0 0.980785 0.19509 bald2.dat
1 8 4 117.551 -211.221 0 0 1 0.980785 0.19509 0 -0.19509 0.980785 0 pastilla.dat
1 8 -16 112.04 -187.696 0 1 0 0.980785 0 -0.19509 -0.19509 0 -0.980785 chimplac.dat
1 8 -24 92.899 -181.888 0 1 0 0.95694 0 -0.290285 -0.290285 0 -0.95694 chimplac.dat
1 7 -16 113.989 -177.887 0 0 1 0.980785 0.19509 0 -0.19509 0.980785 0 enganch2.dat
1 8 24 92.896 -181.886 0 -1 0 -0.923879 0 -0.382683 0.382683 0 -0.923879 chimplac.dat
1 8 32 74.423 -174.237 0 -1 0 -0.881921 0 -0.471397 0.471397 0 -0.881921 chimplac.dat
1 7 24 96.727 -172.65 0 0 -1 -0.923879 0.382683 0 0.382683 0.923879 0 enganch2.dat
1 7 34 59.82 -183.341 -1 0 0 0 0.382683 0.923879 0 0.923879 -0.382683 placa2x3.dat
1 7 24 81.307 -157.602 -1 0 0 0 0.382683 0.923879 0 0.923879 -0.382683 placa2.dat
1 7 14 93.717 -206.034 1 0 0 0 0.382683 -0.923879 0 0.923879 0.382683 bald2.dat
1 7 -26 93.717 -206.034 1 0 0 0 0.382683 -0.923879 0 0.923879 0.382683 bald2.dat
1 8 4 75.238 -198.385 0 0 1 0.923879 0.382683 0 -0.382683 0.923879 0 pastilla.dat
1 8 -16 74.423 -174.237 0 1 0 0.923879 0 -0.382683 -0.382683 0 -0.923879 chimplac.dat
1 8 -24 56.782 -164.806 0 1 0 0.881921 0 -0.471397 -0.471397 0 -0.881921 chimplac.dat
1 7 -16 78.248 -164.997 0 0 1 0.923879 0.382683 0 -0.382683 0.923879 0 enganch2.dat
1 8 24 56.78 -164.804 0 -1 0 -0.831469 0 -0.55557 0.55557 0 -0.831469 chimplac.dat
1 8 32 40.155 -153.698 0 -1 0 -0.77301 0 -0.634393 0.634393 0 -0.77301 chimplac.dat
1 7 24 62.339 -156.493 0 0 -1 -0.831469 0.55557 0 0.55557 0.831469 0 enganch2.dat
1 7 34 24.056 -159.778 -1 0 0 0 0.55557 0.831469 0 0.831469 -0.55557 placa2x3.dat
1 7 24 50.151 -138.726 -1 0 0 0 0.55557 0.831469 0 0.831469 -0.55557 placa2.dat
1 7 14 52.874 -188.648 1 0 0 0 0.55557 -0.831469 0 0.831469 0.55557 bald2.dat
1 7 -26 52.874 -188.648 1 0 0 0 0.55557 -0.831469 0 0.831469 0.55557 bald2.dat
1 8 4 36.243 -177.541 0 0 1 0.831469 0.55557 0 -0.55557 0.831469 0 pastilla.dat
1 8 -16 40.155 -153.698 0 1 0 0.831469 0 -0.55557 -0.55557 0 -0.831469 chimplac.dat
1 8 -24 24.692 -141.006 0 1 0 0.77301 0 -0.634393 -0.634393 0 -0.77301 chimplac.dat
1 7 -16 45.708 -145.382 0 0 1 0.831469 0.55557 0 -0.55557 0.831469 0 enganch2.dat
1 8 24 24.691 -141.005 0 -1 0 -0.707107 0 -0.707107 0.707107 0 -0.707107 chimplac.dat
1 8 32 10.552 -126.869 0 -1 0 -0.634393 0 -0.77301 0.77301 0 -0.634393 chimplac.dat
1 7 24 31.765 -133.938 0 0 -1 -0.707107 0.707107 0 0.707107 0.707107 0 enganch2.dat
1 7 34 -6.424 -129.692 -1 0 0 0 0.707107 0.707107 0 0.707107 -0.707107 placa2x3.dat
1 7 24 23.277 -114.135 -1 0 0 0 0.707107 0.707107 0 0.707107 -0.707107 placa2.dat
1 7 14 16.209 -163.629 1 0 0 0 0.707107 -0.707107 0 0.707107 0.707107 bald2.dat
1 7 -26 16.209 -163.629 1 0 0 0 0.707107 -0.707107 0 0.707107 0.707107 bald2.dat
1 8 4 2.063 -149.491 0 0 1 0.707107 0.707107 0 -0.707107 0.707107 0 pastilla.dat
1 8 -16 10.552 -126.869 0 1 0 0.707107 0 -0.707107 -0.707107 0 -0.707107 chimplac.dat
1 8 -24 -2.138 -111.404 0 1 0 0.634393 0 -0.77301 -0.77301 0 -0.634393 chimplac.dat
1 7 -16 17.621 -119.796 0 0 1 0.707107 0.707107 0 -0.707107 0.707107 0 enganch2.dat
1 8 24 -2.139 -111.403 0 -1 0 -0.55557 0 -0.831469 0.831469 0 -0.55557 chimplac.dat
1 8 32 -13.248 -94.78 0 -1 0 -0.471397 0 -0.881921 0.881921 0 -0.471397 chimplac.dat
1 7 24 6.178 -105.851 0 0 -1 -0.55557 0.831469 0 0.831469 0.55557 0 enganch2.dat
1 7 34 -30.449 -94.237 -1 0 0 0 0.831469 0.55557 0 0.55557 -0.831469 placa2x3.dat
1 7 24 1.717 -84.774 -1 0 0 0 0.831469 0.55557 0 0.55557 -0.831469 placa2.dat
1 7 14 -14.872 -131.938 1 0 0 0 0.831469 -0.55557 0 0.55557 0.831469 bald2.dat
1 7 -26 -14.872 -131.938 1 0 0 0 0.831469 -0.55557 0 0.55557 0.831469 bald2.dat
1 8 4 -25.988 -115.311 0 0 1 0.55557 0.831469 0 -0.831469 0.55557 0 pastilla.dat
1 8 -16 -13.248 -94.78 0 1 0 0.55557 0 -0.831469 -0.831469 0 -0.55557 chimplac.dat
1 8 -24 -22.677 -77.137 0 1 0 0.471397 0 -0.881921 -0.881921 0 -0.471397 chimplac.dat
1 7 -16 -4.935 -89.222 0 0 1 0.55557 0.831469 0 -0.831469 0.55557 0 enganch2.dat
1 8 24 -22.678 -77.136 0 -1 0 -0.382683 0 -0.923879 0.923879 0 -0.382683 chimplac.dat
1 8 32 -30.33 -58.665 0 -1 0 -0.290285 0 -0.95694 0.95694 0 -0.290285 chimplac.dat
1 7 24 -13.438 -73.313 0 0 -1 -0.382683 0.923879 0 0.923879 0.382683 0 enganch2.dat
1 7 34 -47.095 -54.777 -1 0 0 0 0.923879 0.382683 0 0.382683 -0.923879 placa2x3.dat
1 7 24 -13.701 -51.771 -1 0 0 0 0.923879 0.382683 0 0.382683 -0.923879 placa2.dat
1 7 14 -39.172 -94.792 1 0 0 0 0.923879 -0.382683 0 0.382683 0.923879 bald2.dat
1 7 -26 -39.172 -94.792 1 0 0 0 0.923879 -0.382683 0 0.382683 0.923879 bald2.dat
1 8 4 -46.831 -76.317 0 0 1 0.382683 0.923879 0 -0.923879 0.382683 0 pastilla.dat
1 8 -16 -30.33 -58.665 0 1 0 0.382683 0 -0.923879 -0.923879 0 -0.382683 chimplac.dat
1 8 -24 -36.136 -39.522 0 1 0 0.290285 0 -0.95694 -0.95694 0 -0.290285 chimplac.dat
1 7 -16 -21.093 -54.836 0 0 1 0.382683 0.923879 0 -0.923879 0.382683 0 enganch2.dat
1 8 24 -36.138 -39.519 0 -1 0 -0.19509 0 -0.980785 0.980785 0 -0.19509 chimplac.dat
1 8 32 -40.04 -19.91 0 -1 0 -0.0980171 0 -0.995185 0.995185 0 -0.0980171 chimplac.dat
1 7 24 -26.33 -37.572 0 0 -1 -0.19509 0.980785 0 0.980785 0.19509 0 enganch2.dat
1 7 34 -55.724 -12.826 -1 0 0 0 0.980785 0.19509 0 0.19509 -0.980785 placa2x3.dat
1 7 24 -22.385 -16.393 -1 0 0 0 0.980785 0.19509 0 0.19509 -0.980785 placa2.dat
1 7 14 -55.759 -53.618 1 0 0 0 0.980785 -0.19509 0 0.19509 0.980785 bald2.dat
1 7 -26 -55.759 -53.618 1 0 0 0 0.980785 -0.19509 0 0.19509 0.980785 bald2.dat
1 8 4 -59.667 -34.004 0 0 1 0.19509 0.980785 0 -0.980785 0.19509 0 pastilla.dat
1 8 -16 -40.04 -19.91 0 1 0 0.19509 0 -0.980785 -0.980785 0 -0.19509 chimplac.dat
1 8 -24 -41.999 -0.002 0 1 0 0.0980171 0 -0.995185 -0.995185 0 -0.0980171 chimplac.dat
1 7 -16 -30.233 -17.957 0 0 1 0.19509 0.980785 0 -0.980785 0.19509 0 enganch2.dat
1 8 184 -42 20 0 1 0 0 0 -1 -1 0 0 chimplac.dat
1 8 176 -42 0 0 1 0 0.0980171 0 -0.995185 -0.995185 0 -0.0980171 chimplac.dat
1 7 184 -32 20 0 0 1 0 1 0 -1 0 0 enganch2.dat
1 7 174 -56 -10 1 0 0 0 1 0 0 0 1 placa2x3.dat
1 8 194 -24 10 1 0 0 0 1 0 0 0 1 chimplac.dat
1 7 204 0 9.999 1 0 0 0 1 0 0 0 1 cilindro.dat
1 7 204 32 10 1 0 0 0 1 0 0 0 1 cilindro.dat
1 7 204 96 10 1 0 0 0 1 0 0 0 1 cilindro.dat
1 7 204 64 10 1 0 0 0 1 0 0 0 1 cilindro.dat
1 28 204 104.001 10 0 0 -1 0 1 0 1 0 0 chimttnc.dat
1 7 224 118 -10 0 0 -1 0 1 0 1 0 0 respirad.dat
1 28 204 72.001 10 0 0 -1 0 1 0 1 0 0 chimttnc.dat
1 28 204 40 10 0 0 -1 0 1 0 1 0 0 chimttnc.dat
1 28 204 8 10 0 0 -1 0 1 0 1 0 0 chimttnc.dat
1 28 204.001 162 100 0 0 -1 1 0 0 0 -1 0 chimttnc.dat
1 28 204 162 68 0 0 -1 1 0 0 0 -1 0 chimttnc.dat
1 7 224 142 54 0 0 -1 1 0 0 0 -1 0 respirad.dat
1 28 204 162 132 0 0 -1 1 0 0 0 -1 0 chimttnc.dat
1 28 204.001 162 164 0 0 -1 1 0 0 0 -1 0 chimttnc.dat
1 7 204 162 76 0 0 -1 1 0 0 0 -1 0 cilindro.dat
1 7 204 162 140 0 0 -1 1 0 0 0 -1 0 cilindro.dat
1 7 204.001 162 108 0 0 -1 1 0 0 0 -1 0 cilindro.dat
1 7 204 162 172 0 0 -1 1 0 0 0 -1 0 cilindro.dat
1 0 224 162 10 0 -1 0 0 0 1 -1 0 0 popa6p.dat
1 0 224 162 10 0 -1 0 0 0 -1 1 0 0 popa6p.dat
1 0 232 162 10 0 -1 0 1 0 0 0 0 1 popa6p.dat
1 7 240 142 -30 0 -1 0 1 0 0 0 0 1 bald2x2r.dat
1 7 240 182 50 0 -1 0 -1 0 0 0 0 -1 bald2x2r.dat
1 0 232 162 10 0 -1 0 -1 0 0 0 0 -1 popa6p.dat
1 0 168 162 10 0 -1 0 0 0 1 -1 0 0 popa6p.dat
1 7 160 162 9.999 0 -1 0 1 0 0 0 0 1 popa4p.dat
1 7 160 162 9.999 0 -1 0 -1 0 0 0 0 -1 popa4p.dat
1 7 152.001 162 10 0 -1 0 0 0 1 -1 0 0 popa4p.dat
1 7 152.001 162 10 0 -1 0 0 0 -1 1 0 0 popa4p.dat
1 7 144 162 10 0 -1 0 1 0 0 0 0 1 popa4p.dat
1 7 144 162 10 0 -1 0 -1 0 0 0 0 -1 popa4p.dat
1 7 136 162 10 0 -1 0 0 0 1 -1 0 0 popa4p.dat
1 7 136 162 10 0 -1 0 0 0 -1 1 0 0 popa4p.dat
1 7 128 162 10 0 -1 0 1 0 0 0 0 1 popa4p.dat
1 7 128 162 10 0 -1 0 -1 0 0 0 0 -1 popa4p.dat
1 7 120 162 10 0 -1 0 0 0 1 -1 0 0 popa4p.dat
1 7 120 162 10 0 -1 0 0 0 -1 1 0 0 popa4p.dat
1 7 112 162 9.999 0 -1 0 0 0 1 -1 0 0 popa4p.dat
1 7 112 162 9.999 0 -1 0 0 0 -1 1 0 0 popa4p.dat
1 7 104.001 162 10 0 -1 0 0 0 1 -1 0 0 popa4p.dat
1 7 104.001 162 10 0 -1 0 0 0 -1 1 0 0 popa4p.dat
1 7 204 134.727 37.13 -1 0 0 0 -0.707107 0.707107 0 0.707107 0.707107 soprtmar.dat
1 7 204 142.505 29.352 -1 0 0 0 0.707107 -0.707107 0 -0.707107 -0.707107 cilindro.dat
1 7 205 151.9 20.1 -1 0 0 0 0 1 0 1 0 eje15.dat
1 0 168 162 10 0 -1 0 0 0 -1 1 0 0 popa6p.dat
1 0 176 162 10 0 -1 0 1 0 0 0 0 1 popa6p.dat
1 7 214 142 0 0 0 -1 0 1 0 1 0 0 enganch2.dat
1 7 204 323 10 1 0 0 0 -1 0 0 0 -1 cilindro.dat
1 7 204 291.001 10 1 0 0 0 -1 0 0 0 -1 cilindro.dat
1 7 204 227 10 1 0 0 0 -1 0 0 0 -1 cilindro.dat
1 7 204 259 10 1 0 0 0 -1 0 0 0 -1 cilindro.dat
1 28 204 219 10 0 0 -1 0 -1 0 -1 0 0 chimttnc.dat
1 7 224 206 30.001 0 0 -1 0 -1 0 -1 0 0 respirad.dat
1 28 204 251 10 0 0 -1 0 -1 0 -1 0 0 chimttnc.dat
1 28 204 283 10 0 0 -1 0 -1 0 -1 0 0 chimttnc.dat
1 28 204 315 10 0 0 -1 0 -1 0 -1 0 0 chimttnc.dat
1 7 214 182 20 0 0 -1 0 -1 0 -1 0 0 enganch2.dat
1 7 224 151.999 30 0 0 -1 1 0 0 0 -1 0 enganch2.dat
1 28 204 162 -80 0 0 -1 -1 0 0 0 1 0 chimttnc.dat
1 28 204 162 -48.001 0 0 -1 -1 0 0 0 1 0 chimttnc.dat
1 7 224 182 -34 0 0 -1 -1 0 0 0 1 0 respirad.dat
1 28 204.001 162 -111.999 0 0 -1 -1 0 0 0 1 0 chimttnc.dat
1 28 204.001 162 -144 0 0 -1 -1 0 0 0 1 0 chimttnc.dat
1 7 204.001 162 -55.999 0 0 -1 -1 0 0 0 1 0 cilindro.dat
1 7 204 162 -120 0 0 -1 -1 0 0 0 1 0 cilindro.dat
1 7 204.001 162 -88 0 0 -1 -1 0 0 0 1 0 cilindro.dat
1 7 204.001 162 -152 0 0 -1 -1 0 0 0 1 0 cilindro.dat
1 7 224 172.001 -10 0 0 -1 -1 0 0 0 1 0 enganch2.dat
1 0 176 162 10 0 -1 0 -1 0 0 0 0 -1 popa6p.dat
1 7 184 111.494 32.223 1 0 0 0 0.707107 0.707107 0 -0.707107 0.707107 bald2x2.dat
1 8 184 152 0 0 -1 0 0 0 -1 1 0 0 chimplac.dat
1 7 204.001 189.073 -16.93 -1 0 0 0 0.707107 -0.707107 0 -0.707107 -0.707107 soprtmar.dat
1 7 204.001 181.295 -9.152 -1 0 0 0 -0.707107 0.707107 0 0.707107 0.707107 cilindro.dat
1 7 205 171.901 0.1 -1 0 0 0 0 -1 0 -1 0 eje15.dat
1 7 184 212.306 -12.023 1 0 0 0 -0.707107 -0.707107 0 0.707107 -0.707107 bald2x2.dat
1 7 204 188.93 37.273 -1 0 0 0 0.707107 0.707107 0 0.707107 -0.707107 soprtmar.dat
1 7 204 181.152 29.495 -1 0 0 0 -0.707107 -0.707107 0 -0.707107 0.707107 cilindro.dat
1 7 205 171.9 20.1 -1 0 0 0 1 0 0 0 -1 eje15.dat
1 7 184 184.022 60.506 1 0 0 0 -0.707107 0.707107 0 -0.707107 -0.707107 bald2x2.dat
1 7 204 134.87 -17.074 -1 0 0 0 -0.707107 -0.707107 0 -0.707107 0.707107 soprtmar.dat
1 7 204 142.648 -9.295 -1 0 0 0 0.707107 0.707107 0 0.707107 -0.707107 cilindro.dat
1 7 205 151.9 0.101 -1 0 0 0 -1 0 0 0 1 eje15.dat
1 7 184 139.777 -40.306 1 0 0 0 0.707107 -0.707107 0 0.707107 0.707107 bald2x2.dat
1 8 184 172 0 0 -1 0 0 0 -1 1 0 0 chimplac.dat
1 8 216 172 -0.001 0 -1 0 0 0 -1 1 0 0 chimplac.dat
1 8 216 152 -0.001 0 -1 0 0 0 -1 1 0 0 chimplac.dat
1 7 216 142 -10 0 -1 0 0 0 -1 1 0 0 placa2.dat
1 7 216 202 -10 0 -1 0 0 0 -1 1 0 0 placa2.dat
1 7 194 -64 30 -1 0 0 0 1 0 0 0 -1 bald2.dat
1 7 234 -64 30 -1 0 0 0 1 0 0 0 -1 bald2.dat
1 8 204 -64 10 0 0 -1 0 1 0 1 0 0 pastilla.dat
1 8 224 -42 0 0 -1 0 0 0 -1 1 0 0 chimplac.dat
1 8 232 -40.04 -19.903 0 -1 0 -0.0980171 0 -0.995185 0.995185 0 -0.0980171 chimplac.dat
1 7 224 -32 0 0 0 -1 0 1 0 1 0 0 enganch2.dat
1 8 184 -40.04 -19.903 0 1 0 0.19509 0 -0.980785 -0.980785 0 -0.19509 chimplac.dat
1 8 176 -36.139 -39.52 0 1 0 0.290285 0 -0.95694 -0.95694 0 -0.290285 chimplac.dat
1 7 184 -30.232 -17.953 0 0 1 0.19509 0.980785 0 -0.980785 0.19509 0 enganch2.dat
1 7 174 -47.918 -52.058 1 0 0 0 0.980785 -0.19509 0 0.19509 0.980785 placa2x3.dat
1 7 184 -18.484 -36.009 1 0 0 0 0.980785 -0.19509 0 0.19509 0.980785 placa2.dat
1 7 194 -63.568 -14.389 -1 0 0 0 0.980785 0.19509 0 0.19509 -0.980785 bald2.dat
1 7 234 -63.568 -14.389 -1 0 0 0 0.980785 0.19509 0 0.19509 -0.980785 bald2.dat
1 8 204.001 -59.667 -34.004 0 0 -1 -0.19509 0.980785 0 0.980785 0.19509 0 pastilla.dat
1 8 224 -36.139 -39.52 0 -1 0 -0.19509 0 -0.980785 0.980785 0 -0.19509 chimplac.dat
1 8 232 -30.333 -58.659 0 -1 0 -0.290285 0 -0.95694 0.95694 0 -0.290285 chimplac.dat
1 7 224 -26.33 -37.568 0 0 -1 -0.19509 0.980785 0 0.980785 0.19509 0 enganch2.dat
1 8 184 -30.332 -58.659 0 1 0 0.382683 0 -0.92388 -0.92388 0 -0.382683 chimplac.dat
1 8 176 -22.679 -77.137 0 1 0 0.471397 0 -0.881921 -0.881921 0 -0.471397 chimplac.dat
1 7 184 -21.093 -54.832 0 0 1 0.382683 0.92388 0 -0.92388 0.382683 0 enganch2.dat
1 7 174 -31.785 -91.733 1 0 0 0 0.92388 -0.382683 0 0.382683 0.92388 placa2x3.dat
1 7 184 -6.048 -70.248 1 0 0 0 0.92388 -0.382683 0 0.382683 0.92388 placa2.dat
1 7 194 -54.484 -57.84 -1 0 0 0 0.92388 0.382683 0 0.382683 -0.92388 bald2.dat
1 7 234 -54.484 -57.84 -1 0 0 0 0.92388 0.382683 0 0.382683 -0.92388 bald2.dat
1 8 204 -46.831 -76.316 0 0 -1 -0.382683 0.92388 0 0.92388 0.382683 0 pastilla.dat
