0 Untitled
0 Name: Portacontainer.ldr
0 Author: MLCad
0 Unofficial Model
0 ROTATION CENTER 0 0 0 1 "Custom" 
0 ROTATION CONFIG 0 0
1 25 -40 0 -210 1 0 0 0 1 0 0 0 1 cabnuear.dat
1 0 -60 16 -213 1 0 0 0 1 0 0 0 1 jeepfrnj.dat
1 15 9 41 -205 1 0 0 0 1 0 0 0 1 farosluz.dat
1 15 -74 41 -205 1 0 0 0 1 0 0 0 1 farosluz.dat
1 0 -81 -28 -211 1 0 0 0 1 0 0 0 1 p_perban.dat
1 0 -40 8 -210 1 0 0 0 1 0 0 0 1 cabnuebs.dat
1 0 0 24 -150 0 0 -1 0 1 0 1 0 0 placa4x8.dat
1 0 0 24 -150 -1 0 0 0 1 0 0 0 -1 placa4.dat
1 0 0 24 10 0 0 -1 0 1 0 1 0 0 placa4x6.dat
1 0 -40 24 130 1 0 0 0 1 0 0 0 1 paracq21.dat
1 0 -60 8 130 1 0 0 0 1 0 0 0 1 bispqaba.dat
1 0 -60 8 130 -1 0 0 0 0.58425 0.811574 0 0.811574 -0.58425 bispqarr.dat
1 0 -20 8 130 1 0 0 0 1 0 0 0 1 bispqaba.dat
1 0 -20 8 130 -1 0 0 0 0.58425 0.811574 0 0.811574 -0.58425 bispqarr.dat
1 25 20 -85.48 0.148 0 0 -1 -0.811574 0.58425 0 0.58425 0.811574 0 bald2.dat
1 25 -20 -118.046 23.382 -0.999991 0.00436372 0 0.00253402 0.580698 0.814116 0.00355257 0.814109 -0.580703 bald2x2r.dat
1 0 -40 -113.366 29.875 0.999991 -0.00436361 0 0.00253396 0.580698 -0.814116 0.00355248 0.814109 0.580703 bispqarr.dat
1 25 -60 -85.48 0.148 0 0 -1 -0.811574 0.58425 0 0.58425 0.811574 0 bald2.dat
1 25 -40 -4.784 129.353 -1 0 0 0 0.58425 0.811574 0 0.811574 -0.58425 alfprtam.dat
1 0 -40 16 -30 0 0 -1 0 1 0 1 0 0 baldc2.dat
1 0 0 16 -30 0 0 -1 0 1 0 1 0 0 baldc2.dat
1 0 -20 16 -10 0 0 -1 0 1 0 1 0 0 baldc2x2.dat
1 0 -20 16 70 0 0 -1 0 1 0 1 0 0 baldc2x2.dat
1 0 -40 16 30 0 0 -1 0 1 0 1 0 0 baldc2x2.dat
1 0 0 16 30 0 0 -1 0 1 0 1 0 0 baldc2x2.dat
1 0 -20 16 -170 0 0 -1 0 1 0 1 0 0 placa4.dat
1 0 -40 16 -170 0 0 -1 0 1 0 1 0 0 placa4.dat
1 0 -60 16 -130 0 0 -1 0 1 0 1 0 0 placa2.dat
1 0 0 16 -130 0 0 -1 0 1 0 1 0 0 placa2.dat
1 0 40 16 -30 -1 0 0 0 1 0 0 0 -1 placa4.dat
1 0 -40 16 -30 -1 0 0 0 1 0 0 0 -1 placa4.dat
1 0 30 8 -40 0 0 1 0 1 0 -1 0 0 chimenea.dat
1 25 40 89.966 24.815 1 0 0 0 0.583541 -0.812084 0 0.812084 0.583541 extenarr.dat
1 0 -40 8 -50 0 0 1 0 1 0 -1 0 0 baldc2.dat
1 0 -80 8 -50 0 0 1 0 1 0 -1 0 0 baldc2.dat
1 0 -20 8 -110 -1 0 0 0 1 0 0 0 -1 tejado.dat
1 0 -20 16 -90 0 0 -1 0 1 0 1 0 0 tejado.dat
1 0 -60 16 -50 0 0 1 0 1 0 -1 0 0 tejado.dat
1 25 -60 0 -110 -1 0 0 0 1 0 0 0 -1 alfapico.dat
1 0 -60 8 -70 -1 0 0 0 1 0 0 0 -1 baldc2.dat
1 0 0 8 -70 -1 0 0 0 1 0 0 0 -1 baldc2.dat
1 25 20 0 -110 -1 0 0 0 1 0 0 0 -1 enganch2.dat
1 0 10 0 -110 -1 0 0 0 1 0 0 0 -1 tbescdbl.dat
1 25 0 0 -110 -1 0 0 0 1 0 0 0 -1 enganch2.dat
1 25 -20 0 -110 -1 0 0 0 1 0 0 0 -1 jacena4.dat
1 0 0 24 -50 0 0 1 0 1 0 -1 0 0 placa2.dat
1 0 -100 24 -50 0 0 1 0 1 0 -1 0 0 placa2.dat
1 25 10 64 -70 -1 0 0 0 1 0 0 0 -1 cilindr2.dat
1 25 -90 64 -70 -1 0 0 0 1 0 0 0 -1 cilindr2.dat
1 8 40 0 -10 -1 0 0 0 0.980785 -0.19509 0 -0.19509 -0.980785 extenabj.dat
1 8 40 -19.081 98.836 -1 0 0 0 0.0418757 0.999123 0 0.999123 -0.0418757 extengrs.dat
1 25 40 -19.164 96.838 -1 0 0 0 0.0418757 0.999123 0 0.999123 -0.0418757 extenmed.dat
1 0 -110 8 -40 0 0 1 0 1 0 -1 0 0 chimenea.dat
1 25 -100 89.966 24.815 1 0 0 0 0.583541 -0.812084 0 0.812084 0.583541 extenarr.dat
1 8 -100 0 -10 -1 0 0 0 0.980785 -0.19509 0 -0.19509 -0.980785 extenabj.dat
1 8 -100 -19.081 98.836 -1 0 0 0 0.0418757 0.999123 0 0.999123 -0.0418757 extengrs.dat
1 25 -100 -19.164 96.838 -1 0 0 0 0.0418757 0.999123 0 0.999123 -0.0418757 extenmed.dat
1 383 -40 -113.339 29.98 -1 0 0 0 0.252069 -0.967709 0 -0.967709 -0.252069 eje5.dat
1 0 30 53 -170 1 0 0 0 1 0 0 0 1 ruextro4.dat
1 0 30 53 70 1 0 0 0 1 0 0 0 1 ruextro4.dat
1 0 -3.6 -28.542 -178.807 1 0 0 0 0.480989 0.876727 0 -0.876727 0.480989 cabnuevo.dat
1 25 -40 8 -190 1 0 0 0 1 0 0 0 1 cabnuepa.dat
1 25 -80 16 -170 1 0 0 0 1 0 0 0 1 guardabr.dat
1 25 -80 16 -10 1 0 0 0 1 0 0 0 1 guardabr.dat
1 25 -80 16 70 1 0 0 0 1 0 0 0 1 guardabr.dat
1 25 0 16 -130 -1 0 0 0 1 0 0 0 -1 guardabr.dat
1 25 -80 -88 -170 1 0 0 0 1 0 0 0 1 bald2x2r.dat
1 25 -40 -88 -170 1 0 0 0 1 0 0 0 1 bald2x2r.dat
1 25 0 16 110 -1 0 0 0 1 0 0 0 -1 guardabr.dat
1 0 30 53 -10 1 0 0 0 1 0 0 0 1 ruextro4.dat
1 25 0 16 30 -1 0 0 0 1 0 0 0 -1 guardabr.dat
1 25 -40 8 -210 1 0 0 0 1 0 0 0 1 cabnuept.dat
1 25 -40 -40 -210 -1 0 0 0 -1 0 0 0 1 cabnuept.dat
1 0 -40 0 -210 1 0 0 0 1 0 0 0 1 cabnuesp.dat
1 0 -40 0 -185 -1 0 0 0 1 0 0 0 -1 cabnuesp.dat
1 25 -40 0 -210 1 0 0 0 1 0 0 0 1 cabnuecr.dat
1 4 0 -80 -10 0 -1 0 0 0 1 -1 0 0 baldc4in.dat
1 4 0 -80 70 0 -1 0 1 0 0 0 0 1 baldc4in.dat
1 383 -40 -59.948 120.34 -1 0 0 0 0.0174524 -0.999848 0 -0.999848 -0.0174524 eje28.dat
1 4 0 -40 30 0 -1 0 1 0 0 0 0 1 baldc4.dat
1 4 -8 -70 50 0 -1 0 1 0 0 0 0 1 placa2x2.dat
1 4 -8 -70 -30 0 -1 0 1 0 0 0 0 1 placa2x2.dat
1 4 -80 -80 70 0 1 0 0 0 1 1 0 0 baldc4in.dat
1 4 -80 -80 -10.001 0 1 0 1 0 0 0 0 -1 baldc4in.dat
1 4 -64 -60 -50.001 -1 0 0 0 0 1 0 1 0 helillnt.dat
1 4 -64 -60 129.999 -1 0 0 0 0 1 0 1 0 helillnt.dat
1 4 -16 -60 109.999 1 0 0 0 0 1 0 -1 0 helillnt.dat
1 4 -16 -60 -70.001 1 0 0 0 0 1 0 -1 0 helillnt.dat
1 4 -80 -40 30 0 1 0 1 0 0 0 0 -1 baldc4.dat
1 4 -72.001 -70 10 0 1 0 1 0 0 0 0 -1 placa2x2.dat
1 4 -72 -70 90 0 1 0 1 0 0 0 0 -1 placa2x2.dat
1 4 0 8.071 -30.071 0 0 -1 0 1 0 1 0 0 placa4x6.dat
1 4 -20 -7.929 89.929 -1 0 0 0 1 0 0 0 -1 bisnraba.dat
1 4 -20 0.071 49.929 -1 0 0 0 1 0 0 0 -1 bald2x2.dat
1 4 0 -23.929 49.929 -1 0 0 0 1 0 0 0 -1 bald2.dat
1 4 -60 -23.929 49.929 -1 0 0 0 1 0 0 0 -1 bald2.dat
1 4 -20 -7.929 89.929 -1 0 0 0 1 0 0 0 -1 bisnreje.dat
1 4 -60 -7.929 89.929 -1 0 0 0 1 0 0 0 -1 bisnreje.dat
1 4 -60 -7.929 89.929 -1 0 0 0 1 0 0 0 -1 bisnraba.dat
1 4 -60 -7.929 89.929 -1 0 0 0 -0.612218 -0.79069 0 -0.79069 0.612218 bisnrarr.dat
1 4 -20 -7.929 89.929 -1 0 0 0 -0.612218 -0.79069 0 -0.79069 0.612218 bisnrarr.dat
1 4 -40 -60.268 120.336 -1 0 0 0 -0.612218 -0.79069 0 -0.79069 0.612218 bispqarr.dat
1 4 -20 -39.556 114.418 -1 0 0 0 -0.612218 -0.79069 0 -0.79069 0.612218 placa2.dat
1 4 -40 -34.658 120.743 -1 0 0 0 -0.612218 -0.79069 0 -0.79069 0.612218 baldc4.dat
1 4 -60 -7.929 -30.071 1 0 0 0 1 0 0 0 1 bisnraba.dat
1 4 -20 -7.929 -30.071 1 0 0 0 1 0 0 0 1 bisnreje.dat
1 4 -60 -7.929 -30.071 1 0 0 0 1 0 0 0 1 bisnreje.dat
1 4 0 0.071 29.929 0 0 -1 0 1 0 1 0 0 enganch2.dat
1 4 0 -39.929 19.929 0 0 -1 0 1 0 1 0 0 enganch2.dat
1 4 -10 -63.929 29.929 0 0 -1 0 1 0 1 0 0 cilindro.dat
1 4 -70 -63.929 29.929 0 0 -1 0 1 0 1 0 0 cilindro.dat
1 0 -10 -88.929 29.929 0 0 -1 0 1 0 1 0 0 engbarco.dat
1 4 -80 -39.929 39.929 0 0 1 0 1 0 -1 0 0 enganch2.dat
1 0 -70 -88.929 29.929 0 0 -1 0 1 0 1 0 0 engbarco.dat
1 4 0 0.071 9.929 0 0 -1 0 1 0 1 0 0 enganch2.dat
1 4 -80 0.071 29.929 0 0 1 0 1 0 -1 0 0 enganch2.dat
1 4 -80 0.071 49.929 0 0 1 0 1 0 -1 0 0 enganch2.dat
1 4 -20 -7.929 -30.071 1 0 0 0 1 0 0 0 1 bisnraba.dat
1 4 -20 -7.929 -30.071 1 0 0 0 -0.612218 -0.79069 0 0.79069 -0.612218 bisnrarr.dat
1 4 -60 -7.929 -30.071 1 0 0 0 -0.612218 -0.79069 0 0.79069 -0.612218 bisnrarr.dat
1 4 -60 -39.556 -54.559 1 0 0 0 -0.612218 -0.79069 0 0.79069 -0.612218 placa2.dat
1 383 -40 -59.946 -60.339 -1 0 0 0 -0.0174524 -0.999848 0 -0.999848 0.0174524 eje28.dat
1 383 -40 -59.946 -60.339 1 0 0 0 0.0174524 -0.999848 0 0.999848 0.0174524 eje28.dat
1 4 -40 -60.269 -60.477 1 0 0 0 -0.612218 -0.79069 0 0.79069 -0.612218 bispqarr.dat
1 4 -39.999 -34.658 -60.885 1 0 0 0 -0.612218 -0.79069 0 0.79069 -0.612218 baldc4.dat
1 1 -10.716 -6.023 -179.467 1 0 0 0 0 1 0 -1 0 htitpies.dat
1 28 -10.72 -61.831 -201.754 1 0 0 0 -0.390731 0.920506 0 -0.920504 -0.390732 htitmani.dat
1 1 -10.716 -62.218 -202.675 1 0 0 0 -0.390731 0.920506 0 -0.920504 -0.390732 htitbrzi.dat
1 28 -9.716 -9.467 -200.878 1 0 0 0 0.414693 0.909962 0 -0.909962 0.414693 htitmand.dat
1 1 -10.716 -9.054 -201.782 1 0 0 0 0.414693 0.909962 0 -0.909962 0.414693 htitbrzd.dat
1 1 -10.716 29.964 -146.939 1 0 0 0 0.997564 0.0697563 0 -0.0697563 0.997564 htittron.dat
1 19 -10.716 -49.841 -141.36 1 0 0 0 0.997564 0.0697563 0 -0.0697563 0.997564 htitcab2.dat

0
