0 Untitled
0 Name: sdkfz234.ldr
0 Author: MLCad
0 Unofficial Model
0 !COLOUR Kaki CODE 77 VALUE #424510 EDGE #222222 ALPHA 255
0 ROTATION CENTER 0 0 0 1 "Custom" 
0 ROTATION CONFIG 0 0
1 77 0 32 160 1 0 0 0 1 0 0 0 1 rues42l.dat
1 77 0 32 220 1 0 0 0 1 0 0 0 1 rues42l.dat
1 0 0 56 280 0 0 1 0 1 0 -1 0 0 cuna.dat
1 0 0 56 240 0 0 -1 0 1 0 1 0 0 cuna.dat
1 7 -20 32 100 1 0 0 0 1 0 0 0 1 parachoq.dat
1 7 -20 24 120 0 0 1 0 1 0 -1 0 0 bald2.dat
1 0 20 40 120 1 0 0 0 1 0 0 0 1 enganch2.dat
1 7 -60 16 160 1 0 0 0 1 0 0 0 1 tejado.dat
1 7 -60 8 180 1 0 0 0 1 0 0 0 1 tejado.dat
1 7 -60 0 200 1 0 0 0 1 0 0 0 1 tejado.dat
1 7 20 16 160 1 0 0 0 1 0 0 0 1 tejado.dat
1 0 40 24 120 1 0 0 0 1 0 0 0 1 placa1.dat
1 0 -60 24 120 1 0 0 0 1 0 0 0 1 placa1.dat
1 7 20 50 120 1 0 0 0 0 -1 0 1 0 bald2x2r.dat
1 0 -40 40 120 1 0 0 0 1 0 0 0 1 enganch2.dat
1 7 -60 50 120 1 0 0 0 0 -1 0 1 0 bald2x2r.dat
1 7 20 8 180 1 0 0 0 1 0 0 0 1 tejado.dat
1 7 20 16 160 1 0 0 0 1 0 0 0 1 placa2.dat
1 7 -60 16 160 1 0 0 0 1 0 0 0 1 placa2.dat
1 7 40 24 280 0 0 1 0 1 0 -1 0 0 placa2.dat
1 7 40 16 320 0 0 1 0 1 0 -1 0 0 placa2.dat
1 0 20 32 400 0 0 1 0 1 0 -1 0 0 placa2.dat
1 7 20 24 380 -1 0 0 0 1 0 0 0 -1 alfapico.dat
1 7 -60 24 380 -1 0 0 0 1 0 0 0 -1 alfapico.dat
1 0 20 32 360 0 0 1 0 1 0 -1 0 0 placa1.dat
1 0 -40 32 360 0 0 1 0 1 0 -1 0 0 placa1.dat
1 0 20 24 380 0 0 1 0 1 0 -1 0 0 placa2.dat
1 0 -40 32 400 0 0 1 0 1 0 -1 0 0 placa2.dat
1 0 -40 24 380 0 0 1 0 1 0 -1 0 0 placa2.dat
1 7 20 16 380 0 0 1 0 1 0 -1 0 0 placa2x2.dat
1 7 0 32 380 -1 0 0 0 1 0 0 0 -1 enganch2.dat
1 7 20 32 380 -1 0 0 0 1 0 0 0 -1 enganch2.dat
1 7 10 2 380 0 0 1 -1 0 0 0 -1 0 chimenea.dat
1 7 -10 2 380 0 0 1 -1 0 0 0 -1 0 chimenea.dat
1 7 -20 31.772 388.53 0 0 1 -0.980785 -0.19509 0 0.19509 -0.980785 0 respirad.dat
1 77 0 23.952 364.596 0 0 1 0.19509 -0.980785 0 0.980785 0.19509 0 ruescorl.dat
1 7 60 8 360 -1 0 0 0 1 0 0 0 -1 placa2.dat
1 7 60 8 300 -1 0 0 0 1 0 0 0 -1 placa2x2.dat
1 7 -60 16 380 0 0 1 0 1 0 -1 0 0 placa2x2.dat
1 7 40 16 280 0 0 1 0 1 0 -1 0 0 placa4.dat
1 7 -60 24 280 0 0 1 0 1 0 -1 0 0 placa2.dat
1 7 -60 16 320 0 0 1 0 1 0 -1 0 0 placa2.dat
1 7 -60 16 280 0 0 1 0 1 0 -1 0 0 placa4.dat
1 0 -20 32 320 0 0 1 0 1 0 -1 0 0 jacena6.dat
1 0 40 32 320 0 0 1 0 1 0 -1 0 0 jacena6.dat
1 0 20 24 180 0 0 1 0 1 0 -1 0 0 placa2.dat
1 0 20 32 180 0 0 1 0 1 0 -1 0 0 placa2.dat
1 0 -40 24 180 0 0 1 0 1 0 -1 0 0 placa2.dat
1 0 -40 32 180 0 0 1 0 1 0 -1 0 0 placa2.dat
1 7 -20 32 120 1 0 0 0 1 0 0 0 1 placa2.dat
1 0 -20 32 360 0 0 1 0 1 0 -1 0 0 jacen2x8.dat
1 7 -60 8 180 1 0 0 0 1 0 0 0 1 placa4x6.dat
1 7 -60 8 380 0 0 1 0 1 0 -1 0 0 placa4x6.dat
1 7 20 8 200 1 0 0 0 -1 0 0 0 -1 placa2.dat
1 7 20 8 340 1 0 0 0 -1 0 0 0 -1 placa2.dat
1 7 -60 8 340 1 0 0 0 -1 0 0 0 -1 placa2.dat
1 7 -60 8 200 1 0 0 0 -1 0 0 0 -1 placa2.dat
1 0 20 16 200 1 0 0 0 -1 0 0 0 -1 enganc2.dat
1 0 -40 16 200 1 0 0 0 -1 0 0 0 -1 enganc2.dat
1 0 -40 40 180 1 0 0 0 1 0 0 0 1 placa4.dat
1 7 -20 32 200 0 0 1 0 1 0 -1 0 0 jacen2x2.dat
1 7 10 24 150 0 0 -1 0 1 0 1 0 0 chimenea.dat
1 7 10 10.156 149.41 0 0 -1 -0.19509 0.980785 0 0.980785 0.19509 0 chimenea.dat
1 7 -10 24 150 0 0 -1 0 1 0 1 0 0 chimenea.dat
1 7 -10 10.156 149.41 0 0 -1 -0.19509 0.980785 0 0.980785 0.19509 0 chimenea.dat
1 0 20 16 340 1 0 0 0 -1 0 0 0 -1 enganc2.dat
1 0 -40 16 340 1 0 0 0 -1 0 0 0 -1 enganc2.dat
1 0 -40 40 320 1 0 0 0 1 0 0 0 1 placa4.dat
1 7 20 0 200 1 0 0 0 1 0 0 0 1 tejado.dat
1 7 20 -8 220 1 0 0 0 1 0 0 0 1 tejado.dat
1 7 -60 -8 220 1 0 0 0 1 0 0 0 1 tejado.dat
1 7 0 -16 220 -1 0 0 0 1 0 0 0 -1 popa6rem.dat
1 0 0 -24 220 1 0 0 0 1 0 0 0 1 canongrb.dat
1 383 0 -42 204 1 0 0 0 1 0 0 0 1 eje15.dat
1 0 0 -46.295 178.714 0 0 -1 0.986285 -0.165047 0 -0.165047 -0.986285 0 engbarco.dat
1 0 0 -43.821 193.505 0 0 1 0.986285 0.165047 0 -0.165047 0.986285 0 cilindro.dat
1 0 0 -47.781 169.834 0 0 1 0.986285 0.165047 0 -0.165047 0.986285 0 laser.dat
1 7 60 -16 200 0 0 -1 0 1 0 1 0 0 bald2.dat
1 7 -20 -16 200 0 0 -1 0 1 0 1 0 0 bald2.dat
1 7 -40 -8 220 0 0 -1 0 1 0 1 0 0 bald1.dat
1 7 60 -8 220 0 0 -1 0 1 0 1 0 0 bald1.dat
1 7 60 8 300 -1 0 0 0 1 0 0 0 -1 tejado.dat
1 7 0 -8 220 0 0 -1 0 1 0 1 0 0 alaastro.dat
1 7 60 0 240 0 0 -1 0 1 0 1 0 0 baldc2x2.dat
1 7 60 0 280 0 0 -1 0 1 0 1 0 0 baldc2.dat
1 7 20 0 300 1 0 0 0 1 0 0 0 1 baldc1.dat
1 7 -40 0 360 1 0 0 0 1 0 0 0 1 baldc1.dat
1 7 0 0.035 136.963 0 0 -1 -0.382683 0.92388 0 0.92388 0.382683 0 baldc4.dat
1 7 20 -0.228 158.503 -1 0 0 0 0.92388 0.382683 0 0.382684 -0.92388 tejado.dat
1 7 20 0 220 -1 0 0 0 1 0 0 0 -1 jacena2.dat
1 7 -20 0 240 -1 0 0 0 1 0 0 0 -1 placa2x2.dat
1 7 60 0 240 -1 0 0 0 1 0 0 0 -1 placa2x2.dat
1 7 -20 0 380 0 0 1 0 1 0 -1 0 0 placa2x8.dat
1 7 -20 0 320 0 0 -1 0 1 0 1 0 0 baldc2x2.dat
1 7 -40 0 360 0 0 -1 0 1 0 1 0 0 placa1.dat
1 0 -48.999 -8 379.949 0.994522 0.104528 0 0 0 1 -0.104528 0.994522 0 tbescdbl.dat
1 7 -20 0 240 0 0 -1 0 1 0 1 0 0 baldc2x2.dat
1 7 40 8 370 -1 0 0 0 1 0 0 0 -1 pastilla.dat
1 7 50 -5 350 -0.19509 -0.980785 0 0 0 -1 0.980785 -0.19509 0 mochila2.dat
1 7 -20 0 280 0 0 -1 0 1 0 1 0 0 baldc2x2.dat
1 7 50 16 190 0 0 -1 0 -1 0 -1 0 0 piquito.dat
1 77 0 32 300 1 0 0 0 1 0 0 0 1 rues42l.dat
1 77 0 32 360 1 0 0 0 1 0 0 0 1 rues42l.dat
1 7 50 16 330 0 0 -1 0 -1 0 -1 0 0 piquito.dat
1 7 -50 16 330 0 0 -1 0 -1 0 -1 0 0 piquito.dat
1 7 -50 16 190 0 0 -1 0 -1 0 -1 0 0 piquito.dat
1 0 20 56 140 -1 0 0 0 1 0 0 0 -1 cuna.dat
1 0 50 -5 310 1 0 0 0 1 0 0 0 1 antena.dat
0
