0 Untitled
0 Name: Tauntaun.ldr
0 Author: MLCad
0 Unofficial Model
0 !COLOUR Kaki CODE 77 VALUE #424510 EDGE #222222 ALPHA 255
0 ROTATION CENTER 0 0 0 1 "Custom" 
0 ROTATION CONFIG 0 0
1 15 0 57.123 83.853 -1 0 0 0 0.997563 0.0697564 0 0.0697564 -0.997563 popa4.dat
1 6 -20 37.367 22.325 1 0 0 0 0.997563 -0.0697564 0 0.0697564 0.997563 bald2x2r.dat
1 15 20 18.615 61.111 -1 0 0 0 -0.997563 -0.0697564 0 -0.0697564 0.997563 bald2x2r.dat
1 15 19.999 -31.416 145.826 -1 0 0 0 0.0697564 -0.997563 0 -0.997563 -0.0697564 placa2x2.dat
1 15 -10 -41.95 153.109 -1 0 0 0 0.0697564 -0.997563 0 -0.997563 -0.0697564 tubo.dat
1 15 10 -41.95 153.109 -1 0 0 0 0.0697564 -0.997563 0 -0.997563 -0.0697564 tubo.dat
1 15 0 -51.923 152.409 1 0 0 0 0.0697564 0.997563 0 -0.997563 0.0697564 pico.dat
1 15 -40 -51.923 152.411 1 0 0 0 0.0697564 0.997563 0 -0.997563 0.0697564 pico.dat
1 15 0 -75.309 142.761 -1 0 0 0 -0.997563 -0.0697564 0 -0.0697564 0.997563 popa6qui.dat
1 15 39.999 -48.576 104.53 -1 0 0 0 -0.997563 -0.0697564 0 -0.0697564 0.997563 enganch2.dat
1 15 39.999 -48.576 104.53 0 0 1 -0.0697564 -0.997563 0 0.997563 -0.0697564 0 jacena2.dat
1 15 40 -24.635 106.204 0 0 1 -0.0697564 -0.997563 0 0.997563 -0.0697564 0 placa2.dat
1 15 60 -16.654 106.762 -1 0 0 0 -0.997563 -0.0697564 0 -0.0697564 0.997563 bald2.dat
1 15 -60 -48.576 104.531 0 0 1 -0.0697564 -0.997563 0 0.997563 -0.0697564 0 jacena2.dat
1 15 -60 -24.635 106.203 0 0 1 -0.0697564 -0.997563 0 0.997563 -0.0697564 0 placa2.dat
1 15 -40 -16.654 106.762 -1 0 0 0 -0.997563 -0.0697564 0 -0.0697564 0.997563 bald2.dat
1 15 -20 -48.576 104.531 -1 0 0 0 -0.997563 -0.0697564 0 -0.0697564 0.997563 enganch2.dat
1 15 20 -48.576 104.53 -1 0 0 0 -0.997563 -0.0697564 0 -0.0697564 0.997563 jacena2.dat
1 15 0 -51.368 144.433 1 0 0 0 -0.997563 0.0697564 0 -0.0697564 -0.997563 enganch2.dat
1 15 0 -27.426 146.106 1 0 0 0 -0.997563 0.0697564 0 -0.0697564 -0.997563 placa2x2.dat
1 15 -40 -27.426 146.106 1 0 0 0 -0.997563 0.0697564 0 -0.0697564 -0.997563 placa2x2.dat
1 15 -40 -75.309 142.761 1 0 0 0 -0.997563 0.0697564 0 -0.0697564 -0.997563 jacena4.dat
1 15 -20 -51.368 144.433 1 0 0 0 -0.997563 0.0697564 0 -0.0697564 -0.997563 enganch2.dat
1 15 0 192.51 97.329 -1 0 0 0 0.0697564 -0.997563 0 -0.997563 -0.0697564 popa6qui.dat
1 15 0 210.79 122.667 -1 0 0 0 0.0697564 -0.997563 0 -0.997563 -0.0697564 popa_6.dat
1 15 30 268.971 150.794 -1 0 0 0 0.0697564 -0.997563 0 -0.997563 -0.0697564 placa2x3.dat
1 15 60 190.837 121.271 -1 0 0 0 0.0697564 -0.997563 0 -0.997563 -0.0697564 remate_6.dat
1 15 60 111.033 115.691 -1 0 0 0 0.0697564 -0.997563 0 -0.997563 -0.0697564 remate_6.dat
1 15 0 229.701 351.049 1 0 0 0 -0.948324 -0.317305 0 0.317305 -0.948324 popa_6.dat
1 15 0 366.404 431.847 1 0 0 0 0.317305 -0.948324 0 0.948324 0.317305 popa4.dat
1 15 0 277.845 419.299 -1 0 0 0 0.317305 0.948324 0 0.948324 -0.317305 bisnraba.dat
1 15 0 277.845 419.299 -1 0 0 0 0.317305 0.948324 0 0.948324 -0.317305 bisnreje.dat
1 15 0 353.712 393.914 -1 0 0 0 0.317305 0.948324 0 0.948324 -0.317305 bisnreje.dat
1 15 0 277.845 419.299 1 0 0 0 -0.317305 0.948324 0 -0.948324 -0.317305 bisnraba.dat
1 15 0 353.712 393.914 1 0 0 0 0.317305 -0.948324 0 0.948324 0.317305 bisnraba.dat
1 15 0 353.712 393.914 -1 0 0 0 -0.317305 -0.948324 0 -0.948324 0.317305 bisnraba.dat
1 15 0 392.986 448.261 1 0 0 0 0.317305 -0.948324 0 0.948324 0.317305 popa4.dat
1 15 0 419.567 464.676 1 0 0 0 0.317305 -0.948324 0 0.948324 0.317305 popa4.dat
1 15 0 446.149 481.089 1 0 0 0 0.317305 -0.948324 0 0.948324 0.317305 popa4.dat
1 15 0 392.986 448.261 1 0 0 0 0.317305 -0.948324 0 0.948324 0.317305 pico.dat
1 15 -40 385.37 425.501 1 0 0 0 0.317305 -0.948324 0 0.948324 0.317305 placa4.dat
1 15 -40 363.866 424.261 0 0 1 0.948324 0.317305 0 -0.317305 0.948324 0 bald2.dat
1 15 0 363.866 424.26 0 0 1 0.948324 0.317305 0 -0.317305 0.948324 0 bald2.dat
1 15 0 358.789 409.088 1 0 0 0 0.317305 -0.948324 0 0.948324 0.317305 placa2x2.dat
1 15 -40 358.789 409.088 1 0 0 0 0.317305 -0.948324 0 0.948324 0.317305 placa2x2.dat
1 15 -40 318.319 414.193 0 0 1 0.948324 0.317305 0 -0.317305 0.948324 0 placa2.dat
1 15 -40 315.779 406.606 0 0 1 0.948324 0.317305 0 -0.317305 0.948324 0 enganc2.dat
1 15 -40 334.745 400.259 0 0 1 0.948324 0.317305 0 -0.317305 0.948324 0 enganc2.dat
1 15 19.999 315.779 406.606 0 0 1 0.948324 0.317305 0 -0.317305 0.948324 0 enganc2.dat
1 15 20 334.745 400.259 0 0 1 0.948324 0.317305 0 -0.317305 0.948324 0 enganc2.dat
1 15 19.999 318.319 414.193 0 0 1 0.948324 0.317305 0 -0.317305 0.948324 0 placa2.dat
1 15 -20 282.924 434.472 0 0 1 0.948324 0.317305 0 -0.317305 0.948324 0 placa2x2.dat
1 15 -40 392.986 448.261 1 0 0 0 0.317305 -0.948324 0 0.948324 0.317305 pico.dat
1 15 -40 419.567 464.675 1 0 0 0 0.317305 -0.948324 0 0.948324 0.317305 pico.dat
1 15 0 419.567 464.676 1 0 0 0 0.317305 -0.948324 0 0.948324 0.317305 pico.dat
1 15 0 429.721 495.021 -1 0 0 0 0.317305 0.948324 0 0.948324 -0.317305 popa4p.dat
1 15 -20 429.721 495.021 -1 0 0 0 0.317305 0.948324 0 0.948324 -0.317305 placa1.dat
1 15 40.001 429.721 495.021 -1 0 0 0 0.317305 0.948324 0 0.948324 -0.317305 placa1.dat
1 15 10.735 493.645 623.04 -0.980785 0 -0.19509 0.061903 0.948324 -0.311208 0.185008 -0.317305 -0.930102 cilindr.dat
1 15 18.539 487.128 666.589 -0.980785 -0.19509 0 0.061903 -0.311208 -0.948324 0.185008 -0.930102 0.317305 remtcoht.dat
1 15 0 446.149 481.089 1 0 0 0 0.317305 -0.948324 0 0.948324 0.317305 pico.dat
1 15 20 429.721 495.021 -1 0 0 0 0.317305 0.948324 0 0.948324 -0.317305 placa2x2.dat
1 15 0 429.734 495.036 1 0 0 0 0.9486 0.316477 0 -0.316477 0.9486 enganch2.dat
1 15 -20.001 429.734 495.036 1 0 0 0 0.9486 0.316477 0 -0.316477 0.9486 enganch2.dat
1 15 0 455.051 570.922 -1 0 0 0 0.9486 -0.316477 0 -0.316477 -0.9486 enganch2.dat
1 15 20 455.051 570.922 -1 0 0 0 0.9486 -0.316477 0 -0.316477 -0.9486 enganch2.dat
1 15 20 448.721 551.949 -1 0 0 0 0.9486 -0.316477 0 -0.316477 -0.9486 jacen2x2.dat
1 15 20 432.284 578.519 -1 0 0 0 0.9486 -0.316477 0 -0.316477 -0.9486 bald2x2r.dat
1 15 20 419.625 540.575 -1 0 0 0 0.9486 -0.316477 0 -0.316477 -0.9486 bald2x2.dat
1 15 20 449.982 530.448 -1 0 0 0 0.9486 -0.316477 0 -0.316477 -0.9486 placa2x2.dat
1 15 20 462.64 568.392 -1 0 0 0 0.9486 -0.316477 0 -0.316477 -0.9486 placa2x2.dat
1 15 20 462.64 568.392 0 0 1 -0.316477 0.9486 0 -0.9486 -0.316477 0 placa4.dat
1 15 -40 462.64 568.392 0 0 1 -0.316477 0.9486 0 -0.9486 -0.316477 0 placa4.dat
1 15 -20 442.393 532.978 0 0 1 -0.316477 0.9486 0 -0.9486 -0.316477 0 pico.dat
1 15 19.999 429.734 495.036 0 0 -1 0.316477 0.9486 0 0.9486 -0.316477 0 pico.dat
1 15 0 460.088 484.908 0 0 -1 0.316477 0.9486 0 0.9486 -0.316477 0 cuna.dat
1 15 -20 455.051 570.922 0 0 1 -0.316477 0.9486 0 -0.9486 -0.316477 0 pico.dat
1 15 0 472.747 522.852 0 0 -1 0.316477 0.9486 0 0.9486 -0.316477 0 cuna.dat
1 15 0 472.747 522.852 0 0 1 -0.316477 0.9486 0 -0.9486 -0.316477 0 cuna.dat
1 15 20 442.393 532.979 0 0 -1 0.316477 0.9486 0 0.9486 -0.316477 0 pico.dat
1 15 0 485.406 560.796 0 0 1 -0.316477 0.9486 0 -0.9486 -0.316477 0 cuna.dat
1 15 -10 445.623 574.062 -1 0 0 0 -0.317305 -0.948324 0 -0.948324 0.317305 chimenea.dat
1 15 20.402 476.535 571.907 -0.980785 -0.19509 0 0.061903 -0.311208 -0.948324 0.185008 -0.930102 0.317305 respirad.dat
1 15 -10 464.589 567.716 -1 0 0 0 -0.317305 -0.948324 0 -0.948324 0.317305 chimenea.dat
1 15 -40 446.149 481.089 1 0 0 0 0.317305 -0.948324 0 0.948324 0.317305 pico.dat
1 15 40 270.229 396.54 0 0 -1 0.948324 -0.317305 0 -0.317305 -0.948324 0 pico.dat
1 15 39.999 308.162 383.847 0 0 -1 0.948324 -0.317305 0 -0.317305 -0.948324 0 pico.dat
1 15 -40 346.096 371.153 0 0 1 -0.948324 -0.317305 0 0.317305 -0.948324 0 pico.dat
1 15 -40 308.162 383.847 0 0 1 -0.948324 -0.317305 0 0.317305 -0.948324 0 pico.dat
1 15 60 267.689 388.95 0 0 -1 0.948324 -0.317305 0 -0.317305 -0.948324 0 placa2x3.dat
1 15 -20 267.689 388.95 0 0 -1 0.948324 -0.317305 0 -0.317305 -0.948324 0 placa2x3.dat
1 15 20 286.657 382.605 0 0 -1 0.948324 -0.317305 0 -0.317305 -0.948324 0 jacen2x3.dat
1 15 -20.001 272.768 404.126 0 0 -1 0.948324 -0.317305 0 -0.317305 -0.948324 0 jacena2.dat
1 15 -20 270.229 396.54 0 0 -1 0.948324 -0.317305 0 -0.317305 -0.948324 0 placa4.dat
1 15 40 270.229 396.54 0 0 -1 0.948324 -0.317305 0 -0.317305 -0.948324 0 placa4.dat
1 15 -40 280.383 426.886 1 0 0 0 -0.317305 0.948324 0 -0.948324 -0.317305 bald2r.dat
1 15 19.999 280.383 426.887 1 0 0 0 -0.317305 0.948324 0 -0.948324 -0.317305 bald2r.dat
1 15 40 272.768 404.126 0 0 -1 0.948324 -0.317305 0 -0.317305 -0.948324 0 jacena2.dat
1 15 20 324.59 369.914 1 0 0 0 -0.317305 0.948324 0 -0.948324 -0.317305 placa2.dat
1 15 -60 324.59 369.913 1 0 0 0 -0.317305 0.948324 0 -0.948324 -0.317305 placa2.dat
1 15 40 284.12 375.021 0 0 -1 0.948324 -0.317305 0 -0.317305 -0.948324 0 placa2x3.dat
1 15 0 284.12 375.021 0 0 -1 0.948324 -0.317305 0 -0.317305 -0.948324 0 placa2x3.dat
1 15 92 296.74 349.707 0 1 0 0.160743 0 0.986996 0.986996 0 -0.160743 popa6rem.dat
1 15 60 296.74 349.707 0 -1 0 -0.160743 0 0.986996 -0.986996 0 -0.160743 popa6rem.dat
1 15 60 296.74 349.707 0 -1 0 0.160743 0 -0.986996 0.986996 0 0.160743 popa6rem.dat
1 15 76.001 276.997 352.924 0 -1 0 -0.160743 0 0.986996 -0.986996 0 -0.160743 bisnraba.dat
1 15 76.001 276.997 352.924 0 -1 0 -0.160743 0 0.986996 -0.986996 0 -0.160743 bisnreje.dat
1 15 76.001 276.997 352.924 0 1 0 0.160743 0 0.986996 0.986996 0 -0.160743 bisnraba.dat
1 15 -76 280.923 337.462 0 -1 0 0.612218 0 0.790691 -0.790691 0 0.612218 bisnraba.dat
1 15 -76 280.923 337.462 0 -1 0 0.612218 0 0.790691 -0.790691 0 0.612218 bisnreje.dat
1 15 -76 280.923 337.462 0 1 0 -0.612218 0 0.790691 0.790691 0 0.612218 bisnraba.dat
1 15 91.999 319.693 366.232 0 1 0 -0.160743 0 -0.986996 -0.986996 0 0.160743 placa2.dat
1 15 96 542.493 285.716 -1 0 0 0 0.936672 0.350208 0 0.350208 -0.936672 cilindar.dat
1 15 76 502.258 313.379 1 0 0 0 0.936672 -0.350208 0 0.350208 0.936672 tejado.dat
1 15 76 487.761 329.307 1 0 0 0 0.936672 -0.350208 0 0.350208 0.936672 tejado.dat
1 15 76 509.75 316.179 1 0 0 0 0.936672 -0.350208 0 0.350208 0.936672 placa2.dat
1 15 86 499.243 344.28 1 0 0 0 0.936672 -0.350208 0 0.350208 0.936672 chimtubo.dat
1 15 76 502.258 313.379 1 0 0 0 0.936672 -0.350208 0 0.350208 0.936672 placa2.dat
1 15 86 530.275 238.444 1 0 0 0 0.936672 -0.350208 0 0.350208 0.936672 bald2r.dat
1 15 96 569.244 287.552 0 0 1 0.526214 0.850353 0 -0.850353 0.526214 0 chimenea.dat
1 15 96 553.73 289.92 -1 0 0 0 0.936672 0.350208 0 0.350208 -0.936672 cilindab.dat
1 15 116 535.523 224.392 0 0 -1 0.936672 0.350208 0 0.350208 -0.936672 0 respirad.dat
1 15 96 575.795 230.911 -1 0 0 0 0.350208 -0.936672 0 -0.936672 -0.350208 bisnrarr.dat
1 15 -136 566.306 392.056 1 0 0 0 0.999991 -0.00436294 0 0.00436294 0.999991 baldgord.dat
1 15 -96 566.306 392.056 1 0 0 0 0.999991 -0.00436294 0 0.00436294 0.999991 baldgord.dat
1 15 -96 573.956 472.091 -1 0 0 0 0.999991 0.00436294 0 0.00436294 -0.999991 bisnraba.dat
1 15 -95.999 590.046 452.158 0 0 1 0.00436294 0.999991 0 -0.999991 0.00436294 0 placa2x2.dat
1 15 -136 590.046 452.159 0 0 1 0.00436294 0.999991 0 -0.999991 0.00436294 0 placa2x2.dat
1 15 -136 582.22 412.124 1 0 0 0 0.999991 -0.00436294 0 0.00436294 0.999991 placa4.dat
1 15 -136 581.954 472.125 0 0 1 0.00436294 0.999991 0 -0.999991 0.00436294 0 placa2.dat
1 15 -76 581.954 472.125 0 0 1 0.00436294 0.999991 0 -0.999991 0.00436294 0 placa2.dat
1 15 -136 574.217 412.09 1 0 0 0 0.999991 -0.00436294 0 0.00436294 0.999991 placa4.dat
1 15 -96 590.219 412.162 -1 0 0 0 0.999991 0.00436294 0 0.00436294 -0.999991 vntscorp.dat
1 15 -56 590.219 412.162 -1 0 0 0 0.999991 0.00436294 0 0.00436294 -0.999991 vntscorp.dat
1 0 -135.309 575.424 365.142 0 -0.382683 0.92388 -0.999991 0.00403098 0.00166973 -0.00436294 -0.923871 -0.382679 tuboruta.dat
1 15 -127.654 575.339 383.62 0 0.382683 -0.92388 -0.999991 -0.00403098 -0.00166973 -0.00436294 0.923871 0.382679 cilindro.dat
1 15 -136.838 575.439 361.447 0 0.382683 -0.92388 -0.999991 -0.00403098 -0.00166973 -0.00436294 0.923871 0.382679 piquito.dat
1 0 -109.804 575.433 362.869 0 -0.108867 0.994056 -0.999991 0.00433695 0.000474981 -0.00436294 -0.994047 -0.108866 tuboruta.dat
1 15 -107.627 575.345 382.744 0 0.108867 -0.994056 -0.999991 -0.00433695 -0.000474981 -0.00436294 0.994047 0.108866 cilindro.dat
1 15 -110.239 575.451 358.888 0 0.108867 -0.994056 -0.999991 -0.00433695 -0.000474981 -0.00436294 0.994047 0.108866 piquito.dat
1 0 -56.692 575.424 365.142 0 0.382683 -0.92388 0.999991 0.00403098 0.00166973 0.00436294 -0.923871 -0.382679 tuboruta.dat
1 15 -64.346 575.339 383.62 0 -0.382683 0.92388 0.999991 -0.00403098 -0.00166973 0.00436294 0.923871 0.382679 cilindro.dat
1 15 -55.162 575.439 361.447 0 -0.382683 0.92388 0.999991 -0.00403098 -0.00166973 0.00436294 0.923871 0.382679 piquito.dat
1 0 -82.196 575.433 362.869 0 0.108867 -0.994056 0.999991 0.00433695 0.000474981 0.00436294 -0.994047 -0.108866 tuboruta.dat
1 15 -84.375 575.345 382.744 0 -0.108867 0.994056 0.999991 -0.00433695 -0.000474981 0.00436294 0.994047 0.108866 cilindro.dat
1 15 -81.761 575.451 358.888 0 -0.108867 0.994056 0.999991 -0.00433695 -0.000474981 0.00436294 0.994047 0.108866 piquito.dat
1 15 -95.999 590.046 452.158 -1 0 0 0 0.999991 0.00436294 0 0.00436294 -0.999991 popa4p.dat
1 15 -116 573.956 472.091 0 0 1 0.00436294 0.999991 0 -0.999991 0.00436294 0 pico.dat
1 15 -76 574.127 432.095 0 0 -1 -0.00436294 0.999991 0 0.999991 0.00436294 0 pico.dat
1 15 55.999 567.796 150.906 1 0 0 0 1 0 0 0 1 baldgord.dat
1 15 96 567.796 150.907 1 0 0 0 1 0 0 0 1 baldgord.dat
1 15 96 575.794 230.911 -1 0 0 0 1 0 0 0 -1 bisnraba.dat
1 15 96 591.793 210.909 0 0 1 0 1 0 -1 0 0 placa2x2.dat
1 15 56 591.793 210.909 0 0 1 0 1 0 -1 0 0 placa2x2.dat
1 15 56 583.797 170.908 1 0 0 0 1 0 0 0 1 placa4.dat
1 15 56 583.797 230.909 0 0 1 0 1 0 -1 0 0 placa2.dat
1 15 116.001 583.797 230.909 0 0 1 0 1 0 -1 0 0 placa2.dat
1 15 56.001 575.797 170.909 1 0 0 0 1 0 0 0 1 placa4.dat
1 15 96 591.796 170.909 -1 0 0 0 1 0 0 0 -1 vntscorp.dat
1 15 136 591.796 170.909 -1 0 0 0 1 0 0 0 -1 vntscorp.dat
1 0 56.691 576.798 123.956 0 -0.382683 0.92388 -1 0 0 0 -0.92388 -0.382683 tuboruta.dat
1 15 64.345 576.793 142.431 0 0.382683 -0.92388 -1 0 0 0 0.92388 0.382683 cilindro.dat
1 15 55.162 576.799 120.261 0 0.382683 -0.92388 -1 0 0 0 0.92388 0.382683 piquito.dat
1 0 82.196 576.796 121.68 0 -0.108867 0.994056 -1 0 0 0 -0.994057 -0.108867 tuboruta.dat
1 15 84.374 576.799 141.561 0 0.108867 -0.994056 -1 0 0 0 0.994057 0.108867 cilindro.dat
1 15 81.761 576.795 117.701 0 0.108867 -0.994056 -1 0 0 0 0.994057 0.108867 piquito.dat
1 0 135.308 576.798 123.954 0 0.382683 -0.92388 1 0 0 0 -0.92388 -0.382683 tuboruta.dat
1 15 127.654 576.793 142.432 0 -0.382683 0.92388 1 0 0 0 0.92388 0.382683 cilindro.dat
1 15 136.838 576.799 120.261 0 -0.382683 0.92388 1 0 0 0 0.92388 0.382683 piquito.dat
1 0 109.804 576.796 121.68 0 0.108867 -0.994056 1 0 0 0 -0.994057 -0.108867 tuboruta.dat
1 15 107.627 576.799 141.561 0 -0.108867 0.994056 1 0 0 0 0.994057 0.108867 cilindro.dat
1 15 110.239 576.795 117.701 0 -0.108867 0.994056 1 0 0 0 0.994057 0.108867 piquito.dat
1 15 96 591.793 210.909 -1 0 0 0 1 0 0 0 -1 popa4p.dat
1 15 76 575.794 230.91 0 0 1 0 1 0 -1 0 0 pico.dat
1 15 116 575.796 190.912 0 0 -1 0 1 0 1 0 0 pico.dat
1 15 96 575.795 230.911 -1 0 0 0 0.350208 -0.936672 0 -0.936672 -0.350208 bisnreje.dat
1 15 76 532.232 324.587 1 0 0 0 0.936672 -0.350208 0 0.350208 0.936672 cuna.dat
1 15 96 465.769 342.443 -1 0 0 0 0.936672 0.350208 0 0.350208 -0.936672 bisnraba.dat
1 15 96 465.769 342.443 1 0 0 0 -0.986996 -0.160743 0 0.160743 -0.986996 bisnraba.dat
1 15 96 465.769 342.443 1 0 0 0 -0.936672 0.350208 0 -0.350208 -0.936672 bisnreje.dat
1 15 -96 511.216 485.391 -1 0 0 0 0.386711 0.922202 0 0.922202 -0.386711 cilindar.dat
1 15 -116 463.5 475.035 1 0 0 0 0.386711 -0.922202 0 0.922202 0.386711 tejado.dat
1 15 -116.001 441.965 475.391 1 0 0 0 0.386711 -0.922202 0 0.922202 0.386711 tejado.dat
1 15 -116 466.593 482.413 1 0 0 0 0.386711 -0.922202 0 0.922202 0.386711 placa2.dat
1 15 -106 438.927 494.015 1 0 0 0 0.386711 -0.922202 0 0.922202 0.386711 chimtubo.dat
1 15 -116 463.5 475.035 1 0 0 0 0.386711 -0.922202 0 0.922202 0.386711 placa2.dat
1 15 -106.001 537.278 444.1 1 0 0 0 0.386711 -0.922202 0 0.922202 0.386711 bald2r.dat
1 15 -96 528.21 506.129 0 0 1 0.979926 0.199369 0 -0.199369 0.979926 0 chimenea.dat
1 15 -96 515.856 496.454 -1 0 0 0 0.386711 0.922202 0 0.922202 -0.386711 cilindab.dat
1 15 -76 551.109 438.291 0 0 -1 0.386711 0.922202 0 0.922202 -0.386711 0 respirad.dat
1 15 -96 573.955 472.093 -1 0 0 0 0.922202 -0.386711 0 -0.386711 -0.922202 bisnrarr.dat
1 15 -96 573.955 472.093 -1 0 0 0 0.922202 -0.386711 0 -0.386711 -0.922202 bisnreje.dat
1 15 -116 475.877 504.546 1 0 0 0 0.386711 -0.922202 0 0.922202 0.386711 cuna.dat
1 15 -96 417.33 468.374 -1 0 0 0 0.386711 0.922202 0 0.922202 -0.386711 bisnraba.dat
1 15 -96 417.33 468.374 1 0 0 0 -0.386711 0.922202 0 -0.922202 -0.386711 bisnreje.dat
1 15 76 350.543 381.474 1 0 0 0 -0.986996 -0.160743 0 0.160743 -0.986996 pico.dat
1 15 76 350.543 381.474 1 0 0 0 -0.986996 -0.160743 0 0.160743 -0.986996 jacena2.dat
1 15 -116 310.2 410.72 1 0 0 0 -0.790691 0.612218 0 -0.612218 -0.790691 jacena2.dat
1 15 76 339.433 363.018 0 0 1 0.160743 -0.986996 0 0.986996 0.160743 0 placa2x2.dat
1 15 76 371.018 357.874 1 0 0 0 -0.986996 -0.160743 0 0.160743 -0.986996 pico.dat
1 15 -116 310.2 410.72 1 0 0 0 -0.790691 0.612218 0 -0.612218 -0.790691 pico.dat
1 15 -116 316.123 390.008 0 0 1 -0.612218 -0.790691 0 0.790691 -0.612218 0 placa2x2.dat
1 15 -115.999 341.425 409.599 1 0 0 0 -0.790691 0.612218 0 -0.612218 -0.790691 pico.dat
1 15 92 369.269 297.369 0 -1 0 0.986996 0 0.160743 -0.160743 0 0.986996 pico.dat
1 15 92 329.788 303.798 0 -1 0 0.986996 0 0.160743 -0.160743 0 0.986996 pico.dat
1 15 43.999 296.74 349.708 0 -1 0 -0.160743 0 0.986996 -0.986996 0 -0.160743 rotorsup.dat
1 15 43.999 296.74 349.708 0 -1 0 -0.317305 0 0.948324 -0.948324 0 -0.317305 rotorinf.dat
1 15 -44 296.74 349.707 0 1 0 0.317305 0 0.948324 0.948324 0 -0.317305 rotorinf.dat
1 15 -44 296.74 349.707 0 1 0 -0.612218 0 0.790691 0.790691 0 0.612218 rotorsup.dat
1 15 116.001 336.219 343.275 0 1 0 0.160743 0 0.986996 0.986996 0 -0.160743 popa6qui.dat
1 15 -92 296.74 349.707 0 -1 0 0.612218 0 0.790691 -0.790691 0 0.612218 popa6rem.dat
1 15 -60 296.745 349.704 0 1 0 -0.612218 0 0.790691 0.790691 0 0.612218 popa6rem.dat
1 15 -60 296.745 349.704 0 1 0 0.612218 0 -0.790691 -0.790691 0 -0.612218 popa6rem.dat
1 15 -116.002 328.367 374.196 0 -1 0 0.612218 0 0.790691 -0.790691 0 0.612218 popa6qui.dat
1 15 116 342.648 382.757 0 1 0 -0.160743 0 -0.986996 -0.986996 0 0.160743 enganch2.dat
1 15 92.001 299.953 369.446 0 1 0 0.160743 0 0.986996 0.986996 0 -0.160743 remate_2.dat
1 15 84.001 299.953 369.446 0 1 0 0.160743 0 0.986996 0.986996 0 -0.160743 enganc2.dat
1 15 84.001 290.307 310.227 0 1 0 0.160743 0 0.986996 0.986996 0 -0.160743 enganc2.dat
1 15 92.001 333.001 323.537 0 1 0 -0.160743 0 -0.986996 -0.986996 0 0.160743 remate_2.dat
1 15 116.001 382.128 376.328 0 -1 0 -0.986996 0 -0.160743 0.160743 0 -0.986996 bald2x2r.dat
1 15 92.002 372.484 317.108 0 -1 0 0.160743 0 -0.986996 0.986996 0 0.160743 jacen2x2.dat
1 15 76.001 392.223 313.893 0 -1 0 -0.986996 0 -0.160743 0.160743 0 -0.986996 enganch2.dat
1 15 76.001 411.962 310.678 0 -1 0 -0.986996 0 -0.160743 0.160743 0 -0.986996 enganch2.dat
1 15 -75.999 388.05 395.114 0 1 0 0.790691 0 0.612218 0.612218 0 -0.790691 enganch2.dat
1 15 -75.999 372.239 382.868 0 1 0 0.790691 0 0.612218 0.612218 0 -0.790691 enganch2.dat
1 15 84.001 378.911 356.587 0 -1 0 -0.986996 0 -0.160743 0.160743 0 -0.986996 placa2x3.dat
1 15 -83.999 372.239 382.868 0 1 0 -0.790691 0 -0.612218 -0.612218 0 0.790691 placa2x3.dat
1 15 -91.999 372.239 382.868 0 1 0 -0.790691 0 -0.612218 -0.612218 0 0.790691 jacen2x2.dat
1 15 -67.999 428.355 375.727 0 1 0 -0.790691 0 -0.612218 -0.612218 0 0.790691 placa2x3.dat
1 15 -83.999 428.355 375.728 0 1 0 -0.790691 0 -0.612218 -0.612218 0 0.790691 placa4.dat
1 15 -107.999 416.112 391.544 0 1 0 -0.790691 0 -0.612218 -0.612218 0 0.790691 placa4.dat
1 15 -99.999 416.112 391.544 0 1 0 -0.790691 0 -0.612218 -0.612218 0 0.790691 placa4.dat
1 15 -91.999 384.483 367.053 0 1 0 -0.790691 0 -0.612218 -0.612218 0 0.790691 placa2.dat
1 15 -83.999 384.483 367.053 0 1 0 -0.790691 0 -0.612218 -0.612218 0 0.790691 placa2.dat
1 15 -75.999 428.355 375.728 0 1 0 -0.790691 0 -0.612218 -0.612218 0 0.790691 placa2.dat
1 15 -75.999 324.796 346.136 0 1 0 -0.612218 0 0.790691 0.790691 0 0.612218 placa2.dat
1 15 -75.999 365.101 326.752 0 1 0 -0.612218 0 0.790691 0.790691 0 0.612218 placa4.dat
1 15 -75.999 380.913 338.998 0 1 0 -0.612218 0 0.790691 0.790691 0 0.612218 placa4.dat
1 15 -67.999 324.796 346.137 0 1 0 -0.612218 0 0.790691 0.790691 0 0.612218 placa2.dat
1 15 76.001 319.692 366.229 0 -1 0 -0.160743 0 0.986996 -0.986996 0 -0.160743 placa2.dat
1 15 68.002 319.692 366.229 0 -1 0 -0.160743 0 0.986996 -0.986996 0 -0.160743 placa2.dat
1 15 92.002 324.739 335.012 0 -1 0 0.160743 0 -0.986996 0.986996 0 0.160743 tubo.dat
1 15 92.001 327.955 354.753 0 -1 0 0.160743 0 -0.986996 0.986996 0 0.160743 tubo.dat
1 15 -92 324.796 346.137 0 -1 0 -0.612218 0 -0.790691 0.790691 0 -0.612218 placa2.dat
1 15 -116.001 316.122 390.011 0 -1 0 -0.612218 0 -0.790691 0.790691 0 -0.612218 enganch2.dat
1 15 -92.001 308.982 333.896 0 -1 0 0.612218 0 0.790691 -0.790691 0 0.612218 remate_2.dat
1 15 -84.001 308.982 333.896 0 -1 0 0.612218 0 0.790691 -0.790691 0 0.612218 enganc2.dat
1 15 -84.001 272.248 381.337 0 -1 0 0.612218 0 0.790691 -0.790691 0 0.612218 enganc2.dat
1 15 -92.001 316.122 390.011 0 -1 0 -0.612218 0 -0.790691 0.790691 0 -0.612218 remate_2.dat
1 15 -92.001 314.335 375.982 0 1 0 0.612218 0 -0.790691 -0.790691 0 -0.612218 tubo.dat
1 15 -92.001 326.58 360.166 0 1 0 0.612218 0 -0.790691 -0.790691 0 -0.612218 tubo.dat
1 15 116.002 418.393 350.158 0 -1 0 -0.986996 0 -0.160743 0.160743 0 -0.986996 bald2x2r.dat
1 15 116.001 408.747 290.937 0 -1 0 0.160743 0 -0.986996 0.986996 0 0.160743 bald2.dat
1 15 108.001 411.962 310.679 0 -1 0 -0.986996 0 -0.160743 0.160743 0 -0.986996 placa4.dat
1 15 100.001 411.962 310.678 0 -1 0 -0.986996 0 -0.160743 0.160743 0 -0.986996 placa4.dat
1 15 92.002 372.484 317.108 0 -1 0 -0.986996 0 -0.160743 0.160743 0 -0.986996 placa2.dat
1 15 84.001 372.484 317.107 0 -1 0 -0.986996 0 -0.160743 0.160743 0 -0.986996 placa2.dat
1 15 84.001 408.747 290.937 0 -1 0 -0.986996 0 -0.160743 0.160743 0 -0.986996 placa4.dat
1 15 76.001 408.747 290.937 0 -1 0 -0.986996 0 -0.160743 0.160743 0 -0.986996 placa2.dat
1 15 68.001 411.962 310.678 0 -1 0 -0.986996 0 -0.160743 0.160743 0 -0.986996 placa2x3.dat
1 15 76.001 359.174 359.799 0 -1 0 -0.160743 0 0.986996 -0.986996 0 -0.160743 placa4.dat
1 15 76.001 339.432 363.015 0 -1 0 -0.160743 0 0.986996 -0.986996 0 -0.160743 placa4.dat
1 15 116.001 430.096 297.593 0 -1 0 0.986996 0 0.160743 -0.160743 0 0.986996 bald2x2r.dat
1 15 116.001 410.355 300.806 0 -1 0 0.986996 0 0.160743 -0.160743 0 0.986996 bald2r.dat
1 15 116 329.79 303.795 0 -1 0 0.986996 0 0.160743 -0.160743 0 0.986996 bald2x2.dat
1 15 -92 384.482 367.057 0 1 0 -0.790691 0 -0.612218 -0.612218 0 0.790691 pico.dat
1 15 -92 416.108 391.547 0 1 0 -0.790691 0 -0.612218 -0.612218 0 0.790691 pico.dat
1 15 -116.001 303.878 405.822 0 1 0 0.790691 0 0.612218 0.612218 0 -0.790691 bald2x2r.dat
1 15 -116 347.749 414.495 0 1 0 0.790691 0 0.612218 0.612218 0 -0.790691 bald2x2r.dat
1 15 -116.001 442.843 422.358 0 1 0 -0.790691 0 -0.612218 -0.612218 0 0.790691 bald2x2r.dat
1 15 -116.001 384.483 367.053 0 1 0 -0.612218 0 0.790691 0.790691 0 0.612218 bald2.dat
1 15 -116.001 384.481 367.055 0 1 0 -0.790691 0 -0.612218 -0.612218 0 0.790691 bald2x2.dat
1 15 76.001 409.391 294.885 1 0 0 0 0.160743 -0.986996 0 0.986996 0.160743 tejado.dat
1 15 76.001 432.99 315.361 1 0 0 0 0.160743 -0.986996 0 0.986996 0.160743 jacena2.dat
1 15 76.001 435.56 331.15 1 0 0 0 -0.160743 0.986996 0 -0.986996 -0.160743 placa2.dat
1 15 -115.999 404.986 438.578 1 0 0 0 0.612218 0.790691 0 -0.790691 0.612218 placa2.dat
1 15 116.001 431.703 307.463 -1 0 0 0 0.160743 0.986996 0 0.986996 -0.160743 placa2x2.dat
1 15 116.001 427.842 283.775 0 0 -1 -0.986996 0.160743 0 0.160743 0.986996 0 bald2.dat
1 15 76.001 430.416 299.565 1 0 0 0 0.160743 -0.986996 0 0.986996 0.160743 tejado.dat
1 15 -115.999 413.663 394.706 1 0 0 0 -0.612218 -0.790691 0 0.790691 -0.612218 tejado.dat
1 15 -115.999 414.781 425.93 1 0 0 0 -0.612218 -0.790691 0 0.790691 -0.612218 jacena2.dat
1 15 -75.999 419.679 419.603 -1 0 0 0 -0.612218 0.790691 0 0.790691 0.612218 placa2x2.dat
1 15 -75.999 434.373 400.624 0 0 -1 -0.790691 -0.612218 0 -0.612218 0.790691 0 bald2.dat
1 15 -115.999 424.578 413.276 1 0 0 0 -0.612218 -0.790691 0 0.790691 -0.612218 tejado.dat
1 15 76 417.106 342.263 0 0 1 -0.986996 -0.160743 0 0.160743 -0.986996 0 bald2x2.dat
1 15 76 417.106 342.263 1 0 0 0 -0.160743 0.986996 0 -0.986996 -0.160743 baldgord.dat
1 15 -115.999 384.276 432.661 1 0 0 0 0.612218 0.790691 0 -0.790691 0.612218 baldgord.dat
1 15 76.001 411.962 310.678 0 0 1 -0.986996 -0.160743 0 0.160743 -0.986996 0 placa2.dat
1 15 -95.999 403.864 407.358 0 0 1 -0.790691 0.612218 0 -0.612218 -0.790691 0 placa2.dat
1 15 76.001 432.99 315.361 0 0 1 -0.986996 -0.160743 0 0.160743 -0.986996 0 jacena2.dat
1 15 86.001 383.639 323.395 0 0 1 -0.986996 -0.160743 0 0.160743 -0.986996 0 jacena1.dat
1 15 -95.999 414.781 425.93 0 0 1 -0.790691 0.612218 0 -0.612218 -0.790691 0 jacena2.dat
1 15 -85.999 375.248 395.316 0 0 1 -0.790691 0.612218 0 -0.612218 -0.790691 0 jacena1.dat
1 15 116.001 372.484 317.107 0 0 -1 0.986996 -0.160743 0 -0.160743 -0.986996 0 enganch2.dat
1 15 116.001 376.34 340.794 0 0 -1 0.986996 -0.160743 0 -0.160743 -0.986996 0 placa2.dat
1 15 116.001 392.223 313.894 0 0 -1 0.986996 -0.160743 0 -0.160743 -0.986996 0 enganch2.dat
1 15 -75.998 352.648 408.172 0 0 -1 0.790691 0.612218 0 0.612218 -0.790691 0 bald2x2.dat
1 15 -115.999 403.864 407.357 0 0 1 -0.790691 0.612218 0 -0.612218 -0.790691 0 enganch2.dat
1 15 -115.999 389.171 426.334 0 0 1 -0.790691 0.612218 0 -0.612218 -0.790691 0 placa2.dat
1 15 -115.999 388.05 395.113 0 0 1 -0.790691 0.612218 0 -0.612218 -0.790691 0 enganch2.dat
1 15 116.001 413.248 318.572 0 0 -1 0.986996 -0.160743 0 -0.160743 -0.986996 0 enganch2.dat
1 15 -115.999 414.781 425.93 0 0 1 -0.790691 0.612218 0 -0.612218 -0.790691 0 enganch2.dat
1 0 106.001 419.905 297.226 0 0 -1 0.986996 -0.160743 0 -0.160743 -0.986996 0 tuboruta.dat
1 0 86.002 419.905 297.225 0 0 -1 0.986996 -0.160743 0 -0.160743 -0.986996 0 tuboruta.dat
1 0 -85.999 419.12 403.991 0 0 -1 0.790691 0.612218 0 0.612218 -0.790691 0 tuboruta.dat
1 0 -105.999 419.12 403.991 0 0 -1 0.790691 0.612218 0 0.612218 -0.790691 0 tuboruta.dat
1 15 116.001 451.443 304.248 -1 0 0 0 -0.160743 -0.986996 0 -0.986996 0.160743 enganch2.dat
1 15 -96 417.33 468.374 1 0 0 0 -0.790691 0.612218 0 -0.612218 -0.790691 bisnraba.dat
1 15 -75.999 435.495 431.846 -1 0 0 0 0.612218 -0.790691 0 -0.790691 -0.612218 enganch2.dat
1 15 -95.998 435.495 431.847 -1 0 0 0 0.612218 -0.790691 0 -0.790691 -0.612218 enganch2.dat
1 15 96.001 451.443 304.246 -1 0 0 0 -0.160743 -0.986996 0 -0.986996 0.160743 enganch2.dat
1 15 0 106.012 187.514 -1 0 0 0 -0.0697564 0.997563 0 0.997563 0.0697564 quilla.dat
1 15 0.001 265.621 198.675 -1 0 0 0 -0.0697564 0.997563 0 0.997563 0.0697564 quilla.dat
1 15 -40 265.622 198.674 1 0 0 0 -0.0697564 -0.997563 0 0.997563 -0.0697564 jacena4.dat
1 15 0 340.876 229.49 1 0 0 0 0.948324 0.317305 0 -0.317305 0.948324 popa6qui.dat
1 15 0 340.876 229.49 -1 0 0 0 0.948324 -0.317305 0 -0.317305 -0.948324 popa6qui.dat
1 15 0.001 356.192 350.901 -1 0 0 0 0.948324 -0.317305 0 -0.317305 -0.948324 popa6rem.dat
1 15 0 357.43 329.398 -1 0 0 0 0.948324 -0.317305 0 -0.317305 -0.948324 popa6p.dat
1 15 -60 245.971 197.975 0 1 0 -0.948324 0 0.317305 0.317305 0 0.948324 popa6p.dat
1 0 0 83.349 100.627 -1 0 0 0 0.731354 -0.681998 0 -0.681998 -0.731354 tbfutur3.dat
1 0 78.1 68.972 106.24 0 -1 0 0.707107 0 0.707107 -0.707107 0 0.707107 bald2r.dat
1 0 70.1 97.257 120.383 0 -1 0 0.55557 0 -0.83147 0.83147 0 0.55557 chimplac.dat
1 0 -78.1 83.114 92.098 0 1 0 -0.707107 0 0.707107 0.707107 0 0.707107 bald2r.dat
1 0 -70.1 97.257 120.383 0 1 0 0.55557 0 0.83147 0.83147 0 -0.55557 chimplac.dat
1 0 78.1 108.368 137.015 0 -1 0 0.382683 0 -0.92388 0.92388 0 0.382683 chimplac.dat
1 0 -78.1 108.368 137.015 0 1 0 0.382683 0 0.92388 0.92388 0 -0.382683 chimplac.dat
1 0 86.1 119.923 175.107 0 -1 0 -0.19509 0 0.980785 -0.980785 0 -0.19509 chimplac.dat
1 0 78.1 119.922 175.108 0 -1 0 0 0 -1 1 0 0 chimplac.dat
1 0 70.1 119.922 175.108 0 -1 0 0 0 -1 1 0 0 chimplac.dat
1 0 -86.1 119.923 175.106 0 1 0 -0.19509 0 -0.980785 -0.980785 0 0.19509 chimplac.dat
1 0 -78.1 119.922 175.108 0 1 0 0 0 1 1 0 0 chimplac.dat
1 0 -70.1 119.922 175.108 0 1 0 0 0 1 1 0 0 chimplac.dat
1 0 -62.1 119.922 195.108 0 1 0 -0.19509 0 0.980785 0.980785 0 0.19509 chimplac.dat
1 0 62.1 119.922 195.108 0 -1 0 -0.19509 0 -0.980785 0.980785 0 -0.19509 chimplac.dat
1 0 0 119.021 219.287 1 0 0 0 0.973379 -0.229201 0 0.229201 0.973379 tbfutur3.dat
1 15 60 245.971 197.975 0 -1 0 0.948324 0 0.317305 -0.317305 0 0.948324 popa6p.dat
1 77 -76 233.14 235.8 0 1 0 -0.160742 0 -0.986996 -0.986996 0 0.160742 cilindr.dat
1 77 -116 231.531 225.932 0 1 0 0.160742 0 0.986996 0.986996 0 -0.160742 bald2r.dat
1 77 -117.837 296.101 249.132 0.923879 0.382683 0 -0.0615136 0.148506 -0.986996 -0.377707 0.911865 0.160742 vntscorp.dat
1 77 -99.304 280.821 217.523 -0.923879 0.382683 0 0.0615136 0.148506 0.986996 0.377707 0.911865 -0.160742 chimtubo.dat
1 0 -99.251 266.769 193.472 -0.923879 0.382683 0 0.0615136 0.148506 0.986996 0.377707 0.911865 -0.160742 placa2.dat
1 77 -111.55 276.07 188.344 0 0.382683 -0.92388 -0.986996 0.148506 0.0615135 0.160743 0.911865 0.377707 piquito.dat
1 77 -130.028 277.298 195.901 0 0.382683 -0.92388 -0.986996 0.148506 0.0615135 0.160743 0.911865 0.377707 piquito.dat
1 77 -105.538 286.803 254.258 0.923879 0.382683 0 -0.0615136 0.148506 -0.986996 -0.377707 0.911865 0.160742 chimplac.dat
1 77 79.136 293.852 235.329 0.92388 -0.382683 0 0.0615136 0.148506 -0.986996 0.377707 0.911865 0.160742 vntscorp.dat
1 77 97.559 281.029 218.83 0.92388 -0.382683 0 0.0615136 0.148506 -0.986996 0.377707 0.911865 0.160742 chimtubo.dat
1 0 97.503 286.722 191.559 0.92388 -0.382683 0 0.0615136 0.148506 -0.986996 0.377707 0.911865 0.160742 placa2.dat
1 77 109.806 276.28 189.649 0 -0.382683 -0.92388 -0.986996 0.148506 -0.0615136 0.160742 0.911865 -0.377707 piquito.dat
1 77 128.283 277.51 197.202 0 -0.382683 -0.92388 -0.986996 0.148506 -0.0615136 0.160742 0.911865 -0.377707 piquito.dat
1 77 85.314 285.785 248.008 0.92388 -0.382683 0 0.0615136 0.148506 -0.986996 0.377707 0.911865 0.160742 chimplac.dat
1 15 60 309.214 197.902 0 -1 0 0.317305 0 -0.948324 0.948324 0 0.317305 baldgord.dat
1 15 60 321.909 235.837 0 -1 0 0.317305 0 -0.948324 0.948324 0 0.317305 baldgord.dat
1 15 60 258.734 299.154 0 -1 0 -0.317305 0 0.948324 -0.948324 0 -0.317305 baldgord.dat
1 15 60 246.041 261.22 0 -1 0 -0.317305 0 0.948324 -0.948324 0 -0.317305 baldgord.dat
1 15 60 227.003 204.322 0 -1 0 0.948324 0 0.317305 -0.317305 0 0.948324 placa2.dat
1 15 60 302.869 178.936 0 -1 0 0.317305 0 -0.948324 0.948324 0 0.317305 bald2r.dat
1 15 59.999 227.077 267.566 0 -1 0 -0.317305 0 0.948324 -0.948324 0 -0.317305 bald1.dat
1 15 36 220.73 248.6 0 -1 0 0.948324 0 0.317305 -0.317305 0 0.948324 jacena4.dat
1 15 36 265.007 254.875 0 -1 0 0.948324 0 0.317305 -0.317305 0 0.948324 jacen2x2.dat
1 15 68 201.691 191.701 0 -1 0 0.948324 0 0.317305 -0.317305 0 0.948324 bald2x2r.dat
1 15 68 239.625 179.01 0 -1 0 0.948324 0 0.317305 -0.317305 0 0.948324 bald2x2r.dat
1 15 52 296.595 223.217 0 -1 0 0.317305 0 -0.948324 0.948324 0 0.317305 placa2x3.dat
1 15 36 296.595 223.217 0 -1 0 -0.948324 0 -0.317305 0.317305 0 -0.948324 cuna.dat
1 15 60 208.038 210.666 0 -1 0 0.948324 0 0.317305 -0.317305 0 0.948324 placa1.dat
1 15 -36 258.663 235.91 0 1 0 0.948324 0 -0.317305 -0.317305 0 -0.948324 cuna.dat
1 15 -36 265.007 254.875 0 1 0 0.317305 0 0.948324 0.948324 0 -0.317305 jacen2x2.dat
1 15 -27.999 252.318 216.941 0 1 0 0.317305 0 0.948324 0.948324 0 -0.317305 placa2x8.dat
1 15 -36 328.328 318.047 0 1 0 -0.948324 0 0.317305 0.317305 0 0.948324 placa2x3.dat
1 15 -20.001 328.328 318.047 0 1 0 -0.948324 0 0.317305 0.317305 0 0.948324 placa2x3.dat
1 15 36 341.018 355.982 0 -1 0 -0.948324 0 -0.317305 0.317305 0 -0.948324 placa2x3.dat
1 15 -28 303.086 368.675 0 1 0 -0.317305 0 -0.948324 -0.948324 0 0.317305 placa4.dat
1 15 -36 246.114 324.468 0 1 0 0.948324 0 -0.317305 -0.317305 0 -0.948324 placa4.dat
1 15 -44 246.114 324.468 0 1 0 0.948324 0 -0.317305 -0.317305 0 -0.948324 placa4.dat
1 15 -52 239.767 305.5 0 1 0 0.317305 0 0.948324 0.948324 0 -0.317305 bald2.dat
1 15 -52 277.701 292.807 0 1 0 0.317305 0 0.948324 0.948324 0 -0.317305 bald2.dat
1 15 -20 315.635 280.116 0 1 0 -0.948324 0 0.317305 0.317305 0 0.948324 placa2x3.dat
1 15 -20 315.635 280.116 0 1 0 -0.317305 0 -0.948324 -0.948324 0 0.317305 placa2x2.dat
1 15 -20 302.941 242.182 0 1 0 -0.317305 0 -0.948324 -0.948324 0 0.317305 placa2x2.dat
1 15 28.001 290.249 204.249 0 -1 0 0.317305 0 -0.948324 0.948324 0 0.317305 placa2x8.dat
1 15 28 277.701 292.807 0 -1 0 0.317305 0 -0.948324 0.948324 0 0.317305 placa4.dat
1 15 36 321.981 299.081 0 -1 0 -0.948324 0 -0.317305 0.317305 0 -0.948324 placa4.dat
1 15 44 321.981 299.081 0 -1 0 -0.948324 0 -0.317305 0.317305 0 -0.948324 placa4.dat
1 15 52 284.047 311.773 0 -1 0 -0.317305 0 0.948324 -0.948324 0 -0.317305 bald2.dat
1 15 52 246.114 324.467 0 -1 0 -0.317305 0 0.948324 -0.948324 0 -0.317305 bald2.dat
1 15 20 290.249 204.249 0 -1 0 0.317305 0 -0.948324 0.948324 0 0.317305 placa2x2.dat
1 15 20 302.941 242.182 0 -1 0 0.317305 0 -0.948324 0.948324 0 0.317305 placa2x2.dat
1 15 20 328.328 318.047 0 -1 0 -0.948324 0 -0.317305 0.317305 0 -0.948324 placa2x3.dat
1 15 20 341.018 355.982 0 -1 0 -0.948324 0 -0.317305 0.317305 0 -0.948324 placa2x3.dat
1 15 -60 334.601 273.77 0 1 0 -0.317305 0 -0.948324 -0.948324 0 0.317305 baldgord.dat
1 15 -60 321.909 235.837 0 1 0 -0.317305 0 -0.948324 -0.948324 0 0.317305 baldgord.dat
1 15 -60 309.214 197.901 0 1 0 -0.317305 0 -0.948324 -0.948324 0 0.317305 bald2r.dat
1 15 -60.001 233.351 223.288 0 1 0 0.317305 0 0.948324 0.948324 0 -0.317305 baldgord.dat
1 15 -36 296.595 223.218 0 1 0 -0.948324 0 0.317305 0.317305 0 0.948324 jacena4.dat
1 15 -60 239.694 242.254 0 1 0 -0.948324 0 0.317305 0.317305 0 0.948324 bald1.dat
1 15 -68 239.625 179.01 0 1 0 -0.948324 0 0.317305 0.317305 0 0.948324 bald2x2r.dat
1 15 -84 159.219 133.152 0 1 0 0.317305 0 0.948324 0.948324 0 -0.317305 baldgord.dat
1 7 -55.391 40.152 340.173 0 0.92388 -0.382683 -0.0697564 0.381752 0.921628 0.997563 0.0266947 0.0644465 baldgord.dat
1 7 -70.96 97.109 364.202 0.382683 0.92388 0 -0.921628 0.381752 -0.0697564 -0.0644465 0.0266947 0.997563 placa2.dat
1 7 -55.655 61.638 341.673 0 0.92388 -0.382683 -0.0697564 0.381752 0.921628 0.997563 0.0266947 0.0644465 placa1.dat
1 7 -86.006 112.488 365.276 0.382683 0.92388 0 -0.921628 0.381752 -0.0697564 -0.0644465 0.0266947 0.997563 placa2.dat
1 7 -71.225 119.99 345.754 0.382683 0.92388 0 -0.921628 0.381752 -0.0697564 -0.0644465 0.0266947 0.997563 placa2x3.dat
1 7 -78.614 115.544 365.491 0.382683 0.92388 0 -0.921628 0.381752 -0.0697564 -0.0644465 0.0266947 0.997563 placa1.dat
1 7 -78.352 95.45 344.038 -0.382683 0.92388 0 0.921628 0.381752 0.0697564 0.0644465 0.0266947 -0.997563 bispqarr.dat
1 7 -78.352 95.45 344.038 0.417717 0.111684 0.901687 -0.906433 0.119349 0.405134 -0.0623686 -0.98655 0.151088 bispqaba.dat
1 7 -93.397 108.039 385.014 0 0.92388 0.382683 0.0697564 0.381752 -0.921628 -0.997563 0.0266947 -0.0644465 bald2x2r.dat
1 7 93.397 112.807 356.944 0 -0.923879 -0.382683 -0.263032 0.369208 -0.891346 0.964787 0.100657 -0.243009 bald2x2r.dat
1 7 78.353 97.932 352.888 -0.382683 -0.923879 0 -0.891346 0.369208 0.263032 -0.243009 0.100657 -0.964787 bispqarr.dat
1 7 78.353 97.932 352.888 0.382683 -0.353553 -0.853554 0.891346 0.3843 0.240447 0.243009 -0.852827 0.462204 bispqaba.dat
1 7 70.96 90.367 392.287 -0.382683 -0.923879 0 -0.891346 0.369208 0.263032 -0.243009 0.100657 -0.964787 placa2.dat
1 7 78.614 108.192 397.145 -0.382683 -0.923879 0 -0.891346 0.369208 0.263032 -0.243009 0.100657 -0.964787 placa1.dat
1 7 86.005 105.239 396.341 -0.382683 -0.923879 0 -0.891346 0.369208 0.263032 -0.243009 0.100657 -0.964787 placa2.dat
1 7 63.308 77.8 368.128 -0.382683 -0.923879 0 -0.891346 0.369208 0.263032 -0.243009 0.100657 -0.964787 placa1.dat
1 7 71.224 111.148 397.948 -0.382683 -0.923879 0 -0.891346 0.369208 0.263032 -0.243009 0.100657 -0.964787 placa2x3.dat
1 77 -85.533 106.959 276.601 0.387903 0.901686 -0.19103 -0.9123 0.405134 0.0597803 0.131296 0.151088 0.979762 deposito.dat
1 77 56.899 103.354 284.487 0.382683 -0.853554 0.353553 0.891346 0.240447 -0.3843 0.243009 0.462204 0.852827 deposito.dat
1 77 -92.743 103.715 275.385 0.387903 0.901686 -0.19103 -0.9123 0.405134 0.0597803 0.131296 0.151088 0.979762 bald2x2r.dat
1 77 63.728 101.43 280.793 0.382683 -0.853554 0.353553 0.891346 0.240447 -0.3843 0.243009 0.462204 0.852827 bald2x2r.dat
1 7 -88.252 101.277 321.321 -0.387903 0.19103 -0.901687 0.9123 -0.0597803 -0.405134 -0.131296 -0.979762 -0.151088 chimenea.dat
1 77 -88.808 86.666 297.612 0.387903 0.19103 0.901686 -0.9123 -0.0597803 0.405134 0.131296 -0.979762 0.151088 enganch2.dat
1 77 -96.567 104.912 294.983 0.387903 0.19103 0.901686 -0.9123 -0.0597803 0.405134 0.131296 -0.979762 0.151088 enganch2.dat
1 7 82.229 113.668 330.228 -0.382683 -0.353553 0.853554 -0.891346 0.3843 -0.240447 -0.243009 -0.852827 -0.462204 chimplac.dat
1 7 85.057 110.59 337.051 -0.382683 -0.353553 0.853554 -0.891346 0.3843 -0.240447 -0.243009 -0.852827 -0.462204 chimplac.dat
1 77 70.798 93.747 297.848 0.382683 -0.353553 -0.853554 0.891346 0.3843 0.240447 0.243009 -0.852827 0.462204 enganch2.dat
1 77 78.452 111.571 302.71 0.382683 -0.353553 -0.853554 0.891346 0.3843 0.240447 0.243009 -0.852827 0.462204 enganch2.dat
1 7 -48 41.812 360.336 0 1 0 0.0697565 0 -0.997565 -0.997565 0 -0.0697565 bispqaba.dat
1 7 -48 41.812 360.336 0 0.92388 0.382683 0.0697564 0.381752 -0.921628 -0.997563 0.0266947 -0.0644465 bispqarr.dat
1 7 55.39 33.932 376.9 0 -0.923879 0.382683 0.263032 0.369208 0.891346 -0.964787 0.100657 0.243009 baldgord.dat
1 7 47.999 42.148 358.408 0 -1 0 -0.263032 0 -0.964787 0.964787 0 -0.263032 bispqaba.dat
1 7 47.999 42.148 358.408 0 -0.923879 -0.382683 -0.263032 0.369208 -0.891346 0.964787 0.100657 -0.243009 bispqarr.dat
1 15 -92.001 247.775 145.702 0 1 0 -0.317305 0 -0.948324 -0.948324 0 0.317305 bald2x2r.dat
1 15 -84 228.811 152.048 0 1 0 -0.317305 0 -0.948324 -0.948324 0 0.317305 placa2.dat
1 15 -76.001 228.811 152.048 0 1 0 -0.317305 0 -0.948324 -0.948324 0 0.317305 placa2x2.dat
1 15 -68.001 228.811 152.048 0 1 0 -0.317305 0 -0.948324 -0.948324 0 0.317305 placa2x2.dat
1 15 -60 184.532 145.772 0 1 0 0.948324 0 -0.317305 -0.317305 0 -0.948324 placa2.dat
1 15 -68 216.117 114.112 0 1 0 0.317305 0 0.948324 0.948324 0 -0.317305 vntscorp.dat
1 15 92 235.086 107.767 0 -1 0 0.317305 0 -0.948324 0.948324 0 0.317305 bald2x2r.dat
1 15 84 216.117 114.112 0 -1 0 0.317305 0 -0.948324 0.948324 0 0.317305 placa2.dat
1 15 68 216.117 114.112 0 -1 0 0.317305 0 -0.948324 0.948324 0 0.317305 placa2x2.dat
1 15 60 178.186 126.806 0 -1 0 0.948324 0 0.317305 -0.317305 0 0.948324 placa2.dat
1 15 75.999 216.117 114.112 0 -1 0 0.317305 0 -0.948324 0.948324 0 0.317305 placa2x2.dat
