0 Untitled
0 Name: Teleco.ldr
0 Author: MLCad
0 Unofficial Model
0 ROTATION CENTER 0 0 0 1 "Custom" 
0 ROTATION CONFIG 0 0
1 15 -253.226 5.169 -252.829 0.569997 -0.821647 0 0.580992 0.403049 -0.707107 0.580992 0.403049 0.707107 alaafmed.dat
1 15 -180 89.732 -168.266 0 -0.821647 0.569997 0.707107 0.403049 0.580992 -0.707107 0.403049 0.580992 bispqarr.dat
1 15 -180 89.732 -168.266 0 0 -1 -0.707107 0.707107 0 0.707107 0.707107 0 bispqaba.dat
1 15 -100 89.733 -168.267 0 0 -1 -0.707107 0.707107 0 0.707107 0.707107 0 popa6rem.dat
1 15 -100 89.733 -168.267 0 0 1 0.707107 0.707107 0 -0.707107 0.707107 0 popa6rem.dat
1 8 -260 444 -82.001 -1 0 0 0 1 0 0 0 -1 proa6p.dat
1 8 -260 444 -82.001 1 0 0 0 1 0 0 0 1 proa6p.dat
1 15 -240 436 -82.001 0 0 -1 0 1 0 1 0 0 enganch2.dat
1 15 -240 436 -102.001 0 0 -1 0 1 0 1 0 0 enganch2.dat
1 15 -260 436 -62.001 0 0 1 0 1 0 -1 0 0 pico.dat
1 15 -220 412 -102.001 0 0 -1 0 1 0 1 0 0 bald2x2.dat
1 8 -100 444 87.999 0 0 1 0 1 0 -1 0 0 proa6p.dat
1 8 -100 444 87.999 0 0 -1 0 1 0 1 0 0 proa6p.dat
1 8 60 444 -82.001 1 0 0 0 1 0 0 0 1 proa6p.dat
1 8 60 444 -82.001 -1 0 0 0 1 0 0 0 -1 proa6p.dat
1 7 -200 436 -182.001 -1 0 0 0 1 0 0 0 -1 baldc4in.dat
1 7 -200 436 17.999 0 0 -1 0 1 0 1 0 0 baldc4in.dat
1 7 0 436 17.999 1 0 0 0 1 0 0 0 1 baldc4in.dat
1 7 0 436 -182.001 0 0 1 0 1 0 -1 0 0 baldc4in.dat
1 7 -160 436 17.999 0 0 -1 0 1 0 1 0 0 baldc2x2.dat
1 7 -160 444 -102.001 0 0 -1 0 1 0 1 0 0 baldc2x2.dat
1 7 0 444 -102.001 0 0 -1 0 1 0 1 0 0 baldc2x2.dat
1 7 -160 436 -222.001 0 0 -1 0 1 0 1 0 0 baldc2x2.dat
1 8 -180 444 -182.001 -1 0 0 0 1 0 0 0 -1 placa2.dat
1 8 -120 444 -32.001 0 0 1 0 1 0 -1 0 0 placa2x8.dat
1 8 -120 444 27.999 0 0 1 0 1 0 -1 0 0 placa2x3.dat
1 8 -120 452 -132.001 0 0 1 0 1 0 -1 0 0 placa2x8.dat
1 8 -120 452 127.999 0 0 1 0 1 0 -1 0 0 placa2x8.dat
1 8 -80 452 -102.001 1 0 0 0 1 0 0 0 1 placa2x8.dat
1 8 -280 452 -102.001 1 0 0 0 1 0 0 0 1 placa2x8.dat
1 8 20 444 -182.001 -1 0 0 0 1 0 0 0 -1 placa2.dat
1 8 -180 444 37.999 -1 0 0 0 1 0 0 0 -1 placa2.dat
1 8 20 444 37.999 -1 0 0 0 1 0 0 0 -1 placa2.dat
1 8 -120 444 -162.001 -1 0 0 0 1 0 0 0 -1 placa4.dat
1 8 -120 444 -122.001 -1 0 0 0 1 0 0 0 -1 placa4.dat
1 8 0 444 -162.001 -1 0 0 0 1 0 0 0 -1 placa4.dat
1 8 0 444 -122.001 -1 0 0 0 1 0 0 0 -1 placa4.dat
1 8 -120 444 -22.001 -1 0 0 0 1 0 0 0 -1 placa4.dat
1 8 0 444 -22.001 -1 0 0 0 1 0 0 0 -1 placa4.dat
1 8 -120 444 17.999 -1 0 0 0 1 0 0 0 -1 placa4.dat
1 8 -40 436 -12.001 -1 0 0 0 1 0 0 0 -1 placa4x6.dat
1 8 -80 444 -52.001 0 0 1 0 1 0 -1 0 0 placa2x3.dat
1 8 -140 452 -182.001 0 0 -1 0 1 0 1 0 0 placa2x3.dat
1 8 -240 452 -202.001 0 0 -1 0 1 0 1 0 0 placa2x3.dat
1 8 -240 452 -22.001 0 0 -1 0 1 0 1 0 0 placa2x3.dat
1 8 80 452 -202.001 0 0 -1 0 1 0 1 0 0 placa2x3.dat
1 8 20 452 -232.001 -1 0 0 0 1 0 0 0 -1 placa2x3.dat
1 8 -160 452 -232.001 -1 0 0 0 1 0 0 0 -1 placa2x3.dat
1 8 -160 452 107.999 -1 0 0 0 1 0 0 0 -1 placa2x3.dat
1 8 20 452 107.999 -1 0 0 0 1 0 0 0 -1 placa2x3.dat
1 8 80 452 -22.001 0 0 -1 0 1 0 1 0 0 placa2x3.dat
1 8 -180 452 -202.001 0 0 -1 0 1 0 1 0 0 placa4.dat
1 8 -140 452 -42.001 0 0 -1 0 1 0 1 0 0 placa2x3.dat
1 8 -20 452 -42.001 0 0 -1 0 1 0 1 0 0 placa2x3.dat
1 8 -180 452 -42.001 0 0 -1 0 1 0 1 0 0 placa4.dat
1 8 0 452 -42.001 0 0 -1 0 1 0 1 0 0 placa4.dat
1 8 0 452 -202.001 0 0 -1 0 1 0 1 0 0 placa4.dat
1 8 -20 452 -182.001 0 0 -1 0 1 0 1 0 0 placa2x3.dat
1 8 -160 444 -52.001 0 0 1 0 1 0 -1 0 0 placa2x3.dat
1 8 -80 436 -92.001 0 0 1 0 1 0 -1 0 0 placa2x3.dat
1 8 -120 436 -92.001 0 0 1 0 1 0 -1 0 0 placa2x3.dat
1 8 -160 436 -92.001 0 0 1 0 1 0 -1 0 0 placa2x3.dat
1 8 0 444 17.999 -1 0 0 0 1 0 0 0 -1 placa4.dat
1 7 0 436 17.999 0 0 -1 0 1 0 1 0 0 baldc2x2.dat
1 7 -20 428 -32.001 0 0 -1 0 1 0 1 0 0 baldc2x2.dat
1 7 -20 428 -172.001 0 0 -1 0 1 0 1 0 0 baldc2x2.dat
1 7 -60 428 -172.001 0 0 -1 0 1 0 1 0 0 baldc2x2.dat
1 7 -100 428 -172.001 0 0 -1 0 1 0 1 0 0 baldc2x2.dat
1 7 -140 428 -172.001 0 0 -1 0 1 0 1 0 0 baldc2x2.dat
1 7 -140 428 -32.001 0 0 -1 0 1 0 1 0 0 baldc2x2.dat
1 7 -140 428 -52.001 0 0 -1 0 1 0 1 0 0 baldc2.dat
1 7 -140 428 -132.001 0 0 -1 0 1 0 1 0 0 baldc2.dat
1 7 -20 428 -132.001 0 0 -1 0 1 0 1 0 0 baldc2.dat
1 7 -20 428 -52.001 0 0 -1 0 1 0 1 0 0 baldc2.dat
1 7 -40 428 -72.001 -1 0 0 0 1 0 0 0 -1 baldc2.dat
1 7 -140 428 -72.001 -1 0 0 0 1 0 0 0 -1 baldc2.dat
1 7 -80 428 -52.001 0 0 1 0 1 0 -1 0 0 baldc2.dat
1 7 -160 428 -52.001 0 0 1 0 1 0 -1 0 0 baldc2.dat
1 7 -100 428 -32.001 0 0 -1 0 1 0 1 0 0 baldc2x2.dat
1 7 -60 428 -32.001 0 0 -1 0 1 0 1 0 0 baldc2x2.dat
1 7 0 436 -222.001 0 0 -1 0 1 0 1 0 0 baldc2x2.dat
1 7 -80 436 -272.001 0 0 -1 0 1 0 1 0 0 baldc2x2.dat
1 7 -80 436 67.999 0 0 -1 0 1 0 1 0 0 baldc2x2.dat
1 15 -140 436 67.999 0 0 -1 0 1 0 1 0 0 pico.dat
1 15 -180 436 107.999 0 0 1 0 1 0 -1 0 0 pico.dat
1 15 -20 436 -272.001 0 0 -1 0 1 0 1 0 0 pico.dat
1 15 -60 436 -232.001 0 0 1 0 1 0 -1 0 0 pico.dat
1 15 -140 436 -272.001 0 0 -1 0 1 0 1 0 0 pico.dat
1 15 -180 436 -232.001 0 0 1 0 1 0 -1 0 0 pico.dat
1 15 -20 436 67.999 0 0 -1 0 1 0 1 0 0 pico.dat
1 15 -60 436 107.999 0 0 1 0 1 0 -1 0 0 pico.dat
1 7 -280 436 -102.001 0 0 1 0 1 0 -1 0 0 baldc4x6.dat
1 7 -280 436 17.999 0 0 1 0 1 0 -1 0 0 baldc4x6.dat
1 7 -40 436 -102.001 0 0 1 0 1 0 -1 0 0 baldc4x6.dat
1 7 -40 436 17.999 0 0 1 0 1 0 -1 0 0 baldc4x6.dat
1 7 -160 436 67.999 0 0 1 0 1 0 -1 0 0 baldc4x6.dat
1 7 -160 436 -152.001 0 0 1 0 1 0 -1 0 0 baldc4x6.dat
1 8 -100 444 -252.001 0 0 1 0 1 0 -1 0 0 proa6p.dat
1 8 -100 444 -252.001 0 0 -1 0 1 0 1 0 0 proa6p.dat
1 15 -100 154.787 -131.497 -1 0 0 0 0.707107 0.707107 0 0.707107 -0.707107 skycab.dat
1 15 -80 324 -102 -1 0 0 0 -1 0 0 0 1 pinzaesq.dat
1 15 -120 324 -102 0 0 1 0 -1 0 1 0 0 pinzaesq.dat
1 15 -120 324 -62 0 0 1 0 -1 0 1 0 0 pinzastr.dat
1 15 -120 324 -102 -1 0 0 0 -1 0 0 0 1 pinzastr.dat
1 15 -80 324 -62 1 0 0 0 -1 0 0 0 -1 pinzastr.dat
1 15 -80 324 -102 0 0 -1 0 -1 0 -1 0 0 pinzastr.dat
1 15 -80 324 -62 0 0 -1 0 -1 0 -1 0 0 jacen2x2.dat
1 15 -80 428 -112 0 0 -1 0 1 0 1 0 0 jacen2x3.dat
1 15 -80 404 -112 0 0 -1 0 1 0 1 0 0 placa2x3.dat
1 15 -60 396 -162 0 0 -1 0 1 0 1 0 0 placa4x8.dat
1 15 -20 396 -162 0 0 -1 0 1 0 1 0 0 placa2x8.dat
1 15 -140 396 -162 0 0 -1 0 1 0 1 0 0 placa2x8.dat
1 15 -20 388 -2 -1 0 0 0 1 0 0 0 -1 baldc4x8.dat
1 15 -100 388 -2 -1 0 0 0 1 0 0 0 -1 baldc4x8.dat
1 15 -40 380 -62 -1 0 0 0 1 0 0 0 -1 placa2x3.dat
1 15 -100 380 -62 -1 0 0 0 1 0 0 0 -1 placa2x3.dat
1 15 -80 372 -62 -1 0 0 0 1 0 0 0 -1 placa2x2.dat
1 15 -80 364 -62 -1 0 0 0 1 0 0 0 -1 enganc2.dat
1 15 -100 364 -62 -1 0 0 0 1 0 0 0 -1 enganc2.dat
1 15 -100 364 -82 -1 0 0 0 1 0 0 0 -1 enganc2.dat
1 15 -80 364 -82 -1 0 0 0 1 0 0 0 -1 enganc2.dat
1 15 -120 420 -2 -1 0 0 0 1 0 0 0 -1 vntscorp.dat
1 15 -40 420 -2 -1 0 0 0 1 0 0 0 -1 vntscorp.dat
1 15 -80 420 -2 -1 0 0 0 1 0 0 0 -1 vntscorp.dat
1 15 -170 420 -22 0 0 1 0 1 0 -1 0 0 vntscorp.dat
1 15 -170 420 -102 0 0 1 0 1 0 -1 0 0 vntscorp.dat
1 15 -160 420 -162 1 0 0 0 1 0 0 0 1 vntscorp.dat
1 15 -80 420 -162 1 0 0 0 1 0 0 0 1 vntscorp.dat
1 15 -120 420 -162 1 0 0 0 1 0 0 0 1 vntscorp.dat
1 15 -30 420 -142 0 0 -1 0 1 0 1 0 0 vntscorp.dat
1 15 -30 420 -102 0 0 -1 0 1 0 1 0 0 vntscorp.dat
1 15 -30 420 -62 0 0 -1 0 1 0 1 0 0 vntscorp.dat
1 15 -170 420 -62 0 0 1 0 1 0 -1 0 0 vntscorp.dat
1 15 -80 268 -62 0 0 -1 0 -1 0 -1 0 0 jacen2x2.dat
1 15 -80 228 -62 0 0 -1 0 -1 0 -1 0 0 placa2x2.dat
1 15 -80 260 -62 0 0 -1 0 -1 0 -1 0 0 placa2x2.dat
1 15 -100 236 -62 1 0 0 0 -1 0 0 0 -1 enganch2.dat
1 15 -110 246 -62 0 0 -1 1 0 0 0 -1 0 chimenea.dat
1 15 -90 246 -62 0 0 -1 1 0 0 0 -1 0 chimenea.dat
1 15 -80 215.987 -54.009 0 0 -1 0.980785 0.19509 0 0.19509 -0.980785 0 placa2x3.dat
1 15 -80 194.81 -50.065 0 0 -1 0.980785 0.19509 0 0.19509 -0.980785 0 placa4.dat
1 15 -100 194.81 -50.065 0 0 -1 0.980785 0.19509 0 0.19509 -0.980785 0 placa4.dat
1 15 -80 291.328 -22.709 -1 0 0 0 0.19509 -0.980785 0 -0.980785 -0.19509 bald2x2r.dat
1 15 -120 252.097 -30.513 0 0 1 -0.980785 0.19509 0 -0.19509 -0.980785 0 bald2x2.dat
1 15 -120 236 -62 1 0 0 0 -1 0 0 0 -1 enganch2.dat
1 15 -100 236 -102 -1 0 0 0 -1 0 0 0 1 enganch2.dat
1 15 -90 246 -102 0 0 1 1 0 0 0 1 0 chimenea.dat
1 15 -110 246 -102 0 0 1 1 0 0 0 1 0 chimenea.dat
1 15 -120.001 215.987 -109.991 0 0 1 0.980785 0.19509 0 -0.19509 0.980785 0 placa2x3.dat
1 15 -120.001 291.328 -141.291 1 0 0 0 0.19509 -0.980785 0 0.980785 0.19509 bald2x2r.dat
1 15 -120.001 273.273 -129.543 1 0 0 0 0.19509 -0.980785 0 0.980785 0.19509 placa2.dat
1 15 -80.001 214.426 -117.837 -1 0 0 0 0.19509 0.980785 0 0.980785 -0.19509 baldgord.dat
1 15 -80 236 -102 -1 0 0 0 -1 0 0 0 1 enganch2.dat
1 15 -120 324 -62 1 0 0 0 -1 0 0 0 -1 pinzaesq.dat
1 15 -80 324 -62 0 0 -1 0 -1 0 -1 0 0 pinzaesq.dat
1 15 -60 316 -22 0 0 -1 0 -1 0 -1 0 0 placa4x6.dat
1 15 -100 292 -42 0 0 -1 0 -1 0 -1 0 0 vntscorp.dat
1 15 -120 292 -22 1 0 0 0 -1 0 0 0 -1 jacena2.dat
1 15 -120 292 -122 1 0 0 0 -1 0 0 0 -1 jacena2.dat
1 15 -100 292 -82 0 0 -1 0 -1 0 -1 0 0 vntscorp.dat
1 15 -100 292 -122 0 0 1 0 -1 0 1 0 0 vntscorp.dat
1 15 -100 292 -82 0 0 1 0 -1 0 1 0 0 vntscorp.dat
1 15 -40 316 -62 0 0 -1 0 -1 0 -1 0 0 placa2.dat
1 15 -140 316 -62 0 0 -1 0 -1 0 -1 0 0 placa2.dat
1 15 -140 316 -102 0 0 -1 0 -1 0 -1 0 0 placa2.dat
1 15 -40 316 -102 0 0 -1 0 -1 0 -1 0 0 placa2.dat
1 15 -40 316 -22 0 0 -1 0 -1 0 -1 0 0 placa2.dat
1 15 -140 316 -22 0 0 -1 0 -1 0 -1 0 0 placa2.dat
1 15 -144 316 -82 0 -1 0 0 0 1 -1 0 0 helcab.dat
1 15 -164 276 -42 0 0 1 1 0 0 0 1 0 puertabl.dat
1 15 -164 316 -114 1 0 0 0 0 -1 0 1 0 bald2.dat
1 15 -36 316 -42 0 0 -1 -1 0 0 0 1 0 puertabl.dat
1 15 -36 276 -114 -1 0 0 0 0 1 0 1 0 bald2.dat
1 15 -128 296 -42 0 -1 0 0 0 1 -1 0 0 placa4.dat
1 15 -136 296 -42 0 -1 0 0 0 1 -1 0 0 placa4.dat
1 15 -72 316 -42 0 1 0 0 0 -1 -1 0 0 placa4.dat
1 15 -64 316 -42 0 1 0 0 0 -1 -1 0 0 placa4.dat
1 15 -80 154.786 -131.497 0 0 -1 0.707107 -0.707107 0 -0.707107 -0.707107 0 enganch2.dat
1 15 -120 168.928 -145.64 0 0 1 -0.707107 -0.707107 0 0.707107 -0.707107 0 enganch2.dat
1 15 -120 171.757 -114.526 0 0 1 -0.707107 -0.707107 0 0.707107 -0.707107 0 respirad.dat
1 15 -120 185.899 -128.668 0 0 1 -0.707107 -0.707107 0 0.707107 -0.707107 0 bald2.dat
1 15 -80 140.644 -117.355 0 0 -1 0.707107 -0.707107 0 -0.707107 -0.707107 0 enganch2.dat
1 15 -120 154.786 -131.497 0 0 1 -0.707107 -0.707107 0 0.707107 -0.707107 0 enganch2.dat
1 15 -80 126.502 -103.212 0 0 -1 0.707107 -0.707107 0 -0.707107 -0.707107 0 enganch2.dat
1 15 -120 140.644 -117.355 0 0 1 -0.707107 -0.707107 0 0.707107 -0.707107 0 enganch2.dat
1 15 -120 120.845 -108.869 0 0 1 0.707107 0.707107 0 -0.707107 0.707107 0 placa2x3.dat
1 15 -120 168.929 -145.639 1 0 0 0 0.707107 -0.707107 0 0.707107 0.707107 placa2.dat
1 15 -120 115.189 -114.526 0 0 1 0.707107 0.707107 0 -0.707107 0.707107 0 placa2x2.dat
1 15 -80 143.472 -142.811 1 0 0 0 0.707107 -0.707107 0 0.707107 0.707107 alfapico.dat
1 15 -120 140.644 -117.355 0 1 0 0.707107 0 -0.707107 -0.707107 0 -0.707107 popa6p.dat
1 15 -128 154.786 -74.929 0 1 0 0.707107 0 -0.707107 -0.707107 0 -0.707107 bald2x2.dat
1 15 -72 183.071 -103.212 0 -1 0 -0.707107 0 -0.707107 0.707107 0 -0.707107 bald2x2.dat
1 15 -80 140.644 -117.355 0 -1 0 -0.707107 0 -0.707107 0.707107 0 -0.707107 popa6p.dat
1 383 -100 175.999 -82 -1 0 0 0 0.707107 -0.707107 0 -0.707107 -0.707107 eje5.dat
1 15 -120 109.532 -120.183 0 0 1 0.707107 0.707107 0 -0.707107 0.707107 0 placa2x2.dat
1 15 -60 103.875 -125.84 -1 0 0 0 0.707107 0.707107 0 0.707107 -0.707107 jacen2x4.dat
1 15 -80 120.845 -108.869 0 0 1 0.707107 0.707107 0 -0.707107 0.707107 0 jacena2.dat
1 15 -140 120.845 -108.869 0 0 1 0.707107 0.707107 0 -0.707107 0.707107 0 jacena2.dat
1 15 -150 436.355 97.522 0 0 -1 0 1 0 1 0 0 chimenea.dat
1 15 -150 422.512 96.931 0 0 -1 -0.19509 0.980785 0 0.980785 0.19509 0 chimenea.dat
1 15 -170 436.355 97.522 0 0 -1 0 1 0 1 0 0 chimenea.dat
1 15 -170 422.512 96.931 0 0 -1 -0.19509 0.980785 0 0.980785 0.19509 0 chimenea.dat
1 15 -140 419.752 65.983 0 0 -1 -0.382683 0.92388 0 0.92388 0.382683 0 placa2x2.dat
1 15 -180 392.76 107.002 1 0 0 0 -0.382683 -0.92388 0 0.92388 -0.382683 helcolhu.dat
1 15 -109.999 320.486 -16.473 1 0 0 0 0.19509 0.980785 0 -0.980785 0.19509 escalera.dat
1 15 -231 436 -102 0 -1 0 0 0 -1 1 0 0 helcolhu.dat
1 15 -240 436 -102 0 -1 0 0 0 -1 1 0 0 placa2.dat
1 15 -175 196 -82 0 -1 0 -1 0 0 0 0 -1 vntscorp.dat
1 15 -183 196 -62 0 -1 0 -1 0 0 0 0 -1 placa2x2.dat
1 15 31 436 -62 0 1 0 0 0 -1 -1 0 0 helcolhu.dat
1 15 -17 196 -102 0 1 0 -1 0 0 0 0 1 placa2x2.dat
1 15 -175 156 -82 0 -1 0 1 0 0 0 0 1 vntscorp.dat
1 15 -151 156 -102 0 -1 0 1 0 0 0 0 1 respirad.dat
1 15 -160 183.564 -47.243 0 0 1 0.980785 -0.19509 0 0.19509 0.980785 0 chimenea.dat
1 15 -160 179.661 -33.663 0 0 1 0.92388 -0.382683 0 0.382683 0.92388 0 chimenea.dat
1 15 -170 436.15 -261.779 0 0 1 0 1 0 -1 0 0 chimenea.dat
1 15 -170 422.307 -261.188 0 0 1 -0.19509 0.980785 0 -0.980785 -0.19509 0 chimenea.dat
1 15 -150 436.15 -261.779 0 0 1 0 1 0 -1 0 0 chimenea.dat
1 15 -150 422.307 -261.188 0 0 1 -0.19509 0.980785 0 -0.980785 -0.19509 0 chimenea.dat
1 15 -180 419.93 -229.315 0 0 1 -0.382683 0.92388 0 -0.92388 -0.382683 0 placa2x2.dat
1 15 -140 392.014 -269.951 -1 0 0 0 -0.382683 -0.92388 0 -0.92388 0.382683 helcolhu.dat
1 15 -160 184.678 -116.315 0 0 -1 0.980785 -0.19509 0 -0.19509 -0.980785 0 chimenea.dat
1 15 -159.999 179.851 -129.513 0 0 -1 0.92388 -0.382683 0 -0.382683 -0.92388 0 chimenea.dat
1 15 40 436 -82.001 0 0 1 0 1 0 -1 0 0 enganch2.dat
1 15 40 436 -62.001 0 0 1 0 1 0 -1 0 0 enganch2.dat
1 15 60 436 -102.001 0 0 -1 0 1 0 1 0 0 pico.dat
1 15 20 412 -62.001 0 0 1 0 1 0 -1 0 0 bald2x2.dat
1 15 -50.001 436.355 -261.524 0 0 1 0 1 0 -1 0 0 chimenea.dat
1 15 -50.001 422.512 -260.933 0 0 1 -0.19509 0.980785 0 -0.980785 -0.19509 0 chimenea.dat
1 15 -30 436.355 -261.523 0 0 1 0 1 0 -1 0 0 chimenea.dat
1 15 -30 422.512 -260.934 0 0 1 -0.19509 0.980785 0 -0.980785 -0.19509 0 chimenea.dat
1 15 -60 419.752 -229.984 0 0 1 -0.382683 0.92388 0 -0.92388 -0.382683 0 placa2x2.dat
1 15 -20 391.836 -270.621 -1 0 0 0 -0.382683 -0.92388 0 -0.92388 0.382683 helcolhu.dat
1 15 39.999 436 -62.002 0 1 0 0 0 -1 -1 0 0 placa2.dat
1 15 -20 436 67.999 0 0 -1 0 1 0 1 0 0 pico.dat
1 15 -25 196 -82.002 0 1 0 -1 0 0 0 0 1 vntscorp.dat
1 15 -25 156 -82.002 0 1 0 1 0 0 0 0 -1 vntscorp.dat
1 15 -49 156 -62.002 0 1 0 1 0 0 0 0 -1 respirad.dat
1 15 -40 183.564 -116.759 0 0 -1 0.980785 -0.19509 0 -0.19509 -0.980785 0 chimenea.dat
1 15 -40 178.737 -129.956 0 0 -1 0.92388 -0.382683 0 -0.382683 -0.92388 0 chimenea.dat
1 15 -30 436.15 97.777 0 0 -1 0 1 0 1 0 0 chimenea.dat
1 15 -30 422.307 97.186 0 0 -1 -0.19509 0.980785 0 0.980785 0.19509 0 chimenea.dat
1 15 -50 436.15 97.777 0 0 -1 0 1 0 1 0 0 chimenea.dat
1 15 -50 422.307 97.186 0 0 -1 -0.19509 0.980785 0 0.980785 0.19509 0 chimenea.dat
1 15 -19.999 419.547 66.238 0 0 -1 -0.382683 0.92388 0 0.92388 0.382683 0 placa2x2.dat
1 15 -60 392.015 105.95 1 0 0 0 -0.382683 -0.92388 0 0.92388 -0.382683 helcolhu.dat
1 15 -40 184.678 -47.687 0 0 1 0.980785 -0.19509 0 0.19509 0.980785 0 chimenea.dat
1 15 -40.001 179.851 -34.489 0 0 1 0.92388 -0.382683 0 0.382683 0.92388 0 chimenea.dat
1 15 -120 216 -81 0 0 -1 0 1 0 1 0 0 bispqarr.dat
1 15 -80 208 -101 0 0 -1 0 1 0 1 0 0 bald2x2.dat
1 15 -56 316 -82 0 1 0 0 0 1 1 0 0 helcab.dat
1 15 -80 216 -80.999 0 0 1 0 1 0 -1 0 0 bispqarr.dat
1 15 -100 84.077 -173.924 0 -1 0 0.707107 0 0.707107 -0.707107 0 0.707107 conotanq.dat
1 15 -100 70.642 -187.359 0 0 1 0.707107 0.707107 0 -0.707107 0.707107 0 laser.dat
1 15 -90 101.753 -198.672 -0.461749 0 -0.887011 -0.627211 0.707107 0.326506 0.627211 0.707107 -0.326506 antnincl.dat
1 15 -70 73.469 -170.388 -0.887011 0 0.461749 0.326506 0.707107 0.627211 -0.326506 0.707107 -0.627211 antnincl.dat
1 15 -130 87.611 -184.53 0.887011 0 -0.461749 -0.326506 0.707107 -0.627211 0.326506 0.707107 0.627211 antnincl.dat
1 15 -110.001 59.327 -156.246 0.461749 0 0.887011 0.627211 0.707107 -0.326506 -0.627211 0.707107 0.326506 antnincl.dat
1 15 -20 86.904 -142.81 -1 0 0 0 0.707107 0.707107 0 0.707107 -0.707107 placa2x8.dat
1 15 -160 92.561 -137.154 0 0 1 0.707107 0.707107 0 -0.707107 0.707107 0 placa2.dat
1 15 -50 105.289 -138.568 0 0 1 0.707107 0.707107 0 -0.707107 0.707107 0 chimplac.dat
1 15 -50 99.632 -144.225 0.0697565 0 -0.997564 -0.705384 0.707107 -0.0493253 0.705384 0.707107 0.0493253 chimplac.dat
1 15 -150 105.289 -138.568 -0.121869 0 -0.992546 -0.701836 0.707107 0.0861744 0.701836 0.707107 -0.0861744 chimplac.dat
1 15 -50 113.774 -158.367 0.121869 0 0.992546 0.701836 0.707107 -0.0861744 -0.701836 0.707107 0.0861744 chimplac.dat
1 15 -150 119.431 -152.71 -0.0697565 0 0.997564 0.705384 0.707107 0.0493253 -0.705384 0.707107 -0.0493253 chimplac.dat
1 15 -60 81.247 -148.467 -1 0 0 0 0.707107 0.707107 0 0.707107 -0.707107 placa4.dat
1 15 -60 95.39 -162.609 -1 0 0 0 0.707107 0.707107 0 0.707107 -0.707107 placa4.dat
0 Untitled
0 Name: Teleco.ldr
0 Author: MLCad
0 Unofficial Model
0 Untitled
0 Name: Teleco.ldr
0 Author: MLCad
0 Unofficial Model
1 15 -176.006 -89.413 -158.251 0.277644 -0.400222 0.873347 0.932994 -0.104359 -0.34443 0.22899 0.910457 0.34443 alaafmed.dat
1 15 -140.335 40.372 -118.91 -0.873347 -0.400222 0.277644 0.34443 -0.104359 0.932994 -0.34443 0.910457 0.22899 bispqarr.dat
1 15 -140.335 40.372 -118.91 0.873347 0 -0.487098 -0.34443 0.707107 -0.61755 0.34443 0.707107 0.61755 bispqaba.dat
1 15 -138.318 83.276 -139.187 0.873347 0 -0.487098 -0.34443 0.707107 -0.61755 0.34443 0.707107 0.61755 placa2x2.dat
1 15 -134.456 84.971 -118.254 0.873347 0 -0.487098 -0.34443 0.707107 -0.61755 0.34443 0.707107 0.61755 chimplac.dat
1 15 -116.989 72.426 -117.022 0.817647 0 -0.575719 -0.407095 0.707107 -0.578164 0.407095 0.707107 0.578164 chimplac.dat
1 15 -134.456 79.314 -123.911 -0.905198 0 0.42499 0.300513 0.707107 0.640072 -0.300513 0.707107 -0.640072 chimplac.dat
0 Untitled
0 Name: Teleco.ldr
0 Author: MLCad
0 Unofficial Model
0 Untitled
0 Name: Teleco.ldr
0 Author: MLCad
0 Unofficial Model
1 15 -22.51 -88.33 -159.383 -0.292291 0.421334 0.858512 0.927014 -0.0957408 0.362599 0.23497 0.901838 -0.362599 alaafmed.dat
1 15 -60.06 40.686 -119.274 -0.858512 0.421334 -0.292291 -0.362599 -0.0957408 0.927014 0.362599 0.901838 0.23497 bispqarr.dat
1 15 -60.06 40.686 -119.274 0.858512 0 0.512792 0.362599 0.707107 -0.60706 -0.362599 0.707107 0.60706 bispqaba.dat
1 15 -97.742 69.031 -124.991 0.858512 0 0.512792 0.362599 0.707107 -0.60706 -0.362599 0.707107 0.60706 placa2x2.dat
1 15 -97.742 74.688 -119.334 0.858512 0 0.512792 0.362599 0.707107 -0.60706 -0.362599 0.707107 0.60706 placa2.dat
1 15 -66.859 85.152 -118.485 0.914606 0 0.404343 0.285914 0.707107 -0.646724 -0.285914 0.707107 0.646724 chimplac.dat
1 15 -84.029 77.901 -111.233 -0.830498 0 -0.55702 -0.393873 0.707107 0.587251 0.393873 0.707107 -0.587251 chimplac.dat
1 15 53.123 5.121 -252.877 -0.569997 0.821647 0 0.580992 0.403049 0.707107 0.580992 0.403049 -0.707107 alaafmed.dat
1 15 -20.104 89.685 -168.315 0 0.821647 -0.569997 -0.707107 0.403049 0.580992 0.707107 0.403049 0.580992 bispqarr.dat
1 15 -20.104 89.685 -168.315 0 0 1 0.707107 0.707107 0 -0.707107 0.707107 0 bispqaba.dat
1 15 -24.097 99.701 -347.461 -0.277644 0.400222 -0.873347 0.22899 0.910457 0.34443 0.932994 -0.104359 -0.34443 alaafmed.dat
1 15 -59.768 139.041 -217.675 0.873347 0.400222 -0.277644 -0.34443 0.910457 0.22899 0.34443 -0.104359 0.932994 bispqarr.dat
1 15 -59.768 139.041 -217.675 -0.873347 0 0.487098 0.34443 0.707107 0.61755 -0.34443 0.707107 -0.61755 bispqaba.dat
1 15 -61.785 118.764 -174.77 -0.873347 0 0.487098 0.34443 0.707107 0.61755 -0.34443 0.707107 -0.61755 placa2x2.dat
1 15 -61.785 124.421 -169.113 -0.873347 0 0.487098 0.34443 0.707107 0.61755 -0.34443 0.707107 -0.61755 placa2.dat
1 15 -65.647 139.697 -173.076 0.905198 0 -0.42499 -0.300513 0.707107 -0.640072 0.300513 0.707107 0.640072 chimplac.dat
1 15 -83.113 146.586 -179.965 -0.817647 0 0.575719 0.407095 0.707107 0.578164 -0.407095 0.707107 -0.578164 chimplac.dat
1 15 -177.593 98.569 -346.377 0.292291 -0.421334 -0.858512 0.23497 0.901838 -0.362599 0.927014 -0.0957408 0.362599 alaafmed.dat
1 15 -140.043 138.676 -217.36 0.858512 -0.421334 0.292291 0.362599 0.901838 0.23497 -0.362599 -0.0957408 0.927014 bispqarr.dat
1 15 -140.043 138.676 -217.36 -0.858512 0 -0.512792 -0.362599 0.707107 0.60706 0.362599 0.707107 -0.60706 bispqaba.dat
1 15 -102.361 132.96 -189.016 -0.858512 0 -0.512792 -0.362599 0.707107 0.60706 0.362599 0.707107 -0.60706 placa2x2.dat
1 15 -116.074 146.717 -180.147 -0.858512 0 -0.512792 -0.362599 0.707107 0.60706 0.362599 0.707107 -0.60706 chimplac.dat
1 15 -133.244 133.809 -178.551 -0.899938 0 -0.436016 -0.30831 0.707107 0.636352 0.30831 0.707107 -0.636352 chimplac.dat
1 15 -116.074 141.06 -185.803 0.82065 0 0.57143 0.404062 0.707107 -0.580287 -0.404062 0.707107 0.580287 chimplac.dat
0 Untitled
0 Name: Teleco.ldr
0 Author: MLCad
0 Unofficial Model
0
