0 Untitled
0 Name: TelecoSat.ldr
0 Author: MLCad
0 Unofficial Model
0 ROTATION CENTER 0 0 0 1 "Custom" 
0 ROTATION CONFIG 0 0
1 0 -70 -150 82 0 0 1 1 0 0 0 1 0 baldc4x6.dat
1 0 -20 -110 90 0 0 1 1 0 0 0 1 0 bispqarr.dat
1 0 0 -110 90 0 0 -1 -1 0 0 0 1 0 bispqarr.dat
1 0 -70 -250 82 0 0 1 1 0 0 0 1 0 baldc4x6.dat
1 0 -20 -200 90 0 0 1 1 0 0 0 1 0 bispqarr.dat
1 0 0 -200 90 0 0 -1 -1 0 0 0 1 0 bispqarr.dat
1 0 -10 8 20 1 0 0 0 0 -1 0 1 0 popa4p.dat
1 0 -10 8 20 -1 0 0 0 0 1 0 1 0 popa4p.dat
1 0 -10 8 12 1 0 0 0 0 -1 0 1 0 popa4p.dat
1 0 -10 8 12 -1 0 0 0 0 1 0 1 0 popa4p.dat
1 0 10 -12 4 -1 0 0 0 0 1 0 1 0 respirad.dat
1 7 36.853 103.745 -6.811 -0.296037 0.642154 0.707107 -0.908143 -0.41866 0 0.296037 -0.642154 0.707107 soprtmar.dat
1 0 47.127 97.046 -17.084 -0.296037 0.642154 0.707107 -0.908143 -0.41866 0 0.296037 -0.642154 0.707107 rotorsup.dat
1 0 -10 9 142 -1 0 0 0 0 1 0 1 0 toberast.dat
1 0 -30 8 20 1 0 0 0 1 0 0 0 1 enganch2.dat
1 0 -30 0 60 0 0 1 0 1 0 -1 0 0 pico.dat
1 0 -50 8 60 0 0 1 0 1 0 -1 0 0 bisnrarr.dat
1 0 -50 8 60 0 0 1 0 -1 0 1 0 0 bisnrarr.dat
1 0 30 8 60 0 0 -1 0 1 0 1 0 0 bisnrarr.dat
1 0 30 8 60 0 0 -1 0 1 0 1 0 0 bisnreje.dat
1 0 30 8 100 0 0 -1 0 1 0 1 0 0 bisnreje.dat
1 0 -50 8 60 0 0 -1 0 1 0 1 0 0 bisnreje.dat
1 0 -50 8 100 0 0 1 0 1 0 -1 0 0 bisnrarr.dat
1 0 -50 8 100 0 0 1 0 -1 0 1 0 0 bisnrarr.dat
1 0 -50 8 100 0 0 -1 0 1 0 1 0 0 bisnreje.dat
1 7 -129.308 3 29.218 0.421036 -0.907044 0 0 0 1 -0.907044 -0.421036 0 antnincl.dat
1 7 0.042 45.9 30 0.707104 0.00185132 -0.707107 0.00261817 -0.999997 0 -0.707104 -0.00185132 -0.707107 antnincl.dat
1 7 -19.564 -37 29.85 -0.83147 0 0.55557 0 1 0 -0.55557 0 -0.83147 antnincl.dat
1 8 -148.357 3 20.375 0.421036 -0.907044 0 0 0 1 -0.907044 -0.421036 0 cilintap.dat
1 383 -20 -127 90 0 1 0 1 0 0 0 0 -1 eje75.dat
1 383 0 -127 90 0 1 0 1 0 0 0 0 -1 eje75.dat
1 0 30 8 60 0 0 -1 0 -1 0 -1 0 0 bisnrarr.dat
1 0 30 8 100 0 0 -1 0 1 0 1 0 0 bisnrarr.dat
1 0 30 8 100 0 0 -1 0 -1 0 -1 0 0 bisnrarr.dat
1 0 101.692 12 -16.346 -0.496216 0.868198 0 0 0 -1 -0.868198 -0.496216 0 trfposte.dat
1 8 119.053 12 -26.271 -0.496216 0.868198 0 0 0 -1 -0.868198 -0.496216 0 cilintap.dat
1 0 10 0 20 0 0 -1 0 1 0 1 0 0 pico.dat
1 0 30 8 20 0 0 -1 0 1 0 1 0 0 placa1.dat
1 0 30 8 120 0 0 -1 0 1 0 1 0 0 placa1.dat
1 0 30 8 140 0 0 -1 0 -1 0 -1 0 0 placa1.dat
1 0 -30 8 120 0 0 -1 0 1 0 1 0 0 placa1.dat
1 0 -30 8 140 0 0 -1 0 -1 0 -1 0 0 placa1.dat
1 0 10 16 60 0 0 -1 0 -1 0 -1 0 0 pico.dat
1 0 -29.999 16 20 0 0 1 0 -1 0 1 0 0 pico.dat
1 0 10 16 100 0 0 -1 0 -1 0 -1 0 0 pico.dat
1 0 -29.999 16 60 0 0 1 0 -1 0 1 0 0 pico.dat
1 0 -30 0 140 0 0 1 0 1 0 -1 0 0 pico.dat
1 0 -38 27.001 30 0 0 1 0 1 0 -1 0 0 engbarco.dat
1 0 10 0 100 0 0 -1 0 1 0 1 0 0 pico.dat
1 0 -30 0 100 0 0 1 0 1 0 -1 0 0 pico.dat
1 0 10 0 60 0 0 -1 0 1 0 1 0 0 pico.dat
1 0 -30 24 120 1 0 0 0 1 0 0 0 1 vntscorp.dat
1 0 10 0 120 -1 0 0 0 1 0 0 0 -1 rallado2.dat
1 0 10 -24 20 0 0 -1 0 1 0 1 0 0 remate_2.dat
1 0 10 -32 20 0 0 -1 0 1 0 1 0 0 baldc1.dat
1 0 -30 -24 100 0 0 1 0 1 0 -1 0 0 remate_2.dat
1 0 -20 -32 90 1 0 0 0 1 0 0 0 1 chimplac.dat
1 15 -23.561 -83.345 27.706 0.55557 0.571292 0.604125 0 0.726575 -0.687088 -0.83147 0.381725 0.403663 radarp.dat
1 15 -34.369 -61.593 36.072 0.75418 0.155703 -0.637942 -0.421036 0.860171 -0.287809 0.503927 0.485656 0.71428 radarp.dat
1 15 -15.403 -42.977 43.417 0.926133 0.376549 0.0220991 -0.297717 0.765704 -0.570142 -0.231608 0.521448 0.821249 radarp.dat
1 0 50 166 82 0 0 -1 -1 0 0 0 1 0 baldc4x6.dat
1 0 0 126 90 0 0 -1 -1 0 0 0 1 0 bispqarr.dat
1 0 -20 126 90 0 0 1 1 0 0 0 1 0 bispqarr.dat
1 0 50 266 82 0 0 -1 -1 0 0 0 1 0 baldc4x6.dat
1 0 0 216 90 0 0 -1 -1 0 0 0 1 0 bispqarr.dat
1 0 -20 216 90 0 0 1 1 0 0 0 1 0 bispqarr.dat
1 383 0 143 89.999 0 -1 0 -1 0 0 0 0 -1 eje75.dat
1 383 -20 143 89.999 0 -1 0 -1 0 0 0 0 -1 eje75.dat
1 0 0 48 89.999 -1 0 0 0 -1 0 0 0 1 chimplac.dat
1 0 -30 -24 100 1 0 0 0 1 0 0 0 1 baldc2x2.dat
1 0 -30 0 120 0 0 1 0 1 0 -1 0 0 jacen2x4.dat
1 0 -30 24 80 0 0 1 0 -1 0 1 0 0 placa2x3.dat
1 0 -30 16 40 0 0 1 0 -1 0 1 0 0 placa4.dat
1 0 -10 16 40 0 0 1 0 -1 0 1 0 0 placa4.dat
1 0 -30 32 20 0 0 1 0 -1 0 1 0 0 placa2x2.dat
1 0 -20 40 30 0 0 1 0 -1 0 1 0 0 piquito.dat
1 0 -30 32 100 0 0 1 0 -1 0 1 0 0 placa2x2.dat
1 0 -30 24 40 0 0 1 0 -1 0 1 0 0 placa2x2.dat
1 0 -30 32 60 0 0 1 0 -1 0 1 0 0 placa2x2.dat
1 0 -20 40 60 0 0 -1 0 -1 0 -1 0 0 pastilla.dat
1 0 10 40 40 -1 0 0 0 -1 0 0 0 1 bald2.dat
1 0 10 40 100 -1 0 0 0 -1 0 0 0 1 bald2x2.dat
1 0 -30 40 100 1 0 0 0 -1 0 0 0 -1 placa2.dat
1 15 -10 -22 4 -0.92388 0 0.382683 0.382683 0 0.92388 0 1 0 panelast.dat
1 0 10 40 80 -1 0 0 0 -1 0 0 0 1 placa2.dat
1 0 -30 16 80 1 0 0 0 -1 0 0 0 -1 placa2x2.dat
1 0 10 16 140 0 0 -1 0 -1 0 -1 0 0 pico.dat
1 0 -29.999 16 100 0 0 1 0 -1 0 1 0 0 pico.dat
1 0 -10 8 20 -1 0 0 0 -1 0 0 0 1 enganch2.dat
1 0 -10 8 20 1 0 0 0 1 0 0 0 1 enganch2.dat
1 0 10 8 20 -1 0 0 0 -1 0 0 0 1 enganch2.dat
0
