0 Untitled
0 Name: TieFighterRoto.ldr
0 Author: MLCad
0 Unofficial Model
0 ROTATION CENTER 0 0 0 1 "Custom" 
0 ROTATION CONFIG 0 0
1 8 -195.339 32.656 14.422 0.14659 0.988361 0.040653 -0.952415 0.152123 -0.264128 -0.267238 0 0.96363 amortigu.dat
1 8 -167.455 61.855 0.495 0.14659 0.988361 0.040653 -0.952415 0.152123 -0.264128 -0.267238 0 0.96363 placa2x2.dat
1 8 -171.617 36.307 14.422 -0.040653 -0.14659 0.988361 0.264128 0.952415 0.152123 -0.96363 0.267238 0 conotanq.dat
1 0 -211.587 -19.548 -38.367 -0.0244525 0.988361 -0.150145 0.158871 0.152123 0.975509 0.986996 0 -0.160742 placa4x6.dat
1 8 -226.965 27.789 14.422 -0.0244525 0.988361 -0.150145 0.158871 0.152123 0.975509 0.986996 0 -0.160742 rotorinf.dat
1 0 -228.011 34.588 -67.751 0.150145 0.988361 -0.0244525 -0.975509 0.152123 0.158871 0.160742 0 0.986996 baldc2x2.dat
1 0 -231.505 57.274 -51.226 0.150145 0.988361 -0.0244525 -0.975509 0.152123 0.158871 0.160742 0 0.986996 baldc2.dat
1 0 -232.483 63.631 -11.746 0.150145 0.988361 -0.0244525 -0.975509 0.152123 0.158871 0.160742 0 0.986996 baldc2.dat
1 0 -233.95 73.166 47.473 0.0244525 0.988361 0.150145 -0.158871 0.152123 -0.975509 -0.986996 0 0.160742 baldc1.dat
1 0 -233.948 73.164 47.474 0.150145 0.988361 -0.0244525 -0.975509 0.152123 0.158871 0.160742 0 0.986996 placa1.dat
1 0 -224.449 11.454 37.378 0.150145 0.988361 -0.0244525 -0.975509 0.152123 0.158871 0.160742 0 0.986996 baldc2.dat
1 0 -224.449 11.454 37.378 -0.0244525 0.988361 -0.150145 0.158871 0.152123 0.975509 0.986996 0 -0.160742 baldc2.dat
1 0 -222.983 1.922 -21.84 -0.0244525 0.988361 -0.150145 0.158871 0.152123 0.975509 0.986996 0 -0.160742 baldc2.dat
1 0 -217.957 -30.744 24.069 -0.0244525 0.988361 -0.150145 0.158871 0.152123 0.975509 0.986996 0 -0.160742 baldc2.dat
1 0 -230.945 53.652 50.688 0.150145 0.988361 -0.0244525 -0.975509 0.152123 0.158871 0.160742 0 0.986996 baldc2x2.dat
1 0 -223.963 8.276 17.636 0.0244525 0.988361 0.150145 -0.158871 0.152123 -0.975509 -0.986996 0 0.160742 baldc4in.dat
1 8 -112.312 45.436 14.422 0.14659 -0.988361 -0.040653 -0.952415 -0.152123 0.264128 -0.267238 0 -0.96363 amortigu.dat
1 8 -146.061 54.333 39.04 0.14659 -0.988361 -0.040653 -0.952415 -0.152123 0.264128 -0.267238 0 -0.96363 placa2x2.dat
1 8 -136.036 41.783 14.422 0.040653 -0.14659 -0.988361 -0.264128 0.952415 -0.152123 0.96363 0.267238 0 conotanq.dat
1 0 -111.679 -11.774 19.001 0.522498 -0.787737 -0.326291 0.85264 0.482726 0.199951 0 -0.382683 0.92388 bisnrarr.dat
1 0 -111.679 -11.774 19.001 -0.522498 -0.85264 0 -0.85264 0.522498 0 0 0 -1 bisnrarr.dat
1 0 -111.679 -11.774 19.001 -0.522498 -0.85264 0 -0.85264 0.522498 0 0 0 -1 bisnreje.dat
1 0 -80.33 39.384 59 -0.522498 -0.85264 0 -0.85264 0.522498 0 0 0 -1 bisnreje.dat
1 0 -80.328 39.385 -41 0 -0.85264 -0.522498 0 0.522498 -0.85264 1 0 0 placa2x3.dat
1 0 -80.328 39.385 59 -0.522498 -0.85264 0 -0.85264 0.522498 0 0 0 -1 bisnrarr.dat
1 0 -80.328 39.385 59 0.522498 -0.836257 -0.166341 0.85264 0.512459 0.101934 0 -0.19509 0.980786 bisnrarr.dat
1 0 -69.885 56.438 -21 0 -0.85264 0.522498 0 0.522498 0.85264 -1 0 0 bispqarr.dat
1 0 -69.84 56.412 99.792 -0.522498 -0.836257 0.166341 -0.85264 0.512459 -0.101934 0 -0.19509 -0.980786 baldc2x2.dat
1 0 -83.956 18.151 -1.001 0 -0.85264 0.522498 0 0.522498 0.85264 -1 0 0 baldc2.dat
1 0 -83.956 18.151 59 0 -0.85264 0.522498 0 0.522498 0.85264 -1 0 0 baldc2.dat
1 0 -63.058 52.256 -21.001 -0.522498 -0.85264 0 -0.85264 0.522498 0 0 0 -1 baldc2x2.dat
1 8 -73.508 35.203 19 0 -0.85264 -0.522498 0 0.522498 -0.85264 1 0 0 rotorinf.dat
1 0 -83.956 18.151 19 -0.522498 -0.85264 0 -0.85264 0.522498 0 0 0 -1 baldc4in.dat
1 0 -84.478 18.47 22.062 -0.326291 -0.787737 -0.522498 0.199951 0.482726 -0.85264 0.92388 -0.382683 0 baldc4in.dat
1 0 -155.209 48.026 -18.341 0.040653 -0.988361 0.14659 -0.264128 -0.152123 -0.952415 0.96363 0 -0.267238 nrutemb2.dat
1 8 -145.518 54.083 -109.446 -0.040653 0.988361 0.14659 0.264128 0.152123 -0.952415 -0.96363 0 -0.267238 nrutllnt.dat
1 8 -142.149 28.91 -17.903 -0.14659 -0.040653 -0.988361 0.952415 0.264128 -0.152123 0.267238 -0.96363 0 placa2.dat
1 8 -141.824 26.8 -10.195 -0.14659 -0.040653 -0.988361 0.952415 0.264128 -0.152123 0.267238 -0.96363 0 enganch2.dat
1 8 -140.523 18.347 20.642 -0.14659 -0.040653 -0.988361 0.952415 0.264128 -0.152123 0.267238 -0.96363 0 placa2.dat
1 8 -140.848 20.459 12.935 -0.14659 -0.040653 -0.988361 0.952415 0.264128 -0.152123 0.267238 -0.96363 0 placa2.dat
1 8 -167.455 61.855 0.495 0.14659 -0.040653 0.988361 -0.952415 0.264128 0.152123 -0.267238 -0.96363 0 enganch2.dat
1 8 -136.179 55.855 39.041 -0.988361 -0.040653 0.14659 -0.152123 0.264128 -0.952415 0 -0.96363 -0.267238 respirad.dat
1 0 -330.026 88.438 219 -1 0 0 0 1 0 0 0 -1 bald1.dat
1 0 49.974 88.438 219 -1 0 0 0 1 0 0 0 -1 bald1.dat
1 0 -330.026 88.438 -161 -1 0 0 0 1 0 0 0 -1 bald1.dat
1 0 -170.026 88.438 -161 1 0 0 0 1 0 0 0 1 pico.dat
1 0 -210.026 88.438 -161 1 0 0 0 1 0 0 0 1 pico.dat
1 0 -250.026 88.438 -161 1 0 0 0 1 0 0 0 1 pico.dat
1 0 -290.026 88.438 -161 1 0 0 0 1 0 0 0 1 pico.dat
1 0 -330.026 88.438 -161 1 0 0 0 1 0 0 0 1 pico.dat
1 0 -10.026 88.438 -161 1 0 0 0 1 0 0 0 1 pico.dat
1 0 -50.026 88.438 -161 1 0 0 0 1 0 0 0 1 pico.dat
1 0 -90.026 88.438 -161 1 0 0 0 1 0 0 0 1 pico.dat
1 0 -130.026 88.438 -161 1 0 0 0 1 0 0 0 1 pico.dat
1 0 29.974 88.438 -1 0 0 -1 0 1 0 1 0 0 pico.dat
1 0 29.974 88.438 -41 0 0 -1 0 1 0 1 0 0 pico.dat
1 0 29.974 88.438 -81.001 0 0 -1 0 1 0 1 0 0 pico.dat
1 0 29.974 88.438 -121 0 0 -1 0 1 0 1 0 0 pico.dat
1 0 29.974 88.438 -161 0 0 -1 0 1 0 1 0 0 pico.dat
1 0 29.974 88.438 159 0 0 -1 0 1 0 1 0 0 pico.dat
1 0 29.974 88.438 119 0 0 -1 0 1 0 1 0 0 pico.dat
1 0 29.974 88.438 79.001 0 0 -1 0 1 0 1 0 0 pico.dat
1 0 29.974 88.438 39 0 0 -1 0 1 0 1 0 0 pico.dat
1 0 -130.026 88.438 199 -1 0 0 0 1 0 0 0 -1 pico.dat
1 0 -90.026 88.438 199 -1 0 0 0 1 0 0 0 -1 pico.dat
1 0 -50.025 88.438 199 -1 0 0 0 1 0 0 0 -1 pico.dat
1 0 -10.026 88.438 199 -1 0 0 0 1 0 0 0 -1 pico.dat
1 0 29.974 88.438 199 -1 0 0 0 1 0 0 0 -1 pico.dat
1 0 -290.026 88.438 199 -1 0 0 0 1 0 0 0 -1 pico.dat
1 0 -250.026 88.438 199 -1 0 0 0 1 0 0 0 -1 pico.dat
1 0 -210.027 88.438 199 -1 0 0 0 1 0 0 0 -1 pico.dat
1 0 -170.026 88.438 199 -1 0 0 0 1 0 0 0 -1 pico.dat
1 0 -330.026 88.438 39 0 0 1 0 1 0 -1 0 0 pico.dat
1 0 -330.026 88.438 79 0 0 1 0 1 0 -1 0 0 pico.dat
1 0 -330.026 88.438 119.001 0 0 1 0 1 0 -1 0 0 pico.dat
1 0 -330.026 88.438 159 0 0 1 0 1 0 -1 0 0 pico.dat
1 0 -330.026 88.438 199 0 0 1 0 1 0 -1 0 0 pico.dat
1 0 -330.026 88.438 -121 0 0 1 0 1 0 -1 0 0 pico.dat
1 0 -330.026 88.438 -81 0 0 1 0 1 0 -1 0 0 pico.dat
1 0 -330.026 88.438 -41.001 0 0 1 0 1 0 -1 0 0 pico.dat
1 0 -330.026 88.438 -1 0 0 1 0 1 0 -1 0 0 pico.dat
1 0 49.974 88.438 -161 -1 0 0 0 1 0 0 0 -1 bald1.dat
1 25 -130.025 72.438 -1 0 0 1 0 1 0 -1 0 0 baldgord.dat
1 25 -130.025 72.438 -41 0 0 1 0 1 0 -1 0 0 baldgord.dat
1 25 -90.025 72.438 -1 0 0 1 0 1 0 -1 0 0 placa2x2.dat
1 25 -90.025 72.438 -41 0 0 1 0 1 0 -1 0 0 placa2x2.dat
1 25 -90.025 64.438 -41 0 0 1 0 1 0 -1 0 0 bald2x2.dat
1 25 -70.025 56.438 -21 0 0 1 0 1 0 -1 0 0 bispqaba.dat
1 25 -130.025 80.438 -41 -1 0 0 0 1 0 0 0 -1 baldgord.dat
1 25 -210.025 72.438 -41 -1 0 0 0 1 0 0 0 -1 baldgord.dat
1 0 -210.025 80.438 -41 -1 0 0 0 1 0 0 0 -1 placa2x2.dat
1 0 -170.025 80.438 -81 0 0 -1 0 1 0 1 0 0 placa2.dat
1 0 -50.025 80.438 -81 0 0 -1 0 1 0 1 0 0 placa4x8.dat
1 0 -50.025 80.438 79 0 0 -1 0 1 0 1 0 0 placa4x6.dat
1 0 -170.025 80.438 79 0 0 -1 0 1 0 1 0 0 placa4x6.dat
1 25 -60.025 56.438 -1 0 0 1 0 1 0 -1 0 0 bald2x2r.dat
1 25 -60.025 56.438 -41 0 0 1 0 1 0 -1 0 0 bald2r.dat
1 25 -10.025 64.438 -1 0 0 1 0 1 0 -1 0 0 bald2x2.dat
1 25 -50.025 64.438 -1 0 0 1 0 1 0 -1 0 0 placa2.dat
1 25 -50.025 64.438 -41 0 0 1 0 1 0 -1 0 0 placa1.dat
1 25 -10.025 64.438 -41 0 0 1 0 1 0 -1 0 0 bald2.dat
1 25 -30.025 64.438 -41 1 0 0 0 1 0 0 0 1 bald2.dat
1 25 -30.025 64.438 39 1 0 0 0 1 0 0 0 1 bald2.dat
1 25 9.975 64.438 79 1 0 0 0 1 0 0 0 1 bald2.dat
1 25 -30.025 64.438 119 1 0 0 0 1 0 0 0 1 bald2.dat
1 25 -30.025 64.438 159 1 0 0 0 1 0 0 0 1 bald2.dat
1 25 -290.025 64.438 79 1 0 0 0 1 0 0 0 1 bald2.dat
1 25 -290.025 64.438 119 1 0 0 0 1 0 0 0 1 bald2.dat
1 25 -290.025 64.438 159 1 0 0 0 1 0 0 0 1 bald2.dat
1 25 -30.025 64.438 -61 1 0 0 0 1 0 0 0 1 bald1.dat
1 25 -50.025 64.438 -101 1 0 0 0 1 0 0 0 1 baldgord.dat
1 25 -50.025 64.438 -101 0 0 1 0 1 0 -1 0 0 bald2.dat
1 25 -10.025 64.438 -101 0 0 1 0 1 0 -1 0 0 bald2.dat
1 25 -10.025 64.438 -101 1 0 0 0 1 0 0 0 1 bald2x2.dat
1 25 29.975 64.438 -1 0 0 -1 0 1 0 1 0 0 baldgord.dat
1 25 -60.025 56.438 79 0 0 1 0 1 0 -1 0 0 bald2x2r.dat
1 25 -50.025 48.438 39 0 0 1 0 1 0 -1 0 0 bald2x2r.dat
1 0 -50.025 64.438 39 0 0 1 0 1 0 -1 0 0 placa2x2.dat
1 25 -30.025 56.438 39 0 0 1 0 1 0 -1 0 0 placa2.dat
1 25 -90.025 72.438 39 0 0 1 0 1 0 -1 0 0 baldgord.dat
1 25 -230.025 72.437 159 0 0 -1 0 1 0 1 0 0 baldgord.dat
1 25 -230.025 72.437 199 0 0 1 0 1 0 -1 0 0 baldgord.dat
1 25 -230.025 72.437 119 0 0 -1 0 1 0 1 0 0 baldgord.dat
1 25 -230.025 72.437 159 0 0 1 0 1 0 -1 0 0 baldgord.dat
1 25 -230.025 72.437 79 0 0 -1 0 1 0 1 0 0 baldgord.dat
1 25 -290.025 64.437 39 0 0 -1 0 1 0 1 0 0 bald2x2.dat
1 25 -250.025 64.437 -81 0 0 -1 0 1 0 1 0 0 bald2x2.dat
1 25 -290.025 64.437 -81 0 0 -1 0 1 0 1 0 0 bald2x2.dat
1 0 -303.091 48.437 -75.588 -0.382683 0 0.92388 0 -1 0 0.92388 0 0.382683 baldc2.dat
1 0 -266.385 56.437 94.866 0.382683 0 -0.92388 0 1 0 0.92388 0 0.382683 baldc2x2.dat
1 0 -4.144 56.437 126.953 0.92388 0 -0.382683 0 1 0 0.382683 0 0.92388 baldc2.dat
1 25 -290.025 64.437 -121 0 0 -1 0 1 0 1 0 0 bald2x2.dat
1 25 -290.025 64.437 -161 0 0 -1 0 1 0 1 0 0 bald2x2.dat
1 25 -290.025 64.437 119 0 0 -1 0 1 0 1 0 0 bald2x2.dat
1 25 -290.025 64.437 159 0 0 -1 0 1 0 1 0 0 bald2x2.dat
1 25 29.975 64.437 119 0 0 -1 0 1 0 1 0 0 bald2x2.dat
1 25 29.975 64.437 159 0 0 -1 0 1 0 1 0 0 bald2x2.dat
1 25 -290.025 64.437 79 0 0 -1 0 1 0 1 0 0 bald2x2.dat
1 25 -250.025 64.437 -161 0 0 -1 0 1 0 1 0 0 bald2x2.dat
1 25 -210.025 64.437 -161 0 0 -1 0 1 0 1 0 0 bald2x2.dat
1 25 -170.025 64.437 -161 0 0 -1 0 1 0 1 0 0 bald2x2.dat
1 25 -130.025 64.437 -161 0 0 -1 0 1 0 1 0 0 bald2x2.dat
1 25 -90.025 64.437 -161 0 0 -1 0 1 0 1 0 0 bald2x2.dat
1 25 -50.025 64.437 -161 0 0 -1 0 1 0 1 0 0 bald2x2.dat
1 25 -10.025 64.437 -161 0 0 -1 0 1 0 1 0 0 bald2x2.dat
1 25 29.975 64.437 -161 0 0 -1 0 1 0 1 0 0 bald2x2.dat
1 25 -290.025 64.437 79 0 0 1 0 1 0 -1 0 0 baldgord.dat
1 25 -270.025 72.437 69 -1 0 0 0 1 0 0 0 -1 placa2.dat
1 25 -290.025 80.437 79 -1 0 0 0 1 0 0 0 -1 bald2.dat
1 25 -250.025 64.437 39 -1 0 0 0 1 0 0 0 -1 baldgord.dat
1 25 -290.025 64.437 -41 1 0 0 0 1 0 0 0 1 baldgord.dat
1 25 -290.025 64.437 39 -1 0 0 0 1 0 0 0 -1 baldgord.dat
1 25 -330.025 64.437 -41 1 0 0 0 1 0 0 0 1 baldgord.dat
1 25 -250.025 56.437 -1 0 -1 0 0 0 1 -1 0 0 bald2x2r.dat
1 25 -250.025 56.437 39 0 -1 0 0 0 1 -1 0 0 bald2x2r.dat
1 0 -250.025 96.437 19 0 0 -1 0 1 0 1 0 0 enganch2.dat
1 0 -250.025 96.437 -1 0 0 -1 0 1 0 1 0 0 enganch2.dat
1 0 -250.025 96.437 -21 0 0 -1 0 1 0 1 0 0 enganch2.dat
1 0 -250.025 96.437 -41 0 0 -1 0 1 0 1 0 0 enganch2.dat
1 25 -230.025 72.437 119 0 0 1 0 1 0 -1 0 0 baldgord.dat
1 25 -70.026 72.438 159 0 0 -1 0 1 0 1 0 0 baldgord.dat
1 25 -70.026 72.438 199 0 0 1 0 1 0 -1 0 0 baldgord.dat
1 25 -70.026 64.438 119 0 0 1 0 1 0 -1 0 0 baldgord.dat
1 25 9.974 64.438 79 0 0 -1 0 1 0 1 0 0 baldgord.dat
1 25 -290.026 64.438 -81 0 0 1 0 1 0 -1 0 0 baldgord.dat
1 0 -86.681 56.438 -88.071 0.707107 0 0.707107 0 1 0 -0.707107 0 0.707107 helillnt.dat
1 25 -210.026 64.438 -121 0 0 -1 0 1 0 1 0 0 baldgord.dat
1 25 29.974 64.438 39 0 0 -1 0 1 0 1 0 0 bald2x2r.dat
1 25 -70.026 72.438 119 0 0 1 0 1 0 -1 0 0 placa2x2.dat
1 0 -50.026 80.438 119 0 0 1 0 1 0 -1 0 0 placa2.dat
1 0 -70.026 72.438 79 0 0 1 0 1 0 -1 0 0 placa2.dat
1 25 -50.026 80.438 199 0 0 1 0 1 0 -1 0 0 placa4.dat
1 25 -70.026 64.438 79 0 0 1 0 1 0 -1 0 0 placa2x2.dat
1 25 -70.026 72.438 159 0 0 1 0 1 0 -1 0 0 baldgord.dat
1 25 -70.026 72.438 119 0 0 -1 0 1 0 1 0 0 baldgord.dat
1 6 -190.025 72.437 139 0 0 -1 0 1 0 1 0 0 tejamcr3.dat
1 6 -110.025 72.437 199 0 0 1 0 1 0 -1 0 0 tejamcr3.dat
1 0 -170.025 80.437 199 0 0 1 0 1 0 -1 0 0 baldc2x2.dat
1 0 -170.025 80.437 159 0 0 1 0 1 0 -1 0 0 baldc2x2.dat
1 0 -170.025 80.437 119 0 0 1 0 1 0 -1 0 0 baldc2x2.dat
1 0 -170.025 80.437 79 0 0 1 0 1 0 -1 0 0 baldc2x2.dat
1 6 -190.025 72.437 79 0 0 -1 0 1 0 1 0 0 tejamcr3.dat
1 6 -110.025 72.437 139 0 0 1 0 1 0 -1 0 0 tejamcr3.dat
1 6 -190.025 72.437 39 0 0 -1 0 1 0 1 0 0 tejamcr2.dat
1 6 -110.025 72.437 79 0 0 1 0 1 0 -1 0 0 tejamcr2.dat
1 0 -170.025 80.437 39 0 0 1 0 1 0 -1 0 0 baldc2x2.dat
1 6 -190.025 72.437 -1 0 0 -1 0 1 0 1 0 0 tejamcr2.dat
1 6 -110.025 72.437 39 0 0 1 0 1 0 -1 0 0 tejamcr2.dat
1 25 -70.026 72.438 79 0 0 -1 0 1 0 1 0 0 baldgord.dat
1 25 -70.026 72.438 39 0 0 -1 0 1 0 1 0 0 baldgord.dat
1 25 -170.026 88.438 -41 1 0 0 0 1 0 0 0 1 bald2x2.dat
1 25 -190.026 88.438 -1 0 0 1 0 1 0 -1 0 0 placa2.dat
1 0 -190.026 80.438 79 0 0 1 0 1 0 -1 0 0 placa4.dat
1 25 -170.026 80.438 -1 -1 0 0 0 1 0 0 0 -1 bald2.dat
1 25 -214.026 56.438 79 0 1 0 1 0 0 0 0 -1 bald2.dat
1 25 -214.026 56.438 39 0 1 0 1 0 0 0 0 -1 bald2.dat
1 25 -190.026 66.438 69 0 1 0 0 0 -1 -1 0 0 jacena1.dat
1 25 -190.026 76.438 19 0 1 0 0 0 -1 -1 0 0 enganche.dat
1 0 -238.026 68.438 -1 0 -1 0 0 0 1 -1 0 0 rejilla.dat
1 25 -190.026 76.438 59 0 1 0 0 0 -1 -1 0 0 jacena2.dat
1 25 -90.026 72.438 39 -1 0 0 0 1 0 0 0 -1 bald2.dat
1 25 -250.025 72.438 59 0 0.988361 -0.152123 0 0.152123 0.988361 1 0 0 bispqaba.dat
1 25 -180.026 72.438 -41 0 0 -1 0 1 0 1 0 0 baldgord.dat
1 25 -170.026 72.438 -81 0 0 -1 0 1 0 1 0 0 baldgord.dat
1 25 -130.026 72.438 -81 -1 0 0 0 1 0 0 0 -1 baldgord.dat
1 25 -170.026 64.438 -81 -1 0 0 0 1 0 0 0 -1 bald2x2r.dat
1 25 -90.026 64.438 -81 -1 0 0 0 1 0 0 0 -1 bald2x2r.dat
1 25 -50.026 64.438 -81 -1 0 0 0 1 0 0 0 -1 bald2x2.dat
1 25 -210.026 80.438 -1 0 0 1 0 1 0 -1 0 0 placa4.dat
1 0 49.975 96.439 219 -1 0 0 0 1 0 0 0 -1 placa6x8.dat
1 0 -190.026 96.439 219 -1 0 0 0 1 0 0 0 -1 placa6x8.dat
1 0 -90.025 88.437 78.999 0 0 1 0 1 0 -1 0 0 placa2x8.dat
1 0 -50.025 88.437 78.999 0 0 1 0 1 0 -1 0 0 jacen2x8.dat
1 0 -10.025 88.437 78.999 0 0 1 0 1 0 -1 0 0 jacen2x8.dat
1 0 29.975 88.437 198.999 -1 0 0 0 1 0 0 0 -1 jacen2x3.dat
1 0 29.975 88.437 158.999 -1 0 0 0 1 0 0 0 -1 jacen2x3.dat
1 0 29.975 88.437 118.999 -1 0 0 0 1 0 0 0 -1 jacen2x3.dat
1 0 -250.025 88.437 -81.001 1 0 0 0 1 0 0 0 1 placa4.dat
1 0 -170.025 88.437 -81.001 1 0 0 0 1 0 0 0 1 placa2x2.dat
1 0 -170.025 88.437 -121.001 1 0 0 0 1 0 0 0 1 placa2x2.dat
1 0 -170.025 80.437 -121.001 1 0 0 0 1 0 0 0 1 placa2x2.dat
1 0 -130.025 88.437 -21.001 0 0 1 0 1 0 -1 0 0 placa2x3.dat
1 0 -130.025 88.437 38.999 0 0 1 0 1 0 -1 0 0 placa2x3.dat
1 0 -130.025 88.437 38.999 -1 0 0 0 1 0 0 0 -1 placa2x3.dat
1 0 -90.025 88.437 159 1 0 0 0 1 0 0 0 1 placa2x3.dat
1 0 -90.025 88.437 119 1 0 0 0 1 0 0 0 1 placa2x3.dat
1 0 -90.025 88.437 79 1 0 0 0 1 0 0 0 1 placa2x3.dat
1 0 -270.026 88.438 159 1 0 0 0 1 0 0 0 1 placa2x3.dat
1 0 -250.026 80.438 79 0 0 -1 0 1 0 1 0 0 placa4.dat
1 0 -250.026 80.438 159 0 0 -1 0 1 0 1 0 0 placa2.dat
1 0 -270.026 88.438 119 1 0 0 0 1 0 0 0 1 placa2x3.dat
1 0 -270.026 88.438 79 1 0 0 0 1 0 0 0 1 placa2x3.dat
1 0 -270.026 88.438 39 1 0 0 0 1 0 0 0 1 placa2x3.dat
1 0 -310.026 88.438 39 1 0 0 0 1 0 0 0 1 placa2x2.dat
1 0 -310.026 88.438 39 0 0 1 0 1 0 -1 0 0 jacen2x8.dat
1 0 -330.026 88.438 39 0 0 1 0 1 0 -1 0 0 jacena8.dat
1 0 -330.026 88.438 199 0 0 1 0 1 0 -1 0 0 jacena8.dat
1 0 -310.026 88.438 199 0 0 1 0 1 0 -1 0 0 jacen2x3.dat
1 0 -310.026 88.438 139 0 0 1 0 1 0 -1 0 0 jacen2x3.dat
1 0 -270.026 88.438 -41 0 0 1 0 1 0 -1 0 0 jacena4.dat
1 0 -330.026 88.438 -161 1 0 0 0 1 0 0 0 1 jacen2x8.dat
1 0 -170.026 88.438 -161 1 0 0 0 1 0 0 0 1 jacen2x8.dat
1 0 -130.026 88.438 -121 1 0 0 0 1 0 0 0 1 jacen2x8.dat
1 0 -250.026 88.438 -121 1 0 0 0 1 0 0 0 1 jacen2x4.dat
1 0 -10.026 88.438 -161 1 0 0 0 1 0 0 0 1 jacen2x2.dat
1 0 -270.026 72.438 39 0 0 1 0 1 0 -1 0 0 placa4.dat
1 0 -210.026 88.438 199 0 0 1 0 1 0 -1 0 0 placa6x8.dat
1 0 -250.026 72.438 59 0 0 -1 0 1 0 1 0 0 compuert.dat
1 0 -190.026 96.438 -61 -1 0 0 0 1 0 0 0 -1 placa6x8.dat
1 0 49.975 96.438 -61 -1 0 0 0 1 0 0 0 -1 placa6x8.dat
1 0 -70.026 96.438 99 0 0 1 0 1 0 -1 0 0 placa6x8.dat
1 0 -350.025 96.438 99 0 0 1 0 1 0 -1 0 0 placa4x8.dat
1 0 -230.025 96.438 39 0 0 -1 0 1 0 1 0 0 placa2x3.dat
1 0 -230.025 96.437 99 0 0 1 0 1 0 -1 0 0 placa4x8.dat
1 0 -150.025 96.438 99 0 0 1 0 1 0 -1 0 0 placa4x8.dat
1 0 -190.026 96.439 219 0 0 1 0 1 0 -1 0 0 placa4x6.dat
1 0 -190.026 96.438 -61 0 0 1 0 1 0 -1 0 0 placa4x6.dat
0 MLCAD ARROW 8 -65.835 30.502 39 0 0.522498 -0.85264 0 0.85264 0.522498 1 0 0  7 7 1 20  0 30 1 2  16 16
0 MLCAD SKIP_BEGIN
3 8 -65.835 30.502 38 -67.6637 27.5178 39 -64.0063 33.4862 39
4 8 -67.6637 27.5178 39 -67.6637 27.5178 59 -64.0063 33.4862 59 -64.0063 33.4862 39
0 MLCAD SKIP_END
0 MLCAD ARROW 8 -66.114 30.671 62.316 -0.166341 0.522498 -0.836257 0.101934 0.85264 0.512459 0.980786 0 -0.19509  7 7 1 40  0 30 1 2  16 16
0 MLCAD SKIP_BEGIN
3 8 -65.9477 30.5691 61.3352 -67.9427 27.6868 62.316 -64.2853 33.6552 62.316
4 8 -67.9427 27.6868 62.316 -74.5964 31.7641 101.547 -70.9389 37.7326 101.547 -64.2853 33.6552 62.316
0 MLCAD SKIP_END
0 MLCAD ARROW 8 -65.835 30.503 -1 0 -0.522498 -0.85264 0 -0.85264 0.522498 -1 0 0  7 7 1 60  0 30 1 2  16 16
0 MLCAD SKIP_BEGIN
3 8 -65.835 30.503 0 -64.0063 33.4872 -1 -67.6637 27.5188 -1
4 8 -64.0063 33.4872 -1 -64.0063 33.4872 -61 -67.6637 27.5188 -61 -67.6637 27.5188 -1
0 MLCAD SKIP_END
0 MLCAD ARROW 8 -76.445 13.187 3.93 -0.434442 -0.290284 -0.85264 -0.708944 -0.473701 0.522498 -0.55557 0.83147 0  7 7 1 61  0 30 1 2  16 16
0 MLCAD SKIP_BEGIN
3 8 -76.0106 13.8959 4.48557 -75.429 14.845 1.01986 -77.461 11.529 6.84014
4 8 -75.429 14.845 1.01986 -101.93 -28.4006 -32.8699 -103.962 -31.7165 -27.0496 -77.461 11.529 6.84014
0 MLCAD SKIP_END
0 MLCAD ARROW 8 -82.423 16.871 39.332 -0.615719 0.0189829 -0.787737 -0.597858 0.639955 0.482726 0.51328 0.768178 -0.382683  7 7 1 61  0 30 1 2  16 16
0 MLCAD SKIP_BEGIN
3 8 -81.8073 17.4689 38.8187 -82.4894 14.6312 36.6434 -82.3566 19.1108 42.0206
4 8 -82.4894 14.6312 36.6434 -120.048 -21.8382 67.9535 -119.915 -17.3585 73.3307 -82.3566 19.1108 42.0206
0 MLCAD SKIP_END
0 MLCAD ARROW 8 -236.348 29.596 34.163 -0.0244525 -0.150145 -0.988361 0.158871 0.975509 -0.152123 0.986996 -0.160742 0  7 7 1 60  0 30 1 2  16 16
0 MLCAD SKIP_BEGIN
3 8 -236.324 29.4371 33.176 -235.822 26.1817 34.7256 -236.874 33.0103 33.6004
4 8 -235.822 26.1817 34.7256 -237.29 35.714 93.9454 -238.341 42.5425 92.8202 -236.874 33.0103 33.6004
0 MLCAD SKIP_END
0 MLCAD ARROW 8 -235.37 23.242 -5.317 0.0244525 0.150145 -0.988361 -0.158871 -0.975509 -0.152123 -0.986996 0.160742 0  7 7 1 60  0 30 1 2  16 16
0 MLCAD SKIP_BEGIN
3 8 -235.394 23.4009 -4.33 -235.896 26.6563 -5.8796 -234.844 19.8277 -4.7544
4 8 -235.896 26.6563 -5.8796 -234.428 17.124 -65.0994 -233.377 10.2955 -63.9742 -234.844 19.8277 -4.7544
0 MLCAD SKIP_END
0 MLCAD ARROW 8 -232.441 4.216 2.813 0.138427 0.0630846 -0.988361 -0.899371 -0.409866 -0.152123 -0.414693 0.909962 0  7 7 1 61  0 30 1 2  16 16
0 MLCAD SKIP_BEGIN
3 8 -232.579 5.11537 3.22769 -232.662 5.65053 -0.371867 -232.22 2.78147 5.99787
4 8 -232.662 5.65053 -0.371867 -224.218 -49.2111 -25.6681 -223.776 -52.0802 -19.2984 -232.22 2.78147 5.99787
0 MLCAD SKIP_END
0 MLCAD ARROW 8 -233.18 9.003 32.454 0.111256 -0.103748 -0.988361 -0.722842 0.674062 -0.152123 0.681999 0.731354 0  7 7 1 61  0 30 1 2  16 16
0 MLCAD SKIP_BEGIN
3 8 -233.291 9.72584 31.772 -232.817 6.64378 29.8943 -233.543 11.3622 35.0137
4 8 -232.817 6.64378 29.8943 -226.03 -37.4496 71.4962 -226.757 -32.7311 76.6157 -233.543 11.3622 35.0137
0 MLCAD SKIP_END
0 MLCAD ARROW 8 -238.593 44.176 -7.719 -0.111256 0.103748 -0.988361 0.722842 -0.674062 -0.152123 -0.681999 -0.731354 0  7 7 1 25  0 30 1 2  16 16
0 MLCAD SKIP_BEGIN
3 8 -238.482 43.4532 -7.037 -238.956 46.5352 -5.15926 -238.23 41.8168 -10.2787
4 8 -238.956 46.5352 -5.15926 -241.738 64.6063 -22.2092 -241.011 59.8878 -27.3287 -238.23 41.8168 -10.2787
0 MLCAD SKIP_END
0
