0 Untitled
0 Name: Tomcat.ldr
0 Author: MLCad
0 Unofficial Model
0 !COLOUR Kaki CODE 77 VALUE #424510 EDGE #222222 ALPHA 255
0 ROTATION CENTER 0 0 0 1 "Custom" 
0 ROTATION CONFIG 0 0
1 7 -200 76 165 0 0 -1 0 1 0 1 0 0 placa4.dat
1 7 -210 84 205 0 0 1 0 1 0 -1 0 0 placa10.dat
1 7 -210 68 205 1 0 0 0 1 0 0 0 1 bald2x3.dat
0 STEP
1 7 -230 84 185 0 0 -1 0 1 0 1 0 0 placa2.dat
1 7 -170 84 185 0 0 -1 0 1 0 1 0 0 placa2.dat
1 7 -220 76 185 0 0 -1 0 1 0 1 0 0 placa2x3.dat
1 7 -160 76 185 0 0 -1 0 1 0 1 0 0 placa2x3.dat
0 STEP
1 0 -250 76 155 1 0 0 0 -1 0 0 0 -1 tetonesp.dat
1 7 -210 68 175 0 0 1 0 1 0 -1 0 0 plac2m.dat
1 7 -220 68 245 0 0 1 0 1 0 -1 0 0 placa1.dat
1 0 -230 76 155 1 0 0 0 -1 0 0 0 -1 tetonesp.dat
1 0 -230 76 135 1 0 0 0 -1 0 0 0 -1 tetonesp.dat
1 0 -190 76 155 1 0 0 0 -1 0 0 0 -1 tetonesp.dat
1 0 -170 76 155 1 0 0 0 -1 0 0 0 -1 tetonesp.dat
1 0 -190 76 135 -1 0 0 0 -1 0 0 0 -1 tetonesp.dat
1 7 -210 76 155 -1 0 0 0 1 0 0 0 -1 bald8.dat
1 7 -210 76 135 -1 0 0 0 1 0 0 0 -1 placa4e.dat
0 STEP
1 7 -220 68 225 0 0 -1 0 1 0 1 0 0 bald1.dat
1 7 -180 68 225 0 0 -1 0 1 0 1 0 0 bald1.dat
1 7 -220 76 125 0 0 1 0 1 0 -1 0 0 placa1.dat
1 7 -230 60 165 0 0 1 0 1 0 -1 0 0 placa2x2.dat
1 8 -250 68 215 0 0 -1 0 1 0 1 0 0 bald3.dat
1 8 -170 68 215 0 0 -1 0 1 0 1 0 0 bald3.dat
1 7 -200 68 125 0 0 -1 0 1 0 1 0 0 placa2.dat
0 STEP
1 7 -180 96 205 -1 0 0 0 1 0 0 0 -1 cilindab.dat
1 7 -190 68 125 -1 0 0 0 1 0 0 0 -1 vntscorp.dat
1 7 -240 96 205 -1 0 0 0 1 0 0 0 -1 cilindab.dat
1 7 -260 76 125 0 0 1 0 -1 0 1 0 0 baldgord.dat
1 7 -160 76 125 0 0 -1 0 -1 0 1 0 0 baldgord.dat
1 7 -230 52 145 1 0 0 0 1 0 0 0 1 placa2.dat
1 7 -210 60 205 0 0 -1 0 1 0 1 0 0 placa4e.dat
0 STEP
1 7 -266.109 68 149.773 -0.870356 0 -0.492424 0 1 0 0.492424 0 -0.870356 placa4e.dat
1 7 -230 60 105 -1 0 0 0 1 0 0 0 -1 proa4pmi.dat
1 7 -220 52 135 -1 0 0 0 1 0 0 0 -1 chimplac.dat
1 7 -180 52 135 -1 0 0 0 1 0 0 0 -1 chimplac.dat
1 7 -190 60 105 -1 0 0 0 1 0 0 0 -1 proa4pmd.dat
1 7 -153.888 68 149.774 -0.870356 0 0.492424 0 1 0 -0.492424 0 -0.870356 placa4e.dat
0 STEP
1 7 -210 52 185 0 0 1 0 1 0 -1 0 0 tejls2x1.dat
1 7 -210 44 155 0 0 1 0 1 0 -1 0 0 plac2m.dat
1 7 -210 44 135 0 0 1 0 1 0 -1 0 0 plac2m.dat
1 7 -210 44 115 0 0 1 0 1 0 -1 0 0 plac2m.dat
0 STEP
1 7 -240 60 65 0 0 -1 0 1 0 1 0 0 pang2x4d.dat
1 8 -240 52 105 0 0 -1 0 1 0 1 0 0 tejls2x1.dat
1 8 -180 52 105 0 0 -1 0 1 0 1 0 0 tejls2x1.dat
1 7 -180 60 65 0 0 -1 0 1 0 1 0 0 pang2x4i.dat
1 0 -240 60 85 1 0 0 0 -1 0 0 0 -1 tetonesp.dat
1 0 -180 60 85 -1 0 0 0 -1 0 0 0 -1 tetonesp.dat
0 STEP
0 WRITE Alas
1 7 -172.095 52 242.877 -0.870356 0 0.492424 0 1 0 -0.492424 0 -0.870356 bald2x2r.dat
1 7 -132.699 52 173.249 -0.492424 0 -0.870356 0 1 0 0.870356 0 -0.492424 bald2x2r.dat
1 7 -221.792 60 228.102 -0.870356 0 -0.492424 0 1 0 0.492424 0 -0.870356 placa1.dat
1 7 -251.337 68 175.883 -0.870356 0 -0.492424 0 1 0 0.492424 0 -0.870356 placa2.dat
1 7 -133.847 68 195.581 -0.870356 0 0.492424 0 1 0 -0.492424 0 -0.870356 placa2.dat
1 7 -271.035 60 141.068 -0.870356 0 -0.492424 0 1 0 0.492424 0 -0.870356 placa1.dat
1 7 -188.357 60 210.696 0.870356 0 -0.492424 0 1 0 0.492424 0 0.870356 placa1.dat
1 7 -213.086 52 223.178 -0.870356 0 -0.492424 0 1 0 0.492424 0 -0.870356 bald2x2r.dat
1 7 -267.598 52 208.06 -0.492424 0 0.870356 0 1 0 -0.870356 0 -0.492424 bald2x2r.dat
1 7 -298.289 52 133.508 0.870356 0 0.492424 0 1 0 -0.492424 0 0.870356 bald2x2r.dat
1 7 -251.338 60 175.881 -0.870356 0 -0.492424 0 1 0 0.492424 0 -0.870356 alaastro.dat
1 7 -139.117 60 123.661 0.870356 0 -0.492424 0 1 0 0.492424 0 0.870356 placa1.dat
1 7 -168.662 60 175.882 0.870356 0 -0.492424 0 1 0 0.492424 0 0.870356 alaastro.dat
1 7 -156.52 52 113.813 0.870356 0 -0.492424 0 1 0 0.492424 0 0.870356 bald2x2r.dat
1 7 -168.662 60 175.882 0.870356 0 -0.492424 0 1 0 0.492424 0 0.870356 alaastro.dat
0 STEP
1 8 -240 44 125 0 0 -1 0 1 0 1 0 0 placurd2.dat
1 7 -230 44 125 -1 0 0 0 1 0 0 0 -1 proa4pmi.dat
1 7 -210 44 165 0 0 1 0 1 0 -1 0 0 placurd2.dat
1 8 -180 44 125 0 0 -1 0 1 0 1 0 0 placurd2.dat
1 7 -190 44 125 -1 0 0 0 1 0 0 0 -1 proa4pmd.dat
0 STEP
1 7 -210 76 285 0 0 1 0 1 0 -1 0 0 tejls2x1.dat
1 8 -230 36 185 -1 0 0 0 1 0 0 0 -1 bald2r.dat
1 8 -170 36 185 -1 0 0 0 1 0 0 0 -1 bald2r.dat
1 8 -230 52 85 -1 0 0 0 1 0 0 0 -1 bald1.dat
1 8 -170 52 85 -1 0 0 0 1 0 0 0 -1 bald1.dat
1 8 -190 52 25 1 0 0 0 1 0 0 0 1 bald2r.dat
1 8 -250 52 25 1 0 0 0 1 0 0 0 1 bald2r.dat
0 MLCAD HIDE 1 8 -250 52 25 1 0 0 0 1 0 0 0 1 bald2r.dat
1 7 -220 68 285 0 0 1 0 1 0 -1 0 0 bald1.dat
1 7 -220 76 265 0 0 1 0 1 0 -1 0 0 enganc2.dat
0 STEP
1 7 -240 60 85 1 0 0 0 -1 0 0 0 -1 cilindar.dat
1 7 -180 60 85 -1 0 0 0 -1 0 0 0 -1 cilindar.dat
1 7 -140 91 155 0 0 -1 0 1 0 1 0 0 petroeng.dat
1 7 -280 91 155 0 0 -1 0 1 0 1 0 0 petroeng.dat
0 STEP
1 0 -280 91.042 127.5 -0.707107 0 -0.707107 -0.707107 0 0.707107 0 1 0 sirena.dat
1 0 -140 91.042 127.5 -0.707107 0 -0.707107 -0.707107 0 0.707107 0 1 0 sirena.dat
1 7 -140 91.1 171.5 -0.707107 0 -0.707107 -0.707107 0 0.707107 0 1 0 cilindro.dat
1 7 -140 91.1 195.5 -0.707107 0 -0.707107 -0.707107 0 0.707107 0 1 0 cilindro.dat
1 7 -280 91.1 171.5 -0.707107 0 -0.707107 -0.707107 0 0.707107 0 1 0 cilindro.dat
1 7 -280 91.1 195.5 -0.707107 0 -0.707107 -0.707107 0 0.707107 0 1 0 cilindro.dat
1 0 -280 91.1 219.5 -0.707107 0 -0.707107 -0.707107 0 0.707107 0 1 0 alerocoh.dat
1 0 -140 91.1 219.5 -0.707107 0 -0.707107 -0.707107 0 0.707107 0 1 0 alerocoh.dat
0 STEP
1 383 -242 96 280 0 -1 0 0 0 -1 1 0 0 llantaxt.dat
1 7 -259.999 76 284.998 0 1 0 -1 0 0 0 0 1 helala.dat
1 7 -220 76 285 0 1 0 1 0 0 0 0 -1 cilindab.dat
1 7 -232 76 285 0 1 0 1 0 0 0 0 -1 cilindar.dat
1 383 -182 96 280 0 -1 0 0 0 -1 1 0 0 llantaxt.dat
1 7 -200 76 285 0 -1 0 1 0 0 0 0 -1 cilindab.dat
1 7 -188 76 285 0 -1 0 1 0 0 0 0 -1 cilindar.dat
1 7 -160.001 76 284.998 0 -1 0 -1 0 0 0 0 1 helala.dat
0 STEP
1 7 -210 72 65.001 -1 0 0 0 1 0 0 0 -1 cilindab.dat
1 7 -210 60 65.001 -1 0 0 0 1 0 0 0 -1 cilindar.dat
1 7 -210 72 -14.999 -1 0 0 0 1 0 0 0 -1 cilindab.dat
1 7 -210 60 -14.999 -1 0 0 0 1 0 0 0 -1 cilindar.dat
0 STEP
1 0 -210 32 85 0 0 1 0 1 0 -1 0 0 placurd2.dat
1 0 -220 36 125 0 0 1 0 1 0 -1 0 0 placa1.dat
1 0 -210 32 55 0 0 1 0 1 0 -1 0 0 placa3.dat
1 0 -210 36 125 0 0 1 0 1 0 -1 0 0 placurd2.dat
1 0 -210 52 -55 0 0 -1 -1 0 0 0 1 0 remtcoht.dat
0 STEP
1 40 -210 32 -15 0 0 -1 0 1 0 1 0 0 placurd2.dat
1 40 -220 32 25 0 0 1 0 1 0 -1 0 0 placa2.dat
1 40 -210 24 35 0 0 1 0 1 0 -1 0 0 bald3.dat
0 STEP
1 8 -240.001 48 284.998 -1 0 0 0 1 0 0 0 1 helala.dat
1 8 -180.001 48 284.998 -1 0 0 0 1 0 0 0 1 helala.dat
1 7 -240 56 275 0 0 1 0 1 0 -1 0 0 placa3.dat
1 7 -210 48 255 -1 0 0 0 1 0 0 0 -1 bald4.dat
1 7 -180 56 275 0 0 1 0 1 0 -1 0 0 placa3.dat
1 0 -210 56 255 0 0 1 0 1 0 -1 0 0 tetonesm.dat
0
