0 Untitled
0 Name: TorrePisaLego.ldr
0 Author: MLCad
0 Unofficial Model
0 ROTATION CENTER 0 0 0 1 "Custom" 
0 ROTATION CONFIG 0 0
1 15 -110 -23.999 0 1 0 0 0 -0.990268 -0.139173 0 0.139173 -0.990268 cilindro.dat
1 15 -100 -22.608 9.903 0 0 -1 -0.139173 -0.990268 0 -0.990268 0.139173 0 pico.dat
1 15 -80 -39.994 -56.322 0 0 -1 0.139173 0.990268 0 0.990268 -0.139173 0 popa6p.dat
1 15 -60 -50.699 -75.014 0 0 -1 0.139173 0.990268 0 0.990268 -0.139173 0 placa2x2.dat
1 15 -58.888 -62.328 -100.271 -0.55557 0 -0.83147 0.115718 0.990268 -0.0773204 0.823378 -0.139173 -0.550163 cilindro.dat
1 15 -58.888 -94.018 -95.819 -0.55557 0 -0.83147 0.115718 0.990268 -0.0773204 0.823378 -0.139173 -0.550163 tubo.dat
1 15 -47.13 -85 -89.151 -0.980785 0 -0.19509 0.0271512 0.990268 -0.136499 0.193191 -0.139173 -0.97124 placa1.dat
1 15 -101.112 -62.328 -100.271 0.55557 0 -0.83147 0.115718 0.990268 0.0773204 0.823378 -0.139173 0.550163 cilindro.dat
1 15 -101.112 -94.018 -95.819 0.55557 0 -0.83147 0.115718 0.990268 0.0773204 0.823378 -0.139173 0.550163 tubo.dat
1 15 -89.354 -87.189 -104.709 -0.19509 0 -0.980785 0.136499 0.990268 -0.0271512 0.97124 -0.139173 -0.193191 placa1.dat
1 15 -126.63 -58.776 -75.002 0.83147 0 -0.55557 0.0773204 0.990268 0.115718 0.550163 -0.139173 0.823378 cilindro.dat
1 15 -126.63 -90.466 -70.55 0.83147 0 -0.55557 0.0773204 0.990268 0.115718 0.550163 -0.139173 0.823378 tubo.dat
1 15 -118.774 -84.181 -83.307 0.19509 0 -0.980785 0.136499 0.990268 0.0271512 0.97124 -0.139173 0.193191 placa1.dat
1 15 -126.63 -52.9 -33.189 0.83147 0 0.55557 -0.0773204 0.990268 0.115718 -0.550163 -0.139173 0.823378 cilindro.dat
1 15 -126.63 -84.59 -28.735 0.83147 0 0.55557 -0.0773204 0.990268 0.115718 -0.550163 -0.139173 0.823378 tubo.dat
1 15 -134.488 -78.303 -41.493 0.980785 0 -0.19509 0.0271512 0.990268 0.136499 0.193191 -0.139173 0.97124 placa1.dat
1 15 -101.112 -49.349 -7.919 0.55557 0 0.83147 -0.115718 0.990268 0.0773204 -0.823378 -0.139173 0.550163 cilindro.dat
1 15 -101.112 -81.038 -3.465 0.55557 0 0.83147 -0.115718 0.990268 0.0773204 -0.823378 -0.139173 0.550163 tubo.dat
1 15 -112.872 -74.209 -12.359 0.980785 0 0.19509 -0.0271512 0.990268 0.136499 -0.193191 -0.139173 0.97124 placa1.dat
1 15 -58.888 -49.349 -7.919 -0.55557 0 0.83147 -0.115718 0.990268 -0.0773204 -0.823378 -0.139173 -0.550163 cilindro.dat
1 15 -58.888 -81.038 -3.465 -0.55557 0 0.83147 -0.115718 0.990268 -0.0773204 -0.823378 -0.139173 -0.550163 tubo.dat
1 15 -70.647 -72.023 3.201 0.19509 0 0.980785 -0.136499 0.990268 0.0271512 -0.97124 -0.139173 0.193191 placa1.dat
1 15 -33.37 -52.9 -33.189 -0.83147 0 0.55557 -0.0773204 0.990268 -0.115718 -0.550163 -0.139173 -0.823378 cilindro.dat
1 15 -33.37 -84.59 -28.735 -0.83147 0 0.55557 -0.0773204 0.990268 -0.115718 -0.550163 -0.139173 -0.823378 tubo.dat
1 15 -41.228 -75.028 -18.206 -0.19509 0 0.980785 -0.136499 0.990268 -0.0271512 -0.97124 -0.139173 -0.193191 placa1.dat
1 15 -50 -49.308 -65.111 0.83147 0 0.55557 -0.0773204 0.990268 0.115718 -0.550163 -0.139173 0.823378 chimplac.dat
1 15 -33.37 -58.776 -75.002 -0.83147 0 -0.55557 0.0773204 0.990268 -0.115718 0.550163 -0.139173 -0.823378 cilindro.dat
1 15 -33.37 -90.466 -70.55 -0.83147 0 -0.55557 0.0773204 0.990268 -0.115718 0.550163 -0.139173 -0.823378 tubo.dat
1 15 -25.514 -80.908 -60.017 -0.980785 0 0.19509 -0.0271512 0.990268 -0.136499 -0.193191 -0.139173 -0.97124 placa1.dat
1 15 -90 -54.447 -44.193 0 0 -1 0.139173 0.990268 0 0.990268 -0.139173 0 chimplac.dat
1 15 -70 -54.447 -44.193 0 0 -1 0.139173 0.990268 0 0.990268 -0.139173 0 chimplac.dat
1 15 -90 -60.015 -83.804 0 0 -1 0.139173 0.990268 0 0.990268 -0.139173 0 chimplac.dat
1 15 -70 -60.015 -83.804 0 0 -1 0.139173 0.990268 0 0.990268 -0.139173 0 chimplac.dat
1 15 -80 -39.994 -56.322 0 0 1 -0.139173 0.990268 0 -0.990268 -0.139173 0 popa6p.dat
1 15 -80 -111.294 -46.303 0 0 -1 0.139173 0.990268 0 0.990268 -0.139173 0 popa6p.dat
1 15 -60 -122 -64.993 0 0 -1 0.139173 0.990268 0 0.990268 -0.139173 0 respirad.dat
1 8 -80 -131.1 -43.519 0 0 -1 0.139173 0.990268 0 0.990268 -0.139173 0 tbfarola.dat
1 4 -80 -206.359 -32.943 0 0 -1 0.139173 0.990268 0 0.990268 -0.139173 0 bandera.dat
1 15 -60 -90.31 -69.446 0 0 -1 0.139173 0.990268 0 0.990268 -0.139173 0 jacen2x2.dat
1 15 -60 -66.544 -72.787 0 0 -1 0.139173 0.990268 0 0.990268 -0.139173 0 jacen2x2.dat
1 15 -60 -11.088 -80.58 0 0 -1 0.139173 0.990268 0 0.990268 -0.139173 0 jacen2x2.dat
1 15 -60 -34.855 -77.241 0 0 -1 0.139173 0.990268 0 0.990268 -0.139173 0 placa2x2.dat
1 15 -60 12.677 -83.921 0 0 -1 0.139173 0.990268 0 0.990268 -0.139173 0 jacen2x2.dat
1 15 -60 36.444 -87.261 0 0 -1 0.139173 0.990268 0 0.990268 -0.139173 0 jacen2x2.dat
1 15 -60 60.211 -90.602 0 0 -1 0.139173 0.990268 0 0.990268 -0.139173 0 jacen2x2.dat
1 15 -60 83.975 -93.939 0 0 -1 0.139173 0.990268 0 0.990268 -0.139173 0 jacen2x2.dat
1 15 -60 107.743 -97.282 0 0 -1 0.139173 0.990268 0 0.990268 -0.139173 0 jacen2x2.dat
1 15 -60 131.509 -100.622 0 0 -1 0.139173 0.990268 0 0.990268 -0.139173 0 jacen2x2.dat
1 15 -60 155.276 -103.962 0 0 -1 0.139173 0.990268 0 0.990268 -0.139173 0 jacen2x2.dat
1 15 -60 179.041 -107.303 0 0 -1 0.139173 0.990268 0 0.990268 -0.139173 0 jacen2x2.dat
1 15 -60 202.81 -110.642 0 0 -1 0.139173 0.990268 0 0.990268 -0.139173 0 jacen2x2.dat
1 15 -60 226.575 -113.982 0 0 -1 0.139173 0.990268 0 0.990268 -0.139173 0 jacen2x2.dat
1 15 -60 250.341 -117.321 0 0 -1 0.139173 0.990268 0 0.990268 -0.139173 0 jacen2x2.dat
1 15 -60 274.108 -120.663 0 0 -1 0.139173 0.990268 0 0.990268 -0.139173 0 jacen2x2.dat
1 15 -60 297.872 -124.004 0 0 -1 0.139173 0.990268 0 0.990268 -0.139173 0 jacen2x2.dat
1 15 -60 321.64 -127.343 0 0 -1 0.139173 0.990268 0 0.990268 -0.139173 0 jacen2x2.dat
1 15 -60 345.409 -130.685 0 0 -1 0.139173 0.990268 0 0.990268 -0.139173 0 jacen2x2.dat
1 15 -60 369.175 -134.024 0 0 -1 0.139173 0.990268 0 0.990268 -0.139173 0 jacen2x2.dat
1 15 -60 392.939 -137.363 0 0 -1 0.139173 0.990268 0 0.990268 -0.139173 0 jacen2x2.dat
1 15 -60 416.707 -140.704 0 0 -1 0.139173 0.990268 0 0.990268 -0.139173 0 jacen2x2.dat
1 15 -60 440.473 -144.044 0 0 -1 0.139173 0.990268 0 0.990268 -0.139173 0 jacen2x2.dat
1 15 -60 464.239 -147.385 0 0 -1 0.139173 0.990268 0 0.990268 -0.139173 0 jacen2x2.dat
1 15 -60 488.006 -150.724 0 0 -1 0.139173 0.990268 0 0.990268 -0.139173 0 jacen2x2.dat
1 15 -60 511.774 -154.062 0 0 -1 0.139173 0.990268 0 0.990268 -0.139173 0 jacen2x2.dat
1 15 -60 535.539 -157.402 0 0 -1 0.139173 0.990268 0 0.990268 -0.139173 0 jacen2x2.dat
1 15 -60 559.305 -160.744 0 0 -1 0.139173 0.990268 0 0.990268 -0.139173 0 jacen2x2.dat
1 15 -70 584.464 -154.182 0 0 -1 0.139173 0.990268 0 0.990268 -0.139173 0 chimtubo.dat
1 15 -90 584.463 -154.183 0 0 -1 0.139173 0.990268 0 0.990268 -0.139173 0 chimtubo.dat
1 15 -80 604.482 -126.701 -1 0 0 0 0.990268 -0.139173 0 -0.139173 -0.990268 bisnrarr.dat
1 15 -90 595.17 -135.491 -0.999848 0 0.0174524 -0.00242891 0.990268 -0.139152 -0.0172826 -0.139173 -0.990118 chimplac.dat
1 15 -109.997 603.043 -136.952 -0.861629 0 0.507538 -0.0706357 0.990268 -0.119916 -0.502599 -0.139173 -0.853244 chimplac.dat
1 15 -127.23 593.707 -145.888 -0.861629 0 0.507538 -0.0706357 0.990268 -0.119916 -0.502599 -0.139173 -0.853244 chimplac.dat
1 15 -90 592.387 -155.296 0.0784591 0 0.996917 -0.138744 0.990268 0.0109194 -0.987215 -0.139173 0.0776955 chimplac.dat
1 15 -88.432 581.689 -173.927 0.45399 0 0.891007 -0.124004 0.990268 0.0631832 -0.882336 -0.139173 0.449572 chimplac.dat
1 15 -79.351 587.132 -192.689 0.469472 0 0.882948 -0.122883 0.990268 0.0653379 -0.874355 -0.139173 0.464903 chimplac.dat
1 15 -70.007 592.314 -155.815 0.975342 0 0.220697 -0.0307151 0.990268 0.135741 -0.218549 -0.139173 0.96585 chimplac.dat
1 15 -50.501 583.775 -159.072 0.952396 0 -0.304864 0.0424289 0.990268 0.132548 0.301897 -0.139173 0.943127 chimplac.dat
1 15 -31.454 592.547 -154.146 0.503774 0 -0.863836 0.120223 0.990268 0.0701117 0.855429 -0.139173 0.498871 chimplac.dat
1 15 -69.745 595.096 -136.011 0.329691 0 -0.944089 0.131392 0.990268 0.0458841 0.934901 -0.139173 0.326482 chimplac.dat
1 15 -63.15 589.801 -116.199 -0.685183 0 -0.728371 0.10137 0.990268 -0.0953591 0.721283 -0.139173 -0.678515 chimplac.dat
1 15 -76.856 599.752 -102.891 -0.659346 0 -0.75184 0.104636 0.990268 -0.0917632 0.744523 -0.139173 -0.652929 chimplac.dat
1 15 -80 604.482 -126.701 -1 0 0 0 1 0 0 0 -1 bisnraba.dat
1 15 -60 620.482 -136.701 -1 0 0 0 1 0 0 0 -1 placa2.dat
1 8 -120 620.482 -116.701 -1 0 0 0 1 0 0 0 -1 placa2x3.dat
1 8 -180 612.482 -106.701 0 0 1 0 1 0 -1 0 0 placa2x3.dat
1 8 20 620.482 -116.701 -1 0 0 0 1 0 0 0 -1 placa2x3.dat
1 0 -80 564.482 -216.701 -1 0 0 0 1 0 0 0 -1 baldc2x2.dat
1 0 -180 572.482 -116.701 -1 0 0 0 1 0 0 0 -1 baldc2x2.dat
1 0 -120 572.482 -16.701 0 0 1 0 1 0 -1 0 0 baldc2x2.dat
1 0 -160 572.482 -16.701 0 0 1 0 1 0 -1 0 0 baldc2.dat
1 0 -200 572.482 -16.701 0 0 1 0 1 0 -1 0 0 baldc2.dat
1 0 -160 564.482 -236.701 0 0 1 0 1 0 -1 0 0 baldc2.dat
1 0 -200 564.482 -236.701 0 0 1 0 1 0 -1 0 0 baldc2.dat
1 0 0 564.482 -236.701 0 0 1 0 1 0 -1 0 0 baldc2.dat
1 0 40 564.482 -236.701 0 0 1 0 1 0 -1 0 0 baldc1.dat
1 0 40 572.482 -96.701 0 0 1 0 1 0 -1 0 0 baldc1.dat
1 0 -220 564.482 -236.701 0 0 1 0 1 0 -1 0 0 baldc1.dat
1 0 -220 572.482 -96.701 0 0 1 0 1 0 -1 0 0 baldc1.dat
1 0 -40 564.482 -236.701 0 0 1 0 1 0 -1 0 0 baldc2.dat
1 0 0 572.482 -16.701 0 0 1 0 1 0 -1 0 0 baldc2.dat
1 0 40 572.482 -56.701 1 0 0 0 1 0 0 0 1 baldc2.dat
1 0 40 572.482 -96.701 1 0 0 0 1 0 0 0 1 baldc2.dat
1 0 -220 572.482 -56.701 1 0 0 0 1 0 0 0 1 baldc2.dat
1 0 -220 572.482 -96.701 1 0 0 0 1 0 0 0 1 baldc2.dat
1 0 -220 564.482 -196.701 1 0 0 0 1 0 0 0 1 baldc2.dat
1 0 -220 564.482 -236.701 1 0 0 0 1 0 0 0 1 baldc2.dat
1 0 40 564.482 -196.701 1 0 0 0 1 0 0 0 1 baldc2.dat
1 0 40 564.482 -236.701 1 0 0 0 1 0 0 0 1 baldc2.dat
1 0 -40 572.482 -16.701 0 0 1 0 1 0 -1 0 0 baldc2.dat
1 0 -80 572.482 -16.701 0 0 1 0 1 0 -1 0 0 baldc2x2.dat
1 0 60 572.482 -116.701 -1 0 0 0 1 0 0 0 -1 baldc2x2.dat
1 0 -40 564.482 -216.701 -1 0 0 0 1 0 0 0 -1 baldc2x2.dat
1 0 -200 564.482 -236.701 1 0 0 0 1 0 0 0 1 baldc4in.dat
1 0 -200 572.482 -36.701 0 0 1 0 1 0 -1 0 0 baldc4in.dat
1 0 40 572.482 -36.701 -1 0 0 0 1 0 0 0 -1 baldc4in.dat
1 0 40 564.482 -236.7 0 0 -1 0 1 0 1 0 0 baldc4in.dat
1 8 -60 588.483 -236.702 -1 0 0 0 1 0 0 0 -1 jacena2.dat
1 8 -60 612.482 -236.701 -1 0 0 0 1 0 0 0 -1 jacena2.dat
1 8 -20 612.482 -106.701 0 0 1 0 1 0 -1 0 0 placa2x3.dat
1 15 -80 604.482 -126.701 -1 0 0 0 1 0 0 0 -1 bisnreje.dat
1 383 -144.253 566.523 -152.491 0 -0.990268 -0.139173 -0.990268 0.0193692 -0.137819 0.139173 0.137819 -0.980631 eje3.dat
1 383 -70.026 558.891 -206.812 0 -0.990268 -0.139173 -0.990268 0.0193692 -0.137819 0.139173 0.137819 -0.980631 eje3.dat
1 383 -21.252 569.2 -133.46 0 -0.990268 -0.139173 -0.990268 0.0193692 -0.137819 0.139173 0.137819 -0.980631 eje3.dat
1 383 -89.955 576.096 -84.395 0 -0.990268 -0.139173 -0.990268 0.0193692 -0.137819 0.139173 0.137819 -0.980631 eje3.dat
1 8 -200 596.484 -36.7 0 0 1 0 1 0 -1 0 0 jacena2.dat
1 8 20 596.484 -36.7 0 0 1 0 1 0 -1 0 0 jacena2.dat
1 8 -40 596.484 -36.7 -1 0 0 0 1 0 0 0 -1 jacena4.dat
1 8 -80 596.484 -36.7 -1 0 0 0 1 0 0 0 -1 jacena6.dat
1 8 40 596.484 -36.7 -1 0 0 0 1 0 0 0 -1 jacena6.dat
1 8 -60 596.484 -56.701 -1 0 0 0 1 0 0 0 -1 placa4.dat
1 8 -20 596.484 -56.701 -1 0 0 0 1 0 0 0 -1 placa2.dat
1 8 0 620.484 -216.7 -1 0 0 0 1 0 0 0 -1 placa2x8.dat
1 8 -160 620.484 -216.7 -1 0 0 0 1 0 0 0 -1 placa2x3.dat
1 8 60 620.484 -216.7 -1 0 0 0 1 0 0 0 -1 placa2x3.dat
1 8 60 612.484 -236.7 -1 0 0 0 1 0 0 0 -1 jacena4.dat
1 0 -220 596.484 -136.7 0 0 1 0 1 0 -1 0 0 pico.dat
1 0 -220 596.484 -176.7 0 0 1 0 1 0 -1 0 0 pico.dat
1 0 -220 596.484 -56.701 0 0 1 0 1 0 -1 0 0 pico.dat
1 0 -220 596.484 -16.699 0 0 1 0 1 0 -1 0 0 pico.dat
1 0 -240 596.484 3.3 0 0 1 0 1 0 -1 0 0 bald1.dat
1 0 60 596.484 3.3 0 0 1 0 1 0 -1 0 0 bald1.dat
1 0 -240 596.484 -256.7 0 0 1 0 1 0 -1 0 0 bald1.dat
1 0 60 596.484 -256.7 0 0 1 0 1 0 -1 0 0 bald1.dat
1 0 -220 596.485 -96.7 0 0 1 0 1 0 -1 0 0 pico.dat
1 0 -220 596.484 -216.7 0 0 1 0 1 0 -1 0 0 pico.dat
1 0 -220 596.484 -256.7 1 0 0 0 1 0 0 0 1 pico.dat
1 0 -180 596.484 -256.7 1 0 0 0 1 0 0 0 1 pico.dat
1 0 -140 596.484 -256.7 1 0 0 0 1 0 0 0 1 pico.dat
1 0 -100 596.484 -256.7 1 0 0 0 1 0 0 0 1 pico.dat
1 0 -60 596.484 -256.7 1 0 0 0 1 0 0 0 1 pico.dat
1 0 -20 596.484 -256.7 1 0 0 0 1 0 0 0 1 pico.dat
1 0 20 596.484 -256.7 1 0 0 0 1 0 0 0 1 pico.dat
1 0 60 596.484 -256.7 0 0 -1 0 1 0 1 0 0 pico.dat
1 0 60 596.484 -216.7 0 0 -1 0 1 0 1 0 0 pico.dat
1 0 60 596.484 -176.7 0 0 -1 0 1 0 1 0 0 pico.dat
1 0 60 596.484 -136.7 0 0 -1 0 1 0 1 0 0 pico.dat
1 0 60 596.485 -96.7 0 0 -1 0 1 0 1 0 0 pico.dat
1 0 60 596.484 -56.701 0 0 -1 0 1 0 1 0 0 pico.dat
1 0 60 596.484 -16.699 -1 0 0 0 1 0 0 0 -1 pico.dat
1 0 20 596.484 -16.699 -1 0 0 0 1 0 0 0 -1 pico.dat
1 0 -20 596.484 -16.699 -1 0 0 0 1 0 0 0 -1 pico.dat
1 0 -60 596.484 -16.699 -1 0 0 0 1 0 0 0 -1 pico.dat
1 0 -100 596.484 -16.699 -1 0 0 0 1 0 0 0 -1 pico.dat
1 0 -120 572.482 -16.701 0 0 1 0 1 0 -1 0 0 baldc2x2.dat
1 0 -100 596.484 -16.699 -1 0 0 0 1 0 0 0 -1 pico.dat
1 0 -140 596.484 -16.699 -1 0 0 0 1 0 0 0 -1 pico.dat
1 0 -180 596.484 -16.699 -1 0 0 0 1 0 0 0 -1 pico.dat
1 8 -220 620.484 -156.7 0 0 1 0 1 0 -1 0 0 jacena6.dat
1 8 80 620.484 -156.7 0 0 1 0 1 0 -1 0 0 jacena6.dat
1 8 -60 620.483 -256.7 1 0 0 0 1 0 0 0 1 jacena6.dat
1 8 -220 620.484 -276.7 1 0 0 0 1 0 0 0 1 jacena8.dat
1 8 -240 620.483 3.301 0 0 1 0 1 0 -1 0 0 jacen2x8.dat
1 8 40 620.483 3.301 0 0 1 0 1 0 -1 0 0 jacen2x8.dat
1 8 -40 620.483 3.301 -1 0 0 0 1 0 0 0 -1 jacen2x8.dat
1 8 40 620.484 -36.7 -1 0 0 0 1 0 0 0 -1 jacen2x8.dat
1 8 40 620.483 3.301 -1 0 0 0 1 0 0 0 -1 jacen2x4.dat
1 8 -120 620.484 -36.7 -1 0 0 0 1 0 0 0 -1 jacen2x4.dat
1 0 -240 620.484 -116.7 0 0 1 0 1 0 -1 0 0 pico.dat
1 0 -240 620.484 -156.7 0 0 1 0 1 0 -1 0 0 pico.dat
1 0 -240 620.484 -36.7 0 0 1 0 1 0 -1 0 0 pico.dat
1 0 -240 620.483 3.301 0 0 1 0 1 0 -1 0 0 pico.dat
1 0 -200 620.483 3.301 -1 0 0 0 1 0 0 0 -1 pico.dat
1 0 -160 620.483 3.301 -1 0 0 0 1 0 0 0 -1 pico.dat
1 0 -120 620.483 3.301 -1 0 0 0 1 0 0 0 -1 pico.dat
1 0 -80 620.483 3.301 -1 0 0 0 1 0 0 0 -1 pico.dat
1 0 -40 620.483 3.301 -1 0 0 0 1 0 0 0 -1 pico.dat
1 0 0 620.483 3.301 -1 0 0 0 1 0 0 0 -1 pico.dat
1 0 40 620.483 3.301 -1 0 0 0 1 0 0 0 -1 pico.dat
1 0 80 620.483 3.301 -1 0 0 0 1 0 0 0 -1 pico.dat
1 0 80 620.484 -36.7 0 0 -1 0 1 0 1 0 0 pico.dat
1 0 80 620.484 -76.7 0 0 -1 0 1 0 1 0 0 pico.dat
1 0 80 620.484 -116.7 0 0 -1 0 1 0 1 0 0 pico.dat
1 0 80 620.484 -156.7 0 0 -1 0 1 0 1 0 0 pico.dat
1 0 80 620.484 -196.7 0 0 -1 0 1 0 1 0 0 pico.dat
1 0 80 620.484 -236.7 0 0 -1 0 1 0 1 0 0 pico.dat
1 0 80 620.484 -276.7 0 0 -1 0 1 0 1 0 0 pico.dat
1 0 -240 620.484 -76.7 0 0 1 0 1 0 -1 0 0 pico.dat
1 0 -240 620.484 -196.7 0 0 1 0 1 0 -1 0 0 pico.dat
1 0 -240 620.484 -236.7 0 0 1 0 1 0 -1 0 0 pico.dat
1 0 -240 620.484 -276.7 1 0 0 0 1 0 0 0 1 pico.dat
1 0 -200 620.484 -276.7 1 0 0 0 1 0 0 0 1 pico.dat
1 0 -160 620.484 -276.7 1 0 0 0 1 0 0 0 1 pico.dat
1 0 -120 620.484 -276.7 1 0 0 0 1 0 0 0 1 pico.dat
1 0 -80 620.484 -276.7 1 0 0 0 1 0 0 0 1 pico.dat
1 0 -40 620.484 -276.7 1 0 0 0 1 0 0 0 1 pico.dat
1 0 0 620.484 -276.7 1 0 0 0 1 0 0 0 1 pico.dat
1 0 40 620.484 -276.7 1 0 0 0 1 0 0 0 1 pico.dat
1 8 -140 612.484 -236.7 -1 0 0 0 1 0 0 0 -1 jacena4.dat
1 8 -140 588.485 -236.7 -1 0 0 0 1 0 0 0 -1 jacena2.dat
1 8 20 588.485 -236.7 -1 0 0 0 1 0 0 0 -1 jacena2.dat
1 8 -180 588.483 -256.7 0 0 -1 0 1 0 1 0 0 jacen2x2.dat
1 8 60 588.483 -256.7 0 0 -1 0 1 0 1 0 0 jacen2x2.dat
1 8 -200 612.484 -236.7 0 0 -1 0 1 0 1 0 0 jacena4.dat
1 8 60 612.484 -236.7 0 0 -1 0 1 0 1 0 0 jacena4.dat
1 8 -200 588.485 -196.701 0 0 -1 0 1 0 1 0 0 jacena2.dat
1 8 -220 596.484 -136.7 0 0 -1 0 1 0 1 0 0 jacena6.dat
1 8 40 596.484 -136.7 0 0 -1 0 1 0 1 0 0 jacena6.dat
1 8 -210 588.484 -206.7 0 0 -1 0 1 0 1 0 0 jacena1.dat
1 8 60 588.485 -196.701 0 0 -1 0 1 0 1 0 0 jacena2.dat
1 8 50 588.484 -206.7 0 0 -1 0 1 0 1 0 0 jacena1.dat
1 8 -210 596.484 -146.7 0 0 -1 0 1 0 1 0 0 cilindro.dat
1 8 50 596.484 -146.7 0 0 -1 0 1 0 1 0 0 cilindro.dat
1 8 -180 620.484 -216.7 0 0 -1 0 1 0 1 0 0 placa2x3.dat
1 8 60 620.484 -216.7 0 0 -1 0 1 0 1 0 0 placa2x3.dat
1 8 -100 588.483 -56.701 0 0 1 0 1 0 -1 0 0 bald2.dat
1 8 -60 588.483 -56.701 0 0 1 0 1 0 -1 0 0 bald2.dat
1 8 -140 588.483 -56.701 0 0 1 0 1 0 -1 0 0 bald2.dat
1 8 -163.912 580.484 -169.465 0.333807 0 -0.942641 0 1 0 0.942641 0 0.333807 bald2x2.dat
1 8 -150.558 580.484 -131.759 0.333807 0 -0.942641 0 1 0 0.942641 0 0.333807 bald2x2.dat
1 8 -123.857 580.485 -56.347 -0.942641 0 -0.333807 0 1 0 0.333807 0 -0.942641 bald2x2.dat
1 8 -166.661 588.483 -147.273 0.333807 0 -0.942641 0 1 0 0.942641 0 0.333807 placa4.dat
1 8 -170 604.484 -156.701 0.333807 0 -0.942641 0 1 0 0.942641 0 0.333807 cilindro.dat
1 8 41.617 580.484 -156.112 -0.333807 0 -0.942641 0 1 0 0.942641 0 -0.333807 bald2x2.dat
1 8 28.265 580.484 -118.406 -0.333807 0 -0.942641 0 1 0 0.942641 0 -0.333807 bald2x2.dat
1 8 1.56 580.484 -42.997 -0.942641 0 0.333807 0 1 0 -0.333807 0 -0.942641 bald2x2.dat
1 8 25.515 588.483 -140.596 -0.333807 0 -0.942641 0 1 0 0.942641 0 -0.333807 placa4.dat
1 8 10 604.484 -156.701 -0.333807 0 -0.942641 0 1 0 0.942641 0 -0.333807 cilindro.dat
1 8 10 612.484 -156.7 -0.333807 0 -0.942641 0 1 0 0.942641 0 -0.333807 cilindro.dat
1 8 -10 620.484 -186.7 -0.601815 0 -0.798636 0 1 0 0.798636 0 -0.601815 cilindro.dat
1 8 15.925 572.484 -154.64 -0.798636 0 0.601815 0 1 0 -0.601815 0 -0.798636 bald2x2r.dat
1 8 -16.02 572.485 -178.713 -0.798636 0 0.601815 0 1 0 -0.601815 0 -0.798636 bald2x2r.dat
1 8 -39.865 572.484 -246.767 0.798636 0 -0.601815 0 1 0 0.601815 0 0.798636 bald2.dat
1 8 -0.045 596.484 -166.677 -0.798636 0 0.601815 0 1 0 -0.601815 0 -0.798636 jacen2x2.dat
1 8 -7.917 596.484 -222.695 -0.601815 0 -0.798636 0 1 0 0.798636 0 -0.601815 cuna.dat
1 8 -150 620.484 -186.7 -0.601815 0 0.798636 0 1 0 -0.798636 0 -0.601815 cilindro.dat
1 8 -143.983 572.484 -178.718 -0.798636 0 -0.601815 0 1 0 0.601815 0 -0.798636 bald2x2r.dat
1 8 -112.038 572.484 -202.791 -0.798636 0 -0.601815 0 1 0 0.601815 0 -0.798636 bald2x2r.dat
1 8 -96.062 572.484 -214.823 -0.798636 0 -0.601815 0 1 0 0.601815 0 -0.798636 bald2.dat
1 8 -184.029 596.484 -198.62 0.798636 0 0.601815 0 1 0 -0.601815 0 0.798636 jacen2x4.dat
1 0 -260 628.484 23.3 0 0 1 0 1 0 -1 0 0 placa6x8.dat
1 0 -140 628.484 23.3 0 0 1 0 1 0 -1 0 0 placa6x8.dat
1 0 -20 628.484 23.3 0 0 1 0 1 0 -1 0 0 placa6x8.dat
1 0 -20 628.484 -136.7 0 0 1 0 1 0 -1 0 0 placa6x8.dat
1 0 80 620.484 -276.7 0 0 1 0 1 0 -1 0 0 bald1.dat
1 0 -260 620.484 -276.7 0 0 1 0 1 0 -1 0 0 bald1.dat
1 0 80 620.484 23.3 0 0 1 0 1 0 -1 0 0 bald1.dat
1 0 -260 620.484 23.3 0 0 1 0 1 0 -1 0 0 bald1.dat
1 0 -140 628.484 -136.7 0 0 1 0 1 0 -1 0 0 placa6x8.dat
1 0 -260 628.484 -136.7 0 0 1 0 1 0 -1 0 0 placa6x8.dat
1 15 -80 -111.294 -46.303 0 0 1 -0.139173 0.990268 0 -0.990268 -0.139173 0 popa6p.dat
1 15 -110 -49.308 -65.111 -0.83147 0 0.55557 -0.0773204 0.990268 -0.115718 -0.550163 -0.139173 -0.823378 chimplac.dat
1 15 -90 -52.092 -84.918 -0.55557 0 0.83147 -0.115718 0.990268 -0.0773204 -0.823378 -0.139173 -0.550163 chimplac.dat
1 15 -70 -52.092 -84.918 0.55557 0 0.83147 -0.115718 0.990268 0.0773204 -0.823378 -0.139173 0.550163 chimplac.dat
1 15 -70 -43.741 -25.502 0.55557 0 -0.83147 0.115718 0.990268 0.0773204 0.823378 -0.139173 0.550163 chimplac.dat
1 15 -90 -43.741 -25.502 -0.55557 0 -0.83147 0.115718 0.990268 -0.0773204 0.823378 -0.139173 -0.550163 chimplac.dat
1 15 -50 -46.526 -45.307 0.83147 0 -0.55557 0.0773204 0.990268 0.115718 0.550163 -0.139173 0.823378 chimplac.dat
1 15 -110 -46.526 -45.307 -0.83147 0 -0.55557 0.0773204 0.990268 -0.115718 0.550163 -0.139173 -0.823378 chimplac.dat
1 15 -50 -23.999 0 -1 0 0 0 -0.990268 0.139173 0 0.139173 0.990268 cilindro.dat
1 15 -110 -0.234 -3.34 1 0 0 0 -0.990268 -0.139173 0 0.139173 -0.990268 cilindro.dat
1 15 -50 -0.234 -3.34 -1 0 0 0 -0.990268 0.139173 0 0.139173 0.990268 cilindro.dat
1 15 -60 -28.175 -29.707 0 0 1 0.139173 -0.990268 0 0.990268 0.139173 0 pico.dat
1 15 -110 55.22 -11.134 1 0 0 0 -0.990268 -0.139173 0 0.139173 -0.990268 cilindro.dat
1 15 -110 47.299 -10.02 1 0 0 0 -0.990268 -0.139173 0 0.139173 -0.990268 chimplac.dat
1 15 -70 47.299 -10.02 1 0 0 0 -0.990268 -0.139173 0 0.139173 -0.990268 chimplac.dat
1 15 -50 23.533 -6.679 0.809017 0 -0.587785 -0.0818039 -0.990268 -0.112593 -0.582065 0.139173 -0.801144 chimtubo.dat
1 15 -100 40.77 0.996 1 0 0 0 -0.990268 -0.139173 0 0.139173 -0.990268 placa2.dat
1 15 -100 56.613 -1.231 0 0 -1 -0.139173 -0.990268 0 -0.990268 0.139173 0 pico.dat
1 15 -50 55.22 -11.134 -1 0 0 0 -0.990268 0.139173 0 0.139173 0.990268 cilindro.dat
1 15 -110 78.987 -14.476 1 0 0 0 -0.990268 -0.139173 0 0.139173 -0.990268 cilindro.dat
1 15 -50 78.987 -14.476 -1 0 0 0 -0.990268 0.139173 0 0.139173 0.990268 cilindro.dat
1 15 -60 51.046 -40.842 0 0 1 0.139173 -0.990268 0 0.990268 0.139173 0 pico.dat
1 15 -110 134.442 -22.267 1 0 0 0 -0.990268 -0.139173 0 0.139173 -0.990268 cilindro.dat
1 15 -110 126.52 -21.155 1 0 0 0 -0.990268 -0.139173 0 0.139173 -0.990268 chimplac.dat
1 15 -70 126.52 -21.155 1 0 0 0 -0.990268 -0.139173 0 0.139173 -0.990268 chimplac.dat
1 15 -50 102.754 -17.814 0.809017 0 -0.587785 -0.0818039 -0.990268 -0.112593 -0.582065 0.139173 -0.801144 chimtubo.dat
1 15 -100 119.99 -10.137 1 0 0 0 -0.990268 -0.139173 0 0.139173 -0.990268 placa2.dat
1 15 -100 135.835 -12.364 0 0 -1 -0.139173 -0.990268 0 -0.990268 0.139173 0 pico.dat
1 15 -50 134.442 -22.267 -1 0 0 0 -0.990268 0.139173 0 0.139173 0.990268 cilindro.dat
1 15 -110 158.209 -25.609 1 0 0 0 -0.990268 -0.139173 0 0.139173 -0.990268 cilindro.dat
1 15 -50 158.209 -25.609 -1 0 0 0 -0.990268 0.139173 0 0.139173 0.990268 cilindro.dat
1 15 -60 130.267 -51.973 0 0 1 0.139173 -0.990268 0 0.990268 0.139173 0 pico.dat
1 15 -110 213.666 -33.402 1 0 0 0 -0.990268 -0.139173 0 0.139173 -0.990268 cilindro.dat
1 15 -110 205.742 -32.289 1 0 0 0 -0.990268 -0.139173 0 0.139173 -0.990268 chimplac.dat
1 15 -70 205.742 -32.289 1 0 0 0 -0.990268 -0.139173 0 0.139173 -0.990268 chimplac.dat
1 15 -50 181.976 -28.947 0.809017 0 -0.587785 -0.0818039 -0.990268 -0.112593 -0.582065 0.139173 -0.801144 chimtubo.dat
1 15 -100 199.212 -21.272 1 0 0 0 -0.990268 -0.139173 0 0.139173 -0.990268 placa2.dat
1 15 -100 215.057 -23.5 0 0 -1 -0.139173 -0.990268 0 -0.990268 0.139173 0 pico.dat
1 15 -50 213.666 -33.402 -1 0 0 0 -0.990268 0.139173 0 0.139173 0.990268 cilindro.dat
1 15 -110 237.43 -36.741 1 0 0 0 -0.990268 -0.139173 0 0.139173 -0.990268 cilindro.dat
1 15 -50 237.43 -36.741 -1 0 0 0 -0.990268 0.139173 0 0.139173 0.990268 cilindro.dat
1 15 -60 209.488 -63.109 0 0 1 0.139173 -0.990268 0 0.990268 0.139173 0 pico.dat
1 15 -110 292.887 -44.535 1 0 0 0 -0.990268 -0.139173 0 0.139173 -0.990268 cilindro.dat
1 15 -110 284.963 -43.422 1 0 0 0 -0.990268 -0.139173 0 0.139173 -0.990268 chimplac.dat
1 15 -70 284.963 -43.422 1 0 0 0 -0.990268 -0.139173 0 0.139173 -0.990268 chimplac.dat
1 15 -50 261.196 -40.081 0.809017 0 -0.587785 -0.0818039 -0.990268 -0.112593 -0.582065 0.139173 -0.801144 chimtubo.dat
1 15 -100 278.432 -32.408 1 0 0 0 -0.990268 -0.139173 0 0.139173 -0.990268 placa2.dat
1 15 -100 294.276 -34.633 0 0 -1 -0.139173 -0.990268 0 -0.990268 0.139173 0 pico.dat
1 15 -50 292.887 -44.535 -1 0 0 0 -0.990268 0.139173 0 0.139173 0.990268 cilindro.dat
1 15 -110 316.651 -47.875 1 0 0 0 -0.990268 -0.139173 0 0.139173 -0.990268 cilindro.dat
1 15 -50 316.651 -47.875 -1 0 0 0 -0.990268 0.139173 0 0.139173 0.990268 cilindro.dat
1 15 -60 288.709 -74.245 0 0 1 0.139173 -0.990268 0 0.990268 0.139173 0 pico.dat
1 15 -110 372.108 -55.669 1 0 0 0 -0.990268 -0.139173 0 0.139173 -0.990268 cilindro.dat
1 15 -110 364.183 -54.555 1 0 0 0 -0.990268 -0.139173 0 0.139173 -0.990268 chimplac.dat
1 15 -70 364.183 -54.555 1 0 0 0 -0.990268 -0.139173 0 0.139173 -0.990268 chimplac.dat
1 15 -50 340.421 -51.216 0.809017 0 -0.587785 -0.0818039 -0.990268 -0.112593 -0.582065 0.139173 -0.801144 chimtubo.dat
1 15 -100 357.657 -43.54 1 0 0 0 -0.990268 -0.139173 0 0.139173 -0.990268 placa2.dat
1 15 -100 373.5 -45.768 0 0 -1 -0.139173 -0.990268 0 -0.990268 0.139173 0 pico.dat
1 15 -50 372.108 -55.669 -1 0 0 0 -0.990268 0.139173 0 0.139173 0.990268 cilindro.dat
1 15 -110 395.875 -59.009 1 0 0 0 -0.990268 -0.139173 0 0.139173 -0.990268 cilindro.dat
1 15 -50 395.875 -59.009 -1 0 0 0 -0.990268 0.139173 0 0.139173 0.990268 cilindro.dat
1 15 -60 367.932 -85.377 0 0 1 0.139173 -0.990268 0 0.990268 0.139173 0 pico.dat
1 15 -110 451.328 -66.804 1 0 0 0 -0.990268 -0.139173 0 0.139173 -0.990268 cilindro.dat
1 15 -110 443.409 -65.69 1 0 0 0 -0.990268 -0.139173 0 0.139173 -0.990268 chimplac.dat
1 15 -70 443.409 -65.69 1 0 0 0 -0.990268 -0.139173 0 0.139173 -0.990268 chimplac.dat
1 15 -50 419.64 -62.348 0.809017 0 -0.587785 -0.0818039 -0.990268 -0.112593 -0.582065 0.139173 -0.801144 chimtubo.dat
1 15 -50 498.862 -73.483 -1 0 0 0 -0.990268 0.139173 0 0.139173 0.990268 cilindro.dat
1 15 -50 522.629 -76.823 -1 0 0 0 -0.990268 0.139173 0 0.139173 0.990268 cilindro.dat
1 15 -50 546.396 -80.164 0.809017 0 -0.587785 -0.0818039 -0.990268 -0.112593 -0.582065 0.139173 -0.801144 chimtubo.dat
1 15 -100 547.784 -70.26 1 0 0 0 -0.990268 -0.139173 0 0.139173 -0.990268 jacena2.dat
1 15 -100 524.021 -66.921 1 0 0 0 -0.990268 -0.139173 0 0.139173 -0.990268 jacena2.dat
1 15 -100 500.256 -63.581 1 0 0 0 -0.990268 -0.139173 0 0.139173 -0.990268 jacena2.dat
1 7 -88 477.263 -90.645 0 -1 0 -0.990268 0 -0.139173 0.139173 0 -0.990268 llanrutt.dat
1 15 -100 436.873 -54.673 1 0 0 0 -0.990268 -0.139173 0 0.139173 -0.990268 placa2.dat
1 15 -100 452.721 -56.899 0 0 -1 -0.139173 -0.990268 0 -0.990268 0.139173 0 pico.dat
1 15 -50 451.328 -66.804 -1 0 0 0 -0.990268 0.139173 0 0.139173 0.990268 cilindro.dat
1 15 -110 475.096 -70.144 1 0 0 0 -0.990268 -0.139173 0 0.139173 -0.990268 cilindro.dat
1 15 -110 498.862 -73.483 1 0 0 0 -0.990268 -0.139173 0 0.139173 -0.990268 cilindro.dat
1 15 -110 522.629 -76.823 1 0 0 0 -0.990268 -0.139173 0 0.139173 -0.990268 cilindro.dat
1 15 -50 475.096 -70.144 -1 0 0 0 -0.990268 0.139173 0 0.139173 0.990268 cilindro.dat
1 15 -60 447.153 -96.511 0 0 1 0.139173 -0.990268 0 0.990268 0.139173 0 pico.dat
0 Untitled
0 Name: TorrePisaLego.ldr
0 Author: MLCad
0 Unofficial Model
1 15 -33.819 -25.636 -11.64 0.309017 0 -0.951057 -0.132362 -0.990268 -0.0430069 -0.941801 0.139173 -0.30601 cilindro.dat
1 15 -21.218 -26.531 -17.999 -0.951057 0 -0.309017 -0.0430069 -0.990268 0.132362 -0.30601 0.139173 0.941801 pico.dat
1 15 -15.279 -33.579 -68.151 -0.309017 0 0.951057 0.132362 -0.990268 0.0430069 0.941801 0.139173 0.30601 cilindro.dat
1 15 -33.819 -1.869 -14.983 0.309017 0 -0.951057 -0.132362 -0.990268 -0.0430069 -0.941801 0.139173 -0.30601 cilindro.dat
1 15 -15.279 -9.812 -71.489 -0.309017 0 0.951057 0.132362 -0.990268 0.0430069 0.941801 0.139173 0.30601 cilindro.dat
1 15 -46.901 -33.543 -67.911 0.951057 0 0.309017 0.0430069 -0.990268 -0.132362 0.30601 0.139173 -0.941801 pico.dat
1 15 -33.819 53.584 -22.775 0.309017 0 -0.951057 -0.132362 -0.990268 -0.0430069 -0.941801 0.139173 -0.30601 cilindro.dat
1 15 -33.819 45.663 -21.662 0.309017 0 -0.951057 -0.132362 -0.990268 -0.0430069 -0.941801 0.139173 -0.30601 chimplac.dat
1 15 -21.459 40.37 -59.334 0.309017 0 -0.951057 -0.132362 -0.990268 -0.0430069 -0.941801 0.139173 -0.30601 chimplac.dat
1 15 -15.279 13.954 -74.829 -0.309017 0 -0.951057 -0.132362 -0.990268 0.0430069 -0.941801 0.139173 0.30601 chimtubo.dat
1 15 -21.218 36.847 -26.907 0.309017 0 -0.951057 -0.132362 -0.990268 -0.0430069 -0.941801 0.139173 -0.30601 placa2.dat
1 15 -21.218 52.693 -29.132 -0.951057 0 -0.309017 -0.0430069 -0.990268 0.132362 -0.30601 0.139173 0.941801 pico.dat
1 15 -15.279 45.644 -79.283 -0.309017 0 0.951057 0.132362 -0.990268 0.0430069 0.941801 0.139173 0.30601 cilindro.dat
1 15 -33.819 77.351 -26.114 0.309017 0 -0.951057 -0.132362 -0.990268 -0.0430069 -0.941801 0.139173 -0.30601 cilindro.dat
1 15 -15.279 69.411 -82.624 -0.309017 0 0.951057 0.132362 -0.990268 0.0430069 0.941801 0.139173 0.30601 cilindro.dat
1 15 -46.901 45.678 -79.045 0.951057 0 0.309017 0.0430069 -0.990268 -0.132362 0.30601 0.139173 -0.941801 pico.dat
1 15 -33.819 132.808 -33.909 0.309017 0 -0.951057 -0.132362 -0.990268 -0.0430069 -0.941801 0.139173 -0.30601 cilindro.dat
1 15 -33.819 124.885 -32.797 0.309017 0 -0.951057 -0.132362 -0.990268 -0.0430069 -0.941801 0.139173 -0.30601 chimplac.dat
1 15 -21.459 119.589 -70.466 0.309017 0 -0.951057 -0.132362 -0.990268 -0.0430069 -0.941801 0.139173 -0.30601 chimplac.dat
1 15 -15.279 93.178 -85.966 -0.309017 0 -0.951057 -0.132362 -0.990268 0.0430069 -0.941801 0.139173 0.30601 chimtubo.dat
1 15 -21.218 116.069 -38.039 0.309017 0 -0.951057 -0.132362 -0.990268 -0.0430069 -0.941801 0.139173 -0.30601 placa2.dat
1 15 -21.218 131.914 -40.266 -0.951057 0 -0.309017 -0.0430069 -0.990268 0.132362 -0.30601 0.139173 0.941801 pico.dat
1 15 -15.279 124.865 -90.417 -0.309017 0 0.951057 0.132362 -0.990268 0.0430069 0.941801 0.139173 0.30601 cilindro.dat
1 15 -33.819 156.573 -37.251 0.309017 0 -0.951057 -0.132362 -0.990268 -0.0430069 -0.941801 0.139173 -0.30601 cilindro.dat
1 15 -15.279 148.631 -93.756 -0.309017 0 0.951057 0.132362 -0.990268 0.0430069 0.941801 0.139173 0.30601 cilindro.dat
1 15 -46.901 124.898 -90.179 0.951057 0 0.309017 0.0430069 -0.990268 -0.132362 0.30601 0.139173 -0.941801 pico.dat
1 15 -33.819 212.028 -45.043 0.309017 0 -0.951057 -0.132362 -0.990268 -0.0430069 -0.941801 0.139173 -0.30601 cilindro.dat
1 15 -33.819 204.107 -43.931 0.309017 0 -0.951057 -0.132362 -0.990268 -0.0430069 -0.941801 0.139173 -0.30601 chimplac.dat
1 15 -21.459 198.809 -81.603 0.309017 0 -0.951057 -0.132362 -0.990268 -0.0430069 -0.941801 0.139173 -0.30601 chimplac.dat
1 15 -15.279 172.397 -97.099 -0.309017 0 -0.951057 -0.132362 -0.990268 0.0430069 -0.941801 0.139173 0.30601 chimtubo.dat
1 15 -21.218 195.29 -49.174 0.309017 0 -0.951057 -0.132362 -0.990268 -0.0430069 -0.941801 0.139173 -0.30601 placa2.dat
1 15 -21.218 211.136 -51.4 -0.951057 0 -0.309017 -0.0430069 -0.990268 0.132362 -0.30601 0.139173 0.941801 pico.dat
1 15 -15.279 204.085 -101.553 -0.309017 0 0.951057 0.132362 -0.990268 0.0430069 0.941801 0.139173 0.30601 cilindro.dat
1 15 -33.819 235.792 -48.385 0.309017 0 -0.951057 -0.132362 -0.990268 -0.0430069 -0.941801 0.139173 -0.30601 cilindro.dat
1 15 -15.279 227.854 -104.892 -0.309017 0 0.951057 0.132362 -0.990268 0.0430069 0.941801 0.139173 0.30601 cilindro.dat
1 15 -46.901 204.12 -101.313 0.951057 0 0.309017 0.0430069 -0.990268 -0.132362 0.30601 0.139173 -0.941801 pico.dat
1 15 -33.819 291.251 -56.178 0.309017 0 -0.951057 -0.132362 -0.990268 -0.0430069 -0.941801 0.139173 -0.30601 cilindro.dat
1 15 -33.819 283.327 -55.064 0.309017 0 -0.951057 -0.132362 -0.990268 -0.0430069 -0.941801 0.139173 -0.30601 chimplac.dat
1 15 -21.459 278.033 -92.735 0.309017 0 -0.951057 -0.132362 -0.990268 -0.0430069 -0.941801 0.139173 -0.30601 chimplac.dat
1 15 -15.279 251.62 -108.23 -0.309017 0 -0.951057 -0.132362 -0.990268 0.0430069 -0.941801 0.139173 0.30601 chimtubo.dat
1 15 -21.218 274.512 -60.308 0.309017 0 -0.951057 -0.132362 -0.990268 -0.0430069 -0.941801 0.139173 -0.30601 placa2.dat
1 15 -21.218 290.356 -62.533 -0.951057 0 -0.309017 -0.0430069 -0.990268 0.132362 -0.30601 0.139173 0.941801 pico.dat
1 15 -15.279 283.308 -112.685 -0.309017 0 0.951057 0.132362 -0.990268 0.0430069 0.941801 0.139173 0.30601 cilindro.dat
1 15 -33.819 315.016 -59.516 0.309017 0 -0.951057 -0.132362 -0.990268 -0.0430069 -0.941801 0.139173 -0.30601 cilindro.dat
1 15 -15.279 307.074 -116.024 -0.309017 0 0.951057 0.132362 -0.990268 0.0430069 0.941801 0.139173 0.30601 cilindro.dat
1 15 -46.901 283.34 -112.447 0.951057 0 0.309017 0.0430069 -0.990268 -0.132362 0.30601 0.139173 -0.941801 pico.dat
1 15 -33.819 370.471 -67.309 0.309017 0 -0.951057 -0.132362 -0.990268 -0.0430069 -0.941801 0.139173 -0.30601 cilindro.dat
1 15 -33.819 362.547 -66.196 0.309017 0 -0.951057 -0.132362 -0.990268 -0.0430069 -0.941801 0.139173 -0.30601 chimplac.dat
1 15 -21.459 357.255 -103.871 0.309017 0 -0.951057 -0.132362 -0.990268 -0.0430069 -0.941801 0.139173 -0.30601 chimplac.dat
1 15 -15.279 330.84 -119.366 -0.309017 0 -0.951057 -0.132362 -0.990268 0.0430069 -0.941801 0.139173 0.30601 chimtubo.dat
1 15 -21.218 353.732 -71.443 0.309017 0 -0.951057 -0.132362 -0.990268 -0.0430069 -0.941801 0.139173 -0.30601 placa2.dat
1 15 -21.218 369.577 -73.67 -0.951057 0 -0.309017 -0.0430069 -0.990268 0.132362 -0.30601 0.139173 0.941801 pico.dat
1 15 -15.279 362.528 -123.819 -0.309017 0 0.951057 0.132362 -0.990268 0.0430069 0.941801 0.139173 0.30601 cilindro.dat
1 15 -33.819 394.239 -70.65 0.309017 0 -0.951057 -0.132362 -0.990268 -0.0430069 -0.941801 0.139173 -0.30601 cilindro.dat
1 15 -15.279 386.297 -127.159 -0.309017 0 0.951057 0.132362 -0.990268 0.0430069 0.941801 0.139173 0.30601 cilindro.dat
1 15 -46.901 362.564 -123.581 0.951057 0 0.309017 0.0430069 -0.990268 -0.132362 0.30601 0.139173 -0.941801 pico.dat
1 15 -33.819 449.694 -78.445 0.309017 0 -0.951057 -0.132362 -0.990268 -0.0430069 -0.941801 0.139173 -0.30601 cilindro.dat
1 15 -33.819 441.77 -77.331 0.309017 0 -0.951057 -0.132362 -0.990268 -0.0430069 -0.941801 0.139173 -0.30601 chimplac.dat
1 15 -21.459 436.477 -115.003 0.309017 0 -0.951057 -0.132362 -0.990268 -0.0430069 -0.941801 0.139173 -0.30601 chimplac.dat
1 15 -15.279 410.061 -130.501 -0.309017 0 -0.951057 -0.132362 -0.990268 0.0430069 -0.941801 0.139173 0.30601 chimtubo.dat
1 15 -15.279 489.283 -141.633 -0.309017 0 0.951057 0.132362 -0.990268 0.0430069 0.941801 0.139173 0.30601 cilindro.dat
1 15 -15.279 513.049 -144.975 -0.309017 0 0.951057 0.132362 -0.990268 0.0430069 0.941801 0.139173 0.30601 cilindro.dat
1 15 -15.279 536.816 -148.312 -0.309017 0 -0.951057 -0.132362 -0.990268 0.0430069 -0.941801 0.139173 0.30601 chimtubo.dat
1 15 -21.218 543.868 -98.162 0.309017 0 -0.951057 -0.132362 -0.990268 -0.0430069 -0.941801 0.139173 -0.30601 jacena2.dat
1 15 -21.218 520.097 -94.822 0.309017 0 -0.951057 -0.132362 -0.990268 -0.0430069 -0.941801 0.139173 -0.30601 jacena2.dat
1 15 -21.218 496.331 -91.483 0.309017 0 -0.951057 -0.132362 -0.990268 -0.0430069 -0.941801 0.139173 -0.30601 jacena2.dat
1 7 -46.041 474.639 -109.322 0 -0.309017 -0.951057 -0.990268 0.132362 -0.0430069 0.139173 0.941801 -0.30601 llanrutt.dat
1 15 -21.218 432.956 -82.574 0.309017 0 -0.951057 -0.132362 -0.990268 -0.0430069 -0.941801 0.139173 -0.30601 placa2.dat
1 15 -21.218 448.798 -84.801 -0.951057 0 -0.309017 -0.0430069 -0.990268 0.132362 -0.30601 0.139173 0.941801 pico.dat
1 15 -15.279 441.752 -134.953 -0.309017 0 0.951057 0.132362 -0.990268 0.0430069 0.941801 0.139173 0.30601 cilindro.dat
1 15 -33.819 473.459 -81.783 0.309017 0 -0.951057 -0.132362 -0.990268 -0.0430069 -0.941801 0.139173 -0.30601 cilindro.dat
1 15 -33.819 497.226 -85.126 0.309017 0 -0.951057 -0.132362 -0.990268 -0.0430069 -0.941801 0.139173 -0.30601 cilindro.dat
1 15 -33.819 520.992 -88.467 0.309017 0 -0.951057 -0.132362 -0.990268 -0.0430069 -0.941801 0.139173 -0.30601 cilindro.dat
1 15 -15.279 465.518 -138.293 -0.309017 0 0.951057 0.132362 -0.990268 0.0430069 0.941801 0.139173 0.30601 cilindro.dat
1 15 -46.901 441.784 -134.715 0.951057 0 0.309017 0.0430069 -0.990268 -0.132362 0.30601 0.139173 -0.941801 pico.dat
0 Untitled
0 Name: TorrePisaLego.ldr
0 Author: MLCad
0 Unofficial Model
1 15 -21.459 -36.224 -86.987 -0.809017 0 -0.587785 -0.0818039 -0.990268 0.112593 -0.582065 0.139173 0.801144 cilindro.dat
1 15 -23.67 -38.168 -100.821 -0.587785 0 0.809017 0.112593 -0.990268 0.0818039 0.801144 0.139173 0.582065 pico.dat
1 15 -70 -41.133 -121.911 0.809017 0 0.587785 0.0818039 -0.990268 -0.112593 0.582065 0.139173 -0.801144 cilindro.dat
1 15 -21.459 -12.459 -90.33 -0.809017 0 -0.587785 -0.0818039 -0.990268 0.112593 -0.582065 0.139173 0.801144 cilindro.dat
1 15 -70 -17.367 -125.251 0.809017 0 0.587785 0.0818039 -0.990268 -0.112593 0.582065 0.139173 -0.801144 cilindro.dat
1 15 -79.543 -36.937 -92.053 0.587785 0 -0.809017 -0.112593 -0.990268 -0.0818039 -0.801144 0.139173 -0.582065 pico.dat
1 15 -21.459 42.996 -98.122 -0.809017 0 -0.587785 -0.0818039 -0.990268 0.112593 -0.582065 0.139173 0.801144 cilindro.dat
1 15 -21.459 35.075 -97.009 -0.809017 0 -0.587785 -0.0818039 -0.990268 0.112593 -0.582065 0.139173 0.801144 chimplac.dat
1 15 -53.819 31.801 -120.289 -0.809017 0 -0.587785 -0.0818039 -0.990268 0.112593 -0.582065 0.139173 0.801144 chimplac.dat
1 15 -70 6.399 -128.591 -1 0 0 0 -0.990268 0.139173 0 0.139173 0.990268 chimtubo.dat
1 15 -23.67 25.206 -109.725 -0.809017 0 -0.587785 -0.0818039 -0.990268 0.112593 -0.582065 0.139173 0.801144 placa2.dat
1 15 -23.67 41.054 -111.952 -0.587785 0 0.809017 0.112593 -0.990268 0.0818039 0.801144 0.139173 0.582065 pico.dat
1 15 -70 38.089 -133.045 0.809017 0 0.587785 0.0818039 -0.990268 -0.112593 0.582065 0.139173 -0.801144 cilindro.dat
1 15 -21.459 66.763 -101.462 -0.809017 0 -0.587785 -0.0818039 -0.990268 0.112593 -0.582065 0.139173 0.801144 cilindro.dat
1 15 -70 61.855 -136.384 0.809017 0 0.587785 0.0818039 -0.990268 -0.112593 0.582065 0.139173 -0.801144 cilindro.dat
1 15 -79.543 42.284 -103.188 0.587785 0 -0.809017 -0.112593 -0.990268 -0.0818039 -0.801144 0.139173 -0.582065 pico.dat
1 15 -21.459 122.216 -109.258 -0.809017 0 -0.587785 -0.0818039 -0.990268 0.112593 -0.582065 0.139173 0.801144 cilindro.dat
1 15 -21.459 114.295 -108.144 -0.809017 0 -0.587785 -0.0818039 -0.990268 0.112593 -0.582065 0.139173 0.801144 chimplac.dat
1 15 -53.819 111.024 -131.421 -0.809017 0 -0.587785 -0.0818039 -0.990268 0.112593 -0.582065 0.139173 0.801144 chimplac.dat
1 15 -70 85.62 -139.724 -1 0 0 0 -0.990268 0.139173 0 0.139173 0.990268 chimtubo.dat
1 15 -23.67 104.43 -120.86 -0.809017 0 -0.587785 -0.0818039 -0.990268 0.112593 -0.582065 0.139173 0.801144 placa2.dat
1 15 -23.67 120.273 -123.086 -0.587785 0 0.809017 0.112593 -0.990268 0.0818039 0.801144 0.139173 0.582065 pico.dat
1 15 -70 117.311 -144.177 0.809017 0 0.587785 0.0818039 -0.990268 -0.112593 0.582065 0.139173 -0.801144 cilindro.dat
1 15 -21.459 145.983 -112.595 -0.809017 0 -0.587785 -0.0818039 -0.990268 0.112593 -0.582065 0.139173 0.801144 cilindro.dat
1 15 -70 141.077 -147.518 0.809017 0 0.587785 0.0818039 -0.990268 -0.112593 0.582065 0.139173 -0.801144 cilindro.dat
1 15 -79.543 121.506 -114.322 0.587785 0 -0.809017 -0.112593 -0.990268 -0.0818039 -0.801144 0.139173 -0.582065 pico.dat
1 15 -21.459 201.441 -120.387 -0.809017 0 -0.587785 -0.0818039 -0.990268 0.112593 -0.582065 0.139173 0.801144 cilindro.dat
1 15 -21.459 193.515 -119.277 -0.809017 0 -0.587785 -0.0818039 -0.990268 0.112593 -0.582065 0.139173 0.801144 chimplac.dat
1 15 -53.819 190.243 -142.555 -0.809017 0 -0.587785 -0.0818039 -0.990268 0.112593 -0.582065 0.139173 0.801144 chimplac.dat
1 15 -70 164.843 -150.857 -1 0 0 0 -0.990268 0.139173 0 0.139173 0.990268 chimtubo.dat
1 15 -23.67 183.651 -131.994 -0.809017 0 -0.587785 -0.0818039 -0.990268 0.112593 -0.582065 0.139173 0.801144 placa2.dat
1 15 -23.67 199.495 -134.222 -0.587785 0 0.809017 0.112593 -0.990268 0.0818039 0.801144 0.139173 0.582065 pico.dat
1 15 -70 196.53 -155.31 0.809017 0 0.587785 0.0818039 -0.990268 -0.112593 0.582065 0.139173 -0.801144 cilindro.dat
1 15 -21.459 225.206 -123.73 -0.809017 0 -0.587785 -0.0818039 -0.990268 0.112593 -0.582065 0.139173 0.801144 cilindro.dat
1 15 -70 220.298 -158.65 0.809017 0 0.587785 0.0818039 -0.990268 -0.112593 0.582065 0.139173 -0.801144 cilindro.dat
1 15 -79.543 200.729 -125.456 0.587785 0 -0.809017 -0.112593 -0.990268 -0.0818039 -0.801144 0.139173 -0.582065 pico.dat
