0 Untitled
0 Name: TorreHercules.ldr
0 Author: MLCad
0 Unofficial Model
0 ROTATION CENTER 0 0 0 1 "Custom" 
0 ROTATION CONFIG 0 0
1 8 147.456 1088 -26.955 -1 0 0 0 0 -1 0 -1 0 baldc4x6.dat
1 8 65.862 1088 -27.115 -0.979925 0.199368 0 0 0 -0.999999 -0.199368 -0.979924 0 baldc4x6.dat
1 8 302.419 1088 -72.617 -0.902585 -0.430511 0 0 0 -1 0.430511 -0.902586 0 baldc4x6.dat
1 8 305.339 1088 -74.201 0 -0.688355 0.725374 -1 0 0 0 -0.725374 -0.688355 baldc2.dat
1 8 -134.882 1088 -119.993 -0.430511 0.902586 0 0 0 -1 -0.902585 -0.430511 0 baldc4x6.dat
1 8 -105.764 1088 -88.057 0 0.725374 0.688355 -1 0 0 0 -0.688355 0.725374 baldc1.dat
1 8 334.354 1088 -101.735 0 -0.688355 0.725374 -1 0 0 0 -0.725374 -0.688355 baldc1.dat
1 8 -133.298 1088 -117.072 0 0.725374 0.688355 -1 0 0 0 -0.688355 0.725374 baldc2.dat
1 8 395.296 1088 -273.361 -0.199368 -0.979924 0 0 0 -0.999999 0.979925 -0.199368 0 baldc4x6.dat
1 8 -180.544 1088 -274.955 0 1 0 0 0 -1 -1 0 0 baldc4x6.dat
1 8 395.456 1088 -354.955 0 -1 0 0 0 -1 1 0 0 baldc4x6.dat
1 8 -181.068 1088 -356.312 0.147809 0.989015 0 0 0 -0.999999 -0.989016 0.14781 0 baldc4x6.dat
1 8 349.795 1088 -509.917 0.430511 -0.902586 0 0 0 -1 0.902585 0.430511 0 baldc4x6.dat
1 8 348.21 1088 -512.838 0 -0.725374 -0.688355 -1 0 0 0 0.688355 -0.725374 baldc2.dat
1 8 -88.67 1088 -558.482 0.936672 0.350207 0 0 0 -1 -0.350207 0.936673 0 baldc4x6.dat
1 8 -120.073 1088 -527.391 0 0.725375 -0.688354 -1 0 0 0 0.688354 0.725375 baldc1.dat
1 8 320.676 1088 -541.853 0 -0.725374 -0.688355 -1 0 0 0 0.688355 -0.725374 baldc1.dat
1 8 -92.538 1088 -556.405 0 0.725375 -0.688354 -1 0 0 0 0.688354 0.725375 baldc2.dat
1 8 149.05 1088 -602.795 0.979925 -0.199368 0 0 0 -0.999999 0.199368 0.979924 0 baldc4x6.dat
1 8 166.241 1088 -45.498 0 -0.130527 0.991445 -1 0 0 0 -0.991445 -0.130527 placa2x3.dat
1 8 10.259 1088 -54.755 0 0.199367 0.979924 -1 0 0 0 -0.979924 0.199367 placa2x3.dat
1 8 241.381 1088 -61.228 0 -0.430511 0.902585 -1 0 0 0 -0.902585 -0.430511 placa2x3.dat
1 8 -64.335 1088 -79.408 0 0.350208 0.936672 -1 0 0 0 -0.936672 0.350208 placa2x3.dat
1 8 299.833 1088 -80.004 0 -0.688355 0.725374 -1 0 0 0 -0.725374 -0.688355 placa2.dat
1 8 308.833 1088 -99.574 0 -0.688355 0.725374 -1 0 0 0 -0.725374 -0.688355 placa4.dat
1 8 -107.925 1088 -113.578 0 0.725374 0.688355 -1 0 0 0 -0.688355 0.725374 placa4.dat
1 8 -127.495 1088 -122.578 0 0.725374 0.688355 -1 0 0 0 -0.688355 0.725374 placa2.dat
1 8 343.003 1088 -143.165 0 -0.936672 0.350208 -1 0 0 0 -0.350208 -0.936672 placa2x3.dat
1 8 187.456 1088 -174.955 -1 0 0 0 1 0 0 0 -1 placa2x8.dat
1 8 -146.271 1088 -181.03 0 0.902585 0.430511 -1 0 0 0 -0.430511 0.902585 placa2x3.dat
1 8 367.655 1088 -217.758 0 -0.979924 0.199367 -1 0 0 0 -0.199367 -0.979924 placa2x3.dat
1 8 -32.544 1088 -234.955 0 0 1 0 1 0 -1 0 0 placa2x8.dat
1 8 207.456 1088 -234.955 0 0 1 0 1 0 -1 0 0 placa2x8.dat
1 8 -162.001 1088 -256.17 0 0.991445 0.130527 -1 0 0 0 -0.130527 0.991445 placa2x3.dat
1 8 376.913 1088 -373.74 0 -0.991445 -0.130527 -1 0 0 0 0.130527 -0.991445 placa2x3.dat
1 8 -156.381 1088 -413.283 0 0.989015 -0.147809 -1 0 0 0 0.147809 0.989015 placa2x3.dat
1 8 187.456 1088 -414.955 -1 0 0 0 1 0 0 0 -1 placa2x8.dat
1 8 361.183 1088 -448.88 0 -0.902585 -0.430511 -1 0 0 0 0.430511 -0.902585 placa2x3.dat
1 8 -129.174 1088 -485.528 0 0.909961 -0.414694 -1 0 0 0 0.414694 0.909961 placa2x3.dat
1 8 342.407 1088 -507.332 0 -0.725374 -0.688355 -1 0 0 0 0.688355 -0.725374 placa2.dat
1 8 322.837 1088 -516.332 0 -0.725374 -0.688355 -1 0 0 0 0.688355 -0.725374 placa4.dat
1 8 -94.701 1088 -530.883 0 0.725375 -0.688354 -1 0 0 0 0.688354 0.725375 placa4.dat
1 8 279.247 1088 -550.502 0 -0.350208 -0.936672 -1 0 0 0 0.936672 -0.350208 placa2x3.dat
1 8 -86.738 1088 -550.899 0 0.725375 -0.688354 -1 0 0 0 0.688354 0.725375 placa2.dat
1 8 -26.87 1088 -564.508 0 0.350207 -0.936672 -1 0 0 0 0.936672 0.350207 placa2x3.dat
1 8 204.653 1088 -575.155 0 -0.199367 -0.979924 -1 0 0 0 0.979924 -0.199367 placa2x3.dat
1 8 49.453 1088 -583.127 0 0.199369 -0.979925 -1 0 0 0 0.979925 0.199369 placa2x3.dat
1 8 107.456 1088 -34.955 -1 0 0 0 1 0 0 0 -1 enganch2.dat
1 8 127.456 1088 -34.955 -1 0 0 0 1 0 0 0 -1 enganch2.dat
1 8 87.456 1088 -54.955 0 0 1 0 1 0 -1 0 0 jacen2x2.dat
1 8 367.456 1088 -294.955 -1 0 0 0 1 0 0 0 -1 jacen2x2.dat
1 8 -172.544 1088 -294.955 0 0 1 0 1 0 -1 0 0 enganch2.dat
1 8 -172.544 1088 -314.955 0 0 1 0 1 0 -1 0 0 enganch2.dat
1 8 387.456 1088 -314.955 0 0 -1 0 1 0 1 0 0 enganch2.dat
1 8 -152.544 1088 -334.955 1 0 0 0 1 0 0 0 1 jacen2x2.dat
1 8 387.456 1088 -334.955 0 0 -1 0 1 0 1 0 0 enganch2.dat
1 8 127.456 1088 -574.955 0 0 -1 0 1 0 1 0 0 jacen2x2.dat
1 8 87.456 1088 -594.955 1 0 0 0 1 0 0 0 1 enganch2.dat
1 8 107.456 1088 -594.955 1 0 0 0 1 0 0 0 1 enganch2.dat
1 8 67.457 1068 -34.955 0 0.199367 -0.979924 1 0 0 0 -0.979924 -0.199367 bisnreje.dat
1 8 147.456 1068 -34.955 0 -0.130527 -0.991445 1 0 0 0 -0.991445 0.130527 bisnreje.dat
1 8 226.773 1068 -45.397 0 -0.130527 -0.991445 1 0 0 0 -0.991445 0.130527 bisnreje.dat
1 8 -10.934 1068 -50.903 0 0.113203 -0.993572 1 0 0 0 -0.993572 -0.113203 bisnreje.dat
1 8 -85.869 1068 -78.919 0 0.350208 0.936672 -1 0 0 0 -0.936672 0.350208 bisnreje.dat
1 8 343.492 1068 -121.63 0 -0.936672 0.350208 -1 0 0 0 -0.350208 -0.936672 bisnreje.dat
1 8 -162.102 1068 -195.638 0 0.991445 -0.130527 1 0 0 0 -0.130527 -0.991445 bisnreje.dat
1 8 371.508 1068 -196.565 0 -0.993572 -0.113203 1 0 0 0 -0.113203 0.993572 bisnreje.dat
1 8 -172.544 1068 -274.955 0 0.991445 -0.130527 1 0 0 0 -0.130527 -0.991445 bisnreje.dat
1 8 387.456 1068 -274.956 0 -0.979924 -0.199367 1 0 0 0 -0.199367 0.979924 bisnreje.dat
1 8 -173.156 1068 -355.128 0 0.989015 0.147809 1 0 0 0 0.147809 -0.989015 bisnreje.dat
1 8 387.456 1068 -354.955 0 -0.991445 0.130527 1 0 0 0 0.130527 0.991445 bisnreje.dat
1 8 -161.334 1068 -434.245 0 0.998135 0.0610483 1 0 0 0 0.0610483 -0.998135 bisnreje.dat
1 8 377.014 1068 -434.272 0 -0.991445 0.130527 1 0 0 0 0.130527 0.991445 bisnreje.dat
1 8 -128.156 1068 -507.041 0 0.909961 -0.414694 -1 0 0 0 0.414694 0.909961 bisnreje.dat
1 8 300.781 1068 -550.991 0 -0.350208 -0.936672 -1 0 0 0 0.936672 -0.350208 bisnreje.dat
1 8 225.846 1068 -579.007 0 -0.113203 0.993572 1 0 0 0 0.993572 0.113203 bisnreje.dat
1 8 -10.941 1068 -579.005 0 0.199369 0.979925 1 0 0 0 0.979925 -0.199369 bisnreje.dat
1 8 -10.941 1028 -579.005 0 0.199369 0.979925 1 0 0 0 0.979925 -0.199369 bisnreje.dat
1 8 67.456 1068 -594.955 0 0.130527 0.991445 1 0 0 0 0.991445 -0.130527 bisnreje.dat
1 8 147.455 1068 -594.955 0 -0.199367 0.979924 1 0 0 0 0.979924 0.199367 bisnreje.dat
1 8 187.456 1080 -174.955 -1 0 0 0 1 0 0 0 -1 jacen2x8.dat
1 8 -32.544 1080 -234.955 0 0 1 0 1 0 -1 0 0 jacen2x8.dat
1 8 207.456 1080 -234.955 0 0 1 0 1 0 -1 0 0 jacen2x8.dat
1 8 187.456 1080 -414.955 -1 0 0 0 1 0 0 0 -1 jacen2x8.dat
1 8 67.456 1068 -34.955 0 0 1 -1 0 0 0 -1 0 bisnrarr.dat
1 8 67.457 1068 -34.955 0 0.199368 -0.979924 1 0 0 0 -0.979924 -0.199368 bisnrarr.dat
1 8 147.456 1068 -34.955 0 0 -1 1 0 0 0 -1 0 bisnrarr.dat
1 8 147.456 1068 -34.955 0 -0.130526 0.991445 -1 0 0 0 -0.991445 -0.130526 bisnrarr.dat
1 8 226.773 1068 -45.397 0 -0.430511 0.902586 -1 0 0 0 -0.902586 -0.430511 bisnrarr.dat
1 8 226.773 1068 -45.397 0 -0.130527 -0.991445 1 0 0 0 -0.991445 0.130527 bisnrarr.dat
1 8 -10.934 1068 -50.903 0 0.199367 0.979924 -1 0 0 0 -0.979924 0.199367 bisnrarr.dat
1 8 -10.934 1068 -50.903 0 0.350208 -0.936672 1 0 0 0 -0.936672 -0.350208 bisnrarr.dat
1 8 305.341 1068 -74.201 0 -0.688355 0.725374 -1 0 0 0 -0.725374 -0.688355 baldc2x2.dat
1 8 -85.869 1068 -78.919 0 0.350208 0.936672 -1 0 0 0 -0.936672 0.350208 bisnrarr.dat
1 8 -86.196 1068 -79.052 0 0.725374 -0.688355 1 0 0 0 -0.688355 -0.725374 bisnrarr.dat
1 8 -133.298 1068 -117.069 0 0.725374 0.688355 -1 0 0 0 -0.688355 0.725374 baldc2x2.dat
1 8 343.358 1068 -121.303 0 -0.688355 -0.725374 1 0 0 0 -0.725374 0.688355 bisnrarr.dat
1 8 343.492 1068 -121.63 0 -0.936672 0.350208 -1 0 0 0 -0.350208 -0.936672 bisnrarr.dat
1 8 -162.102 1068 -195.638 0 0.991445 -0.130527 1 0 0 0 -0.130527 -0.991445 bisnrarr.dat
1 8 -162.102 1068 -195.638 0 0.902586 0.430511 -1 0 0 0 -0.430511 0.902586 bisnrarr.dat
1 8 371.508 1068 -196.565 0 -0.979924 0.199367 -1 0 0 0 -0.199367 -0.979924 bisnrarr.dat
1 8 371.508 1068 -196.565 0 -0.936672 -0.350208 1 0 0 0 -0.350208 0.936672 bisnrarr.dat
1 8 -172.544 1068 -274.955 0 1 0 1 0 0 0 0 -1 bisnrarr.dat
1 8 -172.544 1068 -274.955 0 0.991445 0.130526 -1 0 0 0 -0.130526 0.991445 bisnrarr.dat
1 8 387.456 1068 -274.955 0 -1 0 -1 0 0 0 0 -1 bisnrarr.dat
1 8 387.456 1068 -274.956 0 -0.979924 -0.199368 1 0 0 0 -0.199368 0.979924 bisnrarr.dat
1 8 -173.156 1068 -355.128 0 0.989015 0.14781 1 0 0 0 0.14781 -0.989015 bisnrarr.dat
1 8 -172.544 1068 -354.955 0 1 0 -1 0 0 0 0 1 bisnrarr.dat
1 8 387.456 1068 -354.955 0 -1 0 1 0 0 0 0 1 bisnrarr.dat
1 8 387.456 1068 -354.955 0 -0.991445 -0.130526 -1 0 0 0 0.130526 -0.991445 bisnrarr.dat
1 8 -161.334 1068 -434.245 0 0.989015 -0.147809 -1 0 0 0 0.147809 0.989015 bisnrarr.dat
1 8 -161.334 1068 -434.245 0 0.909961 0.414694 1 0 0 0 0.414694 -0.909961 bisnrarr.dat
1 8 377.014 1068 -434.272 0 -0.902586 -0.430511 -1 0 0 0 0.430511 -0.902586 bisnrarr.dat
1 8 377.014 1068 -434.272 0 -0.991445 0.130527 1 0 0 0 0.130527 0.991445 bisnrarr.dat
1 8 -128.156 1068 -507.041 0 0.909961 -0.414694 -1 0 0 0 0.414694 0.909961 bisnrarr.dat
1 8 -128.042 1068 -507.378 0 0.725375 0.688354 1 0 0 0 0.688354 -0.725375 bisnrarr.dat
1 8 348.21 1068 -512.841 0 -0.725374 -0.688355 -1 0 0 0 0.688355 -0.725374 baldc2x2.dat
1 8 301.108 1068 -550.858 0 -0.725374 0.688355 1 0 0 0 0.688355 0.725374 bisnrarr.dat
1 8 300.781 1068 -550.991 0 -0.350208 -0.936672 -1 0 0 0 0.936672 -0.350208 bisnrarr.dat
1 8 -92.54 1068 -556.405 0 0.725375 -0.688354 -1 0 0 0 0.688354 0.725375 baldc2x2.dat
1 8 225.846 1068 -579.007 0 -0.199367 -0.979924 -1 0 0 0 0.979924 -0.199367 bisnrarr.dat
1 8 225.846 1068 -579.007 0 -0.350208 0.936672 1 0 0 0 0.936672 0.350208 bisnrarr.dat
1 8 -10.941 1068 -579.005 0 0.199369 0.979925 1 0 0 0 0.979925 -0.199369 bisnrarr.dat
1 8 -10.941 1068 -579.005 0 0.350207 -0.936673 -1 0 0 0 0.936673 0.350207 bisnrarr.dat
1 8 67.456 1068 -594.955 0 0.199368 -0.979925 -1 0 0 0 0.979925 0.199368 bisnrarr.dat
1 8 147.455 1068 -594.955 0 -0.199368 0.979924 1 0 0 0 0.979924 0.199368 bisnrarr.dat
1 8 147.456 1068 -594.955 0 0 -1 -1 0 0 0 1 0 bisnrarr.dat
1 8 147.456 1068 -602.955 -1 0 0 0 0 1 0 1 0 placa4.dat
1 8 147.456 1048 -602.955 -1 0 0 0 0 1 0 1 0 placa4.dat
1 8 187.456 1048 -634.955 -1 0 0 0 0 1 0 1 0 placa2x8.dat
1 8 187.456 1048 -610.955 -1 0 0 0 1 0 0 0 -1 placa2x8.dat
1 8 147.456 1056 -650.955 -1 0 0 0 1 0 0 0 -1 placa4.dat
1 8 147.456 1056 -670.955 -1 0 0 0 1 0 0 0 -1 placa4.dat
1 8 67.456 1048 -642.955 -1 0 0 0 0 1 0 1 0 placa2x3.dat
1 8 207.456 1048 -642.955 -1 0 0 0 0 1 0 1 0 placa2x3.dat
1 8 207.456 1048 -674.955 -1 0 0 0 0 1 0 1 0 placa2x3.dat
1 8 207.456 1048 -682.955 -1 0 0 0 0 1 0 1 0 placa2x3.dat
1 8 67.456 1048 -674.955 -1 0 0 0 0 1 0 1 0 placa2x3.dat
1 8 67.456 1048 -682.955 -1 0 0 0 0 1 0 1 0 placa2x3.dat
1 8 147.456 1068 -642.955 -1 0 0 0 0 1 0 1 0 placa4.dat
1 8 147.456 1048 -610.955 -1 0 0 0 0 1 0 1 0 enganch2.dat
1 8 127.456 1048 -610.955 -1 0 0 0 0 1 0 1 0 enganch2.dat
1 8 107.456 1048 -610.955 -1 0 0 0 0 1 0 1 0 enganch2.dat
1 8 87.456 1048 -610.955 -1 0 0 0 0 1 0 1 0 enganch2.dat
1 8 187.456 1068 -650.955 -1 0 0 0 0 1 0 1 0 jacena8.dat
1 8 67.456 1048 -650.955 -1 0 0 0 0 1 0 1 0 enganch2.dat
1 8 47.456 1048 -650.955 -1 0 0 0 0 1 0 1 0 enganch2.dat
1 8 167.456 1048 -650.955 -1 0 0 0 0 1 0 1 0 enganch2.dat
1 8 187.456 1048 -650.955 -1 0 0 0 0 1 0 1 0 enganch2.dat
1 8 207.456 1088 -650.955 0 0 -1 -1 0 0 0 1 0 enganch2.dat
1 8 7.456 1068 -650.955 0 0 1 1 0 0 0 1 0 enganch2.dat
1 8 7.456 1048 -650.955 0 0 1 1 0 0 0 1 0 enganch2.dat
1 8 207.456 1068 -650.955 0 0 -1 -1 0 0 0 1 0 enganch2.dat
1 8 167.456 1088 -610.955 0 0 -1 -1 0 0 0 1 0 enganch2.dat
1 8 67.456 1088 -610.955 0 0 -1 -1 0 0 0 1 0 enganch2.dat
1 8 67.456 1068 -610.955 0 0 -1 -1 0 0 0 1 0 enganch2.dat
1 8 147.456 1068 -610.955 -1 0 0 0 0 1 0 1 0 jacena4.dat
1 8 167.456 1068 -610.955 0 0 -1 -1 0 0 0 1 0 enganch2.dat
1 8 87.456 1064 -34.955 0 0 1 0 1 0 -1 0 0 placa2x3.dat
1 8 387.456 1064 -294.955 -1 0 0 0 1 0 0 0 -1 placa2x3.dat
1 8 -172.544 1064 -334.955 1 0 0 0 1 0 0 0 1 placa2x3.dat
1 8 127.456 1064 -594.955 0 0 -1 0 1 0 1 0 0 placa2x3.dat
1 8 87.456 1056 -34.955 0 0 1 0 1 0 -1 0 0 placa2x3.dat
1 8 387.456 1056 -294.955 -1 0 0 0 1 0 0 0 -1 placa2x3.dat
1 8 -172.544 1056 -334.955 1 0 0 0 1 0 0 0 1 placa2x3.dat
1 8 127.456 1056 -594.955 0 0 -1 0 1 0 1 0 0 placa2x3.dat
1 8 -85.869 1048 -78.919 0 0.350207 0.936672 -1 0 0 0 -0.936672 0.350207 placa2x2.dat
1 8 298.976 1048 -79.839 0 -0.430511 -0.902585 1 0 0 0 -0.902585 0.430511 placa2x2.dat
1 8 -99.961 1048 -93.563 0 0.725374 0.688355 -1 0 0 0 -0.688355 0.725374 placa2.dat
1 8 328.848 1048 -107.539 0 -0.688355 0.725374 -1 0 0 0 -0.725374 -0.688355 placa2.dat
1 8 343.492 1048 -121.63 0 -0.936672 0.350207 -1 0 0 0 -0.350207 -0.936672 placa2x2.dat
1 8 -127.66 1048 -123.435 0 0.902585 -0.430511 1 0 0 0 -0.430511 -0.902585 placa2x2.dat
1 8 187.456 1056 -174.955 -1 0 0 0 1 0 0 0 -1 jacen2x8.dat
1 8 -32.544 1056 -234.955 0 0 1 0 1 0 -1 0 0 jacen2x8.dat
1 8 207.456 1056 -234.955 0 0 1 0 1 0 -1 0 0 jacen2x8.dat
1 8 187.456 1056 -414.955 -1 0 0 0 1 0 0 0 -1 jacen2x8.dat
1 8 342.572 1048 -506.475 0 -0.902585 0.430511 1 0 0 0 0.430511 0.902585 placa2x2.dat
1 8 -128.156 1048 -507.041 0 0.909961 -0.414693 -1 0 0 0 0.414693 0.909961 placa2x2.dat
1 8 -114.272 1048 -521.878 0 0.725375 -0.688354 -1 0 0 0 0.688354 0.725375 placa2.dat
1 8 314.873 1048 -536.347 0 -0.725374 -0.688355 -1 0 0 0 0.688355 -0.725374 placa2.dat
1 8 -85.871 1048 -550.986 0 0.350207 0.936672 1 0 0 0 0.936672 -0.350207 placa2x2.dat
1 8 300.781 1048 -550.991 0 -0.350207 -0.936672 -1 0 0 0 0.936672 -0.350207 placa2x2.dat
1 8 107.456 1048 -34.955 -1 0 0 0 1 0 0 0 -1 enganch2.dat
1 8 127.456 1048 -34.955 -1 0 0 0 1 0 0 0 -1 enganch2.dat
1 8 87.456 1048 -54.955 0 0 1 0 1 0 -1 0 0 jacen2x2.dat
1 8 367.456 1048 -294.955 -1 0 0 0 1 0 0 0 -1 jacen2x2.dat
1 8 -172.544 1048 -294.955 0 0 1 0 1 0 -1 0 0 enganch2.dat
1 8 -172.544 1048 -314.955 0 0 1 0 1 0 -1 0 0 enganch2.dat
1 8 387.456 1048 -314.955 0 0 -1 0 1 0 1 0 0 enganch2.dat
1 8 -152.544 1048 -334.955 1 0 0 0 1 0 0 0 1 jacen2x2.dat
1 8 387.456 1048 -334.955 0 0 -1 0 1 0 1 0 0 enganch2.dat
1 8 127.456 1048 -574.955 0 0 -1 0 1 0 1 0 0 jacen2x2.dat
1 8 87.456 1048 -594.955 1 0 0 0 1 0 0 0 1 enganch2.dat
1 8 107.456 1048 -594.955 1 0 0 0 1 0 0 0 1 enganch2.dat
1 8 67.457 1028 -34.955 0 0.199367 -0.979924 1 0 0 0 -0.979924 -0.199367 bisnreje.dat
1 8 147.456 1028 -34.955 0 -0.130527 -0.991445 1 0 0 0 -0.991445 0.130527 bisnreje.dat
1 8 226.773 1028 -45.397 0 -0.130527 -0.991445 1 0 0 0 -0.991445 0.130527 bisnreje.dat
1 8 -10.934 1028 -50.903 0 0.113203 -0.993572 1 0 0 0 -0.993572 -0.113203 bisnreje.dat
1 8 298.976 1028 -79.839 0 -0.430511 -0.902585 1 0 0 0 -0.902585 0.430511 bisnreje.dat
1 8 -127.66 1028 -123.435 0 0.902585 -0.430511 1 0 0 0 -0.430511 -0.902585 bisnreje.dat
1 8 -162.102 1028 -195.638 0 0.991445 -0.130527 1 0 0 0 -0.130527 -0.991445 bisnreje.dat
1 8 371.508 1028 -196.565 0 -0.993572 -0.113203 1 0 0 0 -0.113203 0.993572 bisnreje.dat
1 8 -172.544 1028 -274.955 0 0.991445 -0.130527 1 0 0 0 -0.130527 -0.991445 bisnreje.dat
1 8 387.456 1028 -274.956 0 -0.979924 -0.199367 1 0 0 0 -0.199367 0.979924 bisnreje.dat
1 8 -173.156 1028 -355.128 0 0.989015 0.147809 1 0 0 0 0.147809 -0.989015 bisnreje.dat
1 8 387.456 1028 -354.955 0 -0.991445 0.130527 1 0 0 0 0.130527 0.991445 bisnreje.dat
1 8 -161.334 1028 -434.245 0 0.998135 0.0610483 1 0 0 0 0.0610483 -0.998135 bisnreje.dat
1 8 377.014 1028 -434.272 0 -0.991445 0.130527 1 0 0 0 0.130527 0.991445 bisnreje.dat
1 8 342.572 1028 -506.475 0 -0.902585 0.430511 1 0 0 0 0.430511 0.902585 bisnreje.dat
1 8 -85.891 1028 -551.106 0 0.477159 0.878817 1 0 0 0 0.878817 -0.477159 bisnreje.dat
1 8 225.846 1028 -579.007 0 -0.113203 0.993572 1 0 0 0 0.993572 0.113203 bisnreje.dat
1 8 67.456 1028 -594.955 0 0.130527 0.991445 1 0 0 0 0.991445 -0.130527 bisnreje.dat
1 8 147.455 1028 -594.955 0 -0.199367 0.979924 1 0 0 0 0.979924 0.199367 bisnreje.dat
1 8 67.456 1028 -34.955 0 0 1 -1 0 0 0 -1 0 bisnrarr.dat
1 8 67.457 1028 -34.955 0 0.199367 -0.979924 1 0 0 0 -0.979924 -0.199367 bisnrarr.dat
1 8 147.456 1028 -34.955 0 -0.130527 0.991445 -1 0 0 0 -0.991445 -0.130527 bisnrarr.dat
1 8 147.456 1028 -34.955 0 0 -1 1 0 0 0 -1 0 bisnrarr.dat
1 8 226.773 1028 -45.397 0 -0.430511 0.902585 -1 0 0 0 -0.902585 -0.430511 bisnrarr.dat
1 8 226.773 1028 -45.397 0 -0.130527 -0.991445 1 0 0 0 -0.991445 0.130527 bisnrarr.dat
1 8 -10.934 1028 -50.903 0 0.350208 -0.936672 1 0 0 0 -0.936672 -0.350208 bisnrarr.dat
1 8 -10.934 1028 -50.903 0 0.199367 0.979924 -1 0 0 0 -0.979924 0.199367 bisnrarr.dat
1 8 298.976 1028 -79.839 0 -0.430511 -0.902585 1 0 0 0 -0.902585 0.430511 bisnrarr.dat
1 8 299.832 1028 -80.004 0 -0.700909 0.71325 -1 0 0 0 -0.71325 -0.700909 bisnrarr.dat
1 8 319.848 1028 -87.969 0 -0.688355 0.725374 -1 0 0 0 -0.725374 -0.688355 baldc2x2.dat
1 8 -105.464 1028 -88.248 0.694658 0.71934 0 0 0 1 0.71934 -0.694658 0 baldc2.dat
1 8 334.163 1028 -102.035 0.71934 -0.694658 0 0 0 1 -0.694658 -0.71934 0 baldc2.dat
1 8 -119.531 1028 -102.563 0 0.725374 0.688355 -1 0 0 0 -0.688355 0.725374 baldc2x2.dat
1 8 -127.495 1028 -122.579 0 0.71325 0.700909 -1 0 0 0 -0.700909 0.71325 bisnrarr.dat
1 8 -127.66 1028 -123.435 0 0.902585 -0.430511 1 0 0 0 -0.430511 -0.902585 bisnrarr.dat
1 8 -162.102 1028 -195.638 0 0.991445 -0.130527 1 0 0 0 -0.130527 -0.991445 bisnrarr.dat
1 8 -162.102 1028 -195.638 0 0.902585 0.430511 -1 0 0 0 -0.430511 0.902585 bisnrarr.dat
1 8 371.508 1028 -196.565 0 -0.979924 0.199367 -1 0 0 0 -0.199367 -0.979924 bisnrarr.dat
1 8 371.508 1028 -196.565 0 -0.936672 -0.350208 1 0 0 0 -0.350208 0.936672 bisnrarr.dat
1 8 -172.544 1028 -274.955 0 0.991445 0.130527 -1 0 0 0 -0.130527 0.991445 bisnrarr.dat
1 8 -172.544 1028 -274.955 0 1 0 1 0 0 0 0 -1 bisnrarr.dat
1 8 387.456 1028 -274.955 0 -1 0 -1 0 0 0 0 -1 bisnrarr.dat
1 8 387.456 1028 -274.956 0 -0.979924 -0.199367 1 0 0 0 -0.199367 0.979924 bisnrarr.dat
1 8 -173.156 1028 -355.128 0 0.989015 0.147809 1 0 0 0 0.147809 -0.989015 bisnrarr.dat
1 8 -172.544 1028 -354.955 0 1 0 -1 0 0 0 0 1 bisnrarr.dat
1 8 387.456 1028 -354.955 0 -1 0 1 0 0 0 0 1 bisnrarr.dat
1 8 387.456 1028 -354.955 0 -0.991445 -0.130527 -1 0 0 0 0.130527 -0.991445 bisnrarr.dat
1 8 -161.334 1028 -434.245 0 0.909961 0.414694 1 0 0 0 0.414694 -0.909961 bisnrarr.dat
1 8 -161.334 1028 -434.245 0 0.989015 -0.147809 -1 0 0 0 0.147809 0.989015 bisnrarr.dat
1 8 377.014 1028 -434.272 0 -0.991445 0.130527 1 0 0 0 0.130527 0.991445 bisnrarr.dat
1 8 377.014 1028 -434.272 0 -0.902585 -0.430511 -1 0 0 0 0.430511 -0.902585 bisnrarr.dat
1 8 342.572 1028 -506.475 0 -0.902585 0.430511 1 0 0 0 0.430511 0.902585 bisnrarr.dat
1 8 342.407 1028 -507.331 0 -0.71325 -0.700909 -1 0 0 0 0.700909 -0.71325 bisnrarr.dat
1 8 334.443 1028 -527.347 0 -0.725374 -0.688355 -1 0 0 0 0.688355 -0.725374 baldc2x2.dat
1 8 -119.867 1028 -527.101 -0.681999 0.731353 0 0 0 1 0.731353 0.681999 0 baldc2.dat
1 8 320.376 1028 -541.662 -0.694658 -0.71934 0 0 0 1 -0.71934 0.694658 0 baldc2.dat
1 8 -106.307 1028 -541.894 0 0.725375 -0.688354 -1 0 0 0 0.688354 0.725375 baldc2x2.dat
1 8 -86.737 1028 -550.899 0 0.737277 -0.67559 -1 0 0 0 0.67559 0.737277 bisnrarr.dat
1 8 -85.871 1028 -550.986 0 0.350207 0.936672 1 0 0 0 0.936672 -0.350207 bisnrarr.dat
1 8 225.846 1028 -579.007 0 -0.350208 0.936672 1 0 0 0 0.936672 0.350208 bisnrarr.dat
1 8 225.846 1028 -579.007 0 -0.199367 -0.979924 -1 0 0 0 0.979924 -0.199367 bisnrarr.dat
1 8 -10.941 1028 -579.005 0 0.199369 0.979925 1 0 0 0 0.979925 -0.199369 bisnrarr.dat
1 8 -10.941 1028 -579.005 0 0.350207 -0.936672 -1 0 0 0 0.936672 0.350207 bisnrarr.dat
1 8 67.456 1028 -594.955 0 0.199369 -0.979925 -1 0 0 0 0.979925 0.199369 bisnrarr.dat
1 8 67.456 1028 -594.955 0 0 1 1 0 0 0 1 0 bisnrarr.dat
1 8 67.456 1068 -594.955 0 0 1 1 0 0 0 1 0 bisnrarr.dat
1 8 147.455 1028 -594.955 0 -0.199367 0.979924 1 0 0 0 0.979924 0.199367 bisnrarr.dat
1 8 147.456 1028 -594.955 0 0 -1 -1 0 0 0 1 0 bisnrarr.dat
1 8 67.456 1028 -602.955 1 0 0 0 0 -1 0 1 0 baldc2.dat
1 8 127.456 1028 -602.955 1 0 0 0 0 -1 0 1 0 baldc2.dat
1 8 187.456 1032 -174.955 -1 0 0 0 1 0 0 0 -1 jacen2x8.dat
1 8 -32.544 1032 -234.955 0 0 1 0 1 0 -1 0 0 jacen2x8.dat
1 8 207.456 1032 -234.955 0 0 1 0 1 0 -1 0 0 jacen2x8.dat
1 8 187.456 1032 -414.955 -1 0 0 0 1 0 0 0 -1 jacen2x8.dat
1 8 87.456 1024 -34.955 0 0 1 0 1 0 -1 0 0 jacen2x3.dat
1 8 387.456 1024 -294.955 -1 0 0 0 1 0 0 0 -1 jacen2x3.dat
1 8 -172.544 1024 -334.955 1 0 0 0 1 0 0 0 1 jacen2x3.dat
1 8 127.456 1024 -534.955 -1 0 0 0 1 0 0 0 -1 jacena2.dat
1 8 127.456 1008 -634.955 0 0 -1 0 1 0 1 0 0 placa4.dat
1 8 107.456 1008 -634.955 0 0 -1 0 1 0 1 0 0 placa4.dat
1 8 127.456 1016 -594.955 0 0 -1 0 1 0 1 0 0 placa2x2.dat
1 8 127.456 1024 -594.955 0 0 -1 0 1 0 1 0 0 placa2x2.dat
1 8 67.456 1008 -94.955 0 0 1 0 1 0 -1 0 0 placa4x8.dat
1 8 -32.544 1008 -134.955 -1 0 0 0 1 0 0 0 -1 placa2x2.dat
1 8 287.456 1008 -134.955 -1 0 0 0 1 0 0 0 -1 placa2x2.dat
1 8 67.456 1008 -174.955 -1 0 0 0 1 0 0 0 -1 placa4x6.dat
1 8 267.456 1008 -174.955 -1 0 0 0 1 0 0 0 -1 placa4x6.dat
1 8 47.456 1008 -154.955 -1 0 0 0 1 0 0 0 -1 placa4.dat
1 8 247.456 1008 -154.955 -1 0 0 0 1 0 0 0 -1 placa4.dat
1 8 67.456 1008 -94.955 0 0 1 0 1 0 -1 0 0 proa6p.dat
1 8 147.456 1008 -94.955 0 0 -1 0 1 0 1 0 0 proa6p.dat
1 8 187.456 1008 -254.955 -1 0 0 0 1 0 0 0 -1 placa6x8.dat
1 8 27.456 1008 -274.955 -1 0 0 0 1 0 0 0 -1 placa4x8.dat
1 8 347.456 1008 -274.955 -1 0 0 0 1 0 0 0 -1 placa4x8.dat
1 8 27.456 1008 -254.955 -1 0 0 0 1 0 0 0 -1 placa4.dat
1 8 267.456 1008 -254.955 -1 0 0 0 1 0 0 0 -1 placa4.dat
1 8 67.456 1008 -374.955 -1 0 0 0 1 0 0 0 -1 placa4x6.dat
1 8 67.456 1008 -374.955 0 0 1 0 1 0 -1 0 0 placa4x8.dat
1 8 267.456 1008 -374.955 -1 0 0 0 1 0 0 0 -1 placa4x6.dat
1 8 27.456 1008 -354.955 -1 0 0 0 1 0 0 0 -1 placa4.dat
1 8 267.456 1008 -354.955 -1 0 0 0 1 0 0 0 -1 placa4.dat
1 8 -112.544 1008 -274.955 -1 0 0 0 1 0 0 0 -1 proa6p.dat
1 8 327.456 1008 -274.955 -1 0 0 0 1 0 0 0 -1 proa6p.dat
1 8 -112.544 1008 -354.955 1 0 0 0 1 0 0 0 1 proa6p.dat
1 8 -32.544 1008 -454.955 -1 0 0 0 1 0 0 0 -1 placa2x2.dat
1 8 287.456 1008 -454.955 -1 0 0 0 1 0 0 0 -1 placa2x2.dat
1 8 327.456 1008 -354.955 1 0 0 0 1 0 0 0 1 proa6p.dat
1 8 47.456 1008 -454.955 -1 0 0 0 1 0 0 0 -1 placa4.dat
1 8 247.456 1008 -454.955 -1 0 0 0 1 0 0 0 -1 placa4.dat
1 8 67.456 1008 -534.955 0 0 1 0 1 0 -1 0 0 proa6p.dat
1 8 147.456 1008 -534.955 0 0 -1 0 1 0 1 0 0 proa6p.dat
1 8 67.456 1000 -74.955 0 0 -1 0 1 0 1 0 0 baldc4.dat
1 8 147.456 1000 -74.955 0 0 -1 0 1 0 1 0 0 baldc4.dat
1 8 -12.544 1000 -94.955 0 0 -1 0 1 0 1 0 0 baldc4.dat
1 8 227.456 1000 -94.955 0 0 -1 0 1 0 1 0 0 baldc4.dat
1 8 -52.544 1000 -154.955 0 0 -1 0 1 0 1 0 0 baldc4in.dat
1 8 267.456 1000 -154.955 1 0 0 0 1 0 0 0 1 baldc4in.dat
1 8 -92.544 1000 -154.955 -1 0 0 0 1 0 0 0 -1 baldc2.dat
1 8 -12.544 1000 -154.955 0 0 -1 0 1 0 1 0 0 baldc2.dat
1 8 247.456 1000 -154.955 -1 0 0 0 1 0 0 0 -1 baldc2.dat
1 8 267.456 1000 -154.955 0 0 -1 0 1 0 1 0 0 baldc2.dat
1 8 27.456 1000 -174.955 0 0 -1 0 1 0 1 0 0 baldc2x2.dat
1 8 67.456 1000 -154.955 0 0 -1 0 1 0 1 0 0 baldc4.dat
1 8 147.456 1000 -154.955 0 0 -1 0 1 0 1 0 0 baldc4.dat
1 8 227.456 1000 -174.955 0 0 -1 0 1 0 1 0 0 baldc2x2.dat
1 8 -112.544 1000 -194.955 0 0 -1 0 1 0 1 0 0 baldc2x2.dat
1 8 -92.544 1000 -194.955 -1 0 0 0 1 0 0 0 -1 baldc2.dat
1 8 247.456 1000 -194.955 -1 0 0 0 1 0 0 0 -1 baldc2.dat
1 8 367.456 1000 -234.955 0 0 -1 0 1 0 1 0 0 baldc4x6.dat
1 8 7.456 1000 -214.955 -1 0 0 0 1 0 0 0 -1 baldc2.dat
1 8 27.456 1000 -214.955 0 0 -1 0 1 0 1 0 0 baldc2x2.dat
1 8 67.456 1000 -214.955 0 0 -1 0 1 0 1 0 0 baldc2.dat
1 8 107.456 1000 -214.955 0 0 -1 0 1 0 1 0 0 baldc2.dat
1 8 147.456 1000 -214.955 0 0 -1 0 1 0 1 0 0 baldc2.dat
1 8 187.456 1000 -214.955 0 0 -1 0 1 0 1 0 0 baldc2.dat
1 8 227.456 1000 -214.955 -1 0 0 0 1 0 0 0 -1 baldc2.dat
1 8 227.456 1000 -214.955 0 0 -1 0 1 0 1 0 0 baldc2x2.dat
1 8 -112.544 1000 -234.955 0 0 -1 0 1 0 1 0 0 baldc2x2.dat
1 8 7.456 1000 -254.955 -1 0 0 0 1 0 0 0 -1 baldc2.dat
1 8 227.456 1000 -254.955 -1 0 0 0 1 0 0 0 -1 baldc2.dat
1 8 7.456 1000 -294.954 -1 0 0 0 1 0 0 0 -1 baldc2.dat
1 8 227.456 1000 -294.954 -1 0 0 0 1 0 0 0 -1 baldc2.dat
1 8 -132.544 1000 -274.955 0 0 -1 0 1 0 1 0 0 baldc4.dat
1 8 267.456 1000 -274.955 0 0 -1 0 1 0 1 0 0 baldc4.dat
1 8 347.456 1000 -274.955 1 0 0 0 1 0 0 0 1 baldc4.dat
1 8 7.456 1000 -334.955 -1 0 0 0 1 0 0 0 -1 baldc2.dat
1 8 227.456 1000 -334.955 -1 0 0 0 1 0 0 0 -1 baldc2.dat
1 8 -132.544 1000 -354.955 0 0 -1 0 1 0 1 0 0 baldc4.dat
1 8 -52.544 1000 -354.955 1 0 0 0 1 0 0 0 1 baldc4.dat
1 8 7.456 1000 -374.955 -1 0 0 0 1 0 0 0 -1 baldc2.dat
1 8 227.456 1000 -374.955 -1 0 0 0 1 0 0 0 -1 baldc2.dat
1 8 267.456 1000 -354.955 0 0 -1 0 1 0 1 0 0 baldc4.dat
1 8 347.456 1000 -354.955 1 0 0 0 1 0 0 0 1 baldc4.dat
1 8 -12.544 1000 -394.955 -1 0 0 0 1 0 0 0 -1 baldc2.dat
1 8 247.456 1000 -394.955 -1 0 0 0 1 0 0 0 -1 baldc2.dat
1 8 -12.544 1000 -434.955 -1 0 0 0 1 0 0 0 -1 baldc2.dat
1 8 -32.544 1000 -474.955 0 0 -1 0 1 0 1 0 0 baldc4x6.dat
1 8 67.456 1000 -434.955 0 0 -1 0 1 0 1 0 0 baldc2.dat
1 8 107.456 1000 -434.955 0 0 -1 0 1 0 1 0 0 baldc2.dat
1 8 147.456 1000 -434.955 0 0 -1 0 1 0 1 0 0 baldc2.dat
1 8 187.456 1000 -434.955 0 0 -1 0 1 0 1 0 0 baldc2.dat
1 8 247.456 1000 -434.955 -1 0 0 0 1 0 0 0 -1 baldc2.dat
1 8 367.456 1000 -474.955 0 0 -1 0 1 0 1 0 0 baldc4x6.dat
1 8 -52.544 1000 -474.955 -1 0 0 0 1 0 0 0 -1 baldc4in.dat
1 8 27.456 1000 -454.955 0 0 -1 0 1 0 1 0 0 baldc2x2.dat
1 8 227.456 1000 -454.955 0 0 -1 0 1 0 1 0 0 baldc2x2.dat
1 8 267.456 1000 -474.955 0 0 1 0 1 0 -1 0 0 baldc4in.dat
1 8 -12.544 1000 -494.955 0 0 -1 0 1 0 1 0 0 baldc2.dat
1 8 27.456 1000 -494.955 0 0 -1 0 1 0 1 0 0 baldc2x2.dat
1 8 67.456 1000 -474.955 0 0 -1 0 1 0 1 0 0 baldc4.dat
1 8 147.456 1000 -474.955 0 0 -1 0 1 0 1 0 0 baldc4.dat
1 8 227.456 1000 -494.955 0 0 -1 0 1 0 1 0 0 baldc2x2.dat
1 8 267.456 1000 -494.955 0 0 -1 0 1 0 1 0 0 baldc2.dat
1 8 -12.544 1000 -534.955 0 0 -1 0 1 0 1 0 0 baldc4.dat
1 8 227.456 1000 -534.955 0 0 -1 0 1 0 1 0 0 baldc4.dat
1 8 67.456 1000 -554.955 0 0 -1 0 1 0 1 0 0 baldc4.dat
1 8 147.456 1000 -554.955 0 0 -1 0 1 0 1 0 0 baldc4.dat
1 8 127.456 1000 -654.955 0 0 -1 0 1 0 1 0 0 bald2x2.dat
1 8 127.456 1008 -634.955 -1 0 0 0 1 0 0 0 -1 placa2.dat
1 8 127.456 1032 -614.955 -1 0 0 0 1 0 0 0 -1 jacen2x2.dat
1 8 127.456 1000 -614.955 0 0 -1 0 1 0 1 0 0 baldc2.dat
1 8 167.456 1024 -650.955 1 0 0 0 1 0 0 0 1 bald2x2.dat
1 8 167.456 1024 -690.955 1 0 0 0 1 0 0 0 1 bald2x2.dat
1 8 7.456 1024 -650.955 1 0 0 0 1 0 0 0 1 bald2x2.dat
1 8 7.456 1024 -690.955 1 0 0 0 1 0 0 0 1 bald2x2.dat
1 8 167.456 1024 -670.955 1 0 0 0 1 0 0 0 1 bald2x2.dat
1 8 127.456 1008 -650.955 1 0 0 0 1 0 0 0 1 bald2.dat
1 8 67.456 1008 -650.955 1 0 0 0 1 0 0 0 1 bald2.dat
1 8 147.456 1016 -650.955 1 0 0 0 1 0 0 0 1 bald2.dat
1 8 47.456 1016 -650.955 1 0 0 0 1 0 0 0 1 bald2.dat
1 8 147.456 1032 -690.955 1 0 0 0 1 0 0 0 1 bald2.dat
1 8 127.456 1032 -610.955 0 0 1 0 1 0 -1 0 0 jacena2.dat
1 8 67.456 1032 -610.955 0 0 1 0 1 0 -1 0 0 jacena2.dat
1 8 127.456 1040 -690.955 1 0 0 0 1 0 0 0 1 bald2.dat
1 8 67.456 1040 -690.955 1 0 0 0 1 0 0 0 1 bald2.dat
1 8 47.456 1032 -690.955 1 0 0 0 1 0 0 0 1 bald2.dat
1 8 87.456 1048 -690.955 1 0 0 0 1 0 0 0 1 bald2x2.dat
1 8 87.456 1040 -650.955 1 0 0 0 1 0 0 0 1 bald2x2.dat
1 8 127.456 1048 -690.955 1 0 0 0 1 0 0 0 1 placa2x3.dat
1 8 147.456 1040 -690.955 1 0 0 0 1 0 0 0 1 placa2x3.dat
1 8 187.456 1032 -690.955 0 0 -1 0 1 0 1 0 0 placa4.dat
1 8 207.456 1032 -690.955 0 0 -1 0 1 0 1 0 0 placa2.dat
1 8 167.456 1032 -650.955 0 0 -1 0 1 0 1 0 0 placa2.dat
1 8 167.456 1024 -650.955 0 0 -1 0 1 0 1 0 0 placa2.dat
1 8 67.456 1024 -650.955 0 0 -1 0 1 0 1 0 0 placa2.dat
1 8 67.456 1032 -650.955 0 0 -1 0 1 0 1 0 0 placa2.dat
1 8 27.456 1032 -690.955 0 0 -1 0 1 0 1 0 0 placa2.dat
1 8 47.456 1032 -690.955 0 0 -1 0 1 0 1 0 0 placa4.dat
1 8 7.456 1040 -690.955 1 0 0 0 1 0 0 0 1 placa2x3.dat
1 8 27.456 1048 -690.955 1 0 0 0 1 0 0 0 1 placa2x3.dat
1 8 27.456 1040 -650.955 1 0 0 0 1 0 0 0 1 placa2x3.dat
1 8 127.456 1040 -650.955 1 0 0 0 1 0 0 0 1 placa2x3.dat
1 8 87.456 1056 -690.955 0 0 1 0 1 0 -1 0 0 bald2.dat
1 8 87.456 1064 -650.955 0 0 1 0 1 0 -1 0 0 placa2x3.dat
1 8 87.456 1072 -690.955 0 0 1 0 1 0 -1 0 0 placa2x2.dat
1 8 87.456 1080 -690.955 0 0 1 0 1 0 -1 0 0 placa2x3.dat
1 8 87.456 1088 -690.955 0 0 1 0 1 0 -1 0 0 placa2x2.dat
1 8 87.456 1088 -730.955 1 0 0 0 1 0 0 0 1 tejado.dat
1 8 87.456 1064 -710.955 0 0 1 0 1 0 -1 0 0 bald2.dat
1 8 87.456 1072 -730.955 0 0 1 0 1 0 -1 0 0 bald2.dat
1 7 7.456 1000 -214.955 0 0 1 0 1 0 -1 0 0 placa2x8.dat
1 8 -92.544 1000 -314.955 1 0 0 0 1 0 0 0 1 baldc4x8.dat
1 7 47.456 1000 -254.955 1 0 0 0 1 0 0 0 1 placa2x8.dat
1 7 167.456 1000 -254.955 0 0 1 0 1 0 -1 0 0 placa2x8.dat
1 7 7.456 1000 -414.955 1 0 0 0 1 0 0 0 1 placa2x8.dat
1 7 7.457 992 -214.957 0 0 1 -1 0 0 0 -1 0 bald2.dat
1 7 47.457 992 -214.957 0 0 1 -1 0 0 0 -1 0 bald2.dat
1 7 87.457 992 -214.957 0 0 1 -1 0 0 0 -1 0 bald2.dat
1 7 127.457 992 -214.957 0 0 1 -1 0 0 0 -1 0 bald2.dat
1 7 167.457 992 -214.957 0 0 1 -1 0 0 0 -1 0 bald2.dat
1 7 207.457 992 -214.957 0 -1 0 -1 0 0 0 0 -1 bald2.dat
1 7 7.457 992 -254.957 0 1 0 -1 0 0 0 0 1 bald2.dat
1 7 207.457 992 -254.957 0 -1 0 -1 0 0 0 0 -1 bald2.dat
1 7 7.457 992 -294.957 0 1 0 -1 0 0 0 0 1 bald2.dat
1 7 207.457 992 -294.957 0 -1 0 -1 0 0 0 0 -1 bald2.dat
1 7 7.457 992 -334.957 0 1 0 -1 0 0 0 0 1 bald2.dat
1 7 207.457 992 -334.957 0 -1 0 -1 0 0 0 0 -1 bald2.dat
1 7 7.457 992 -374.957 0 1 0 -1 0 0 0 0 1 bald2.dat
1 7 207.457 992 -374.957 0 -1 0 -1 0 0 0 0 -1 bald2.dat
1 7 7.457 992 -414.957 0 1 0 -1 0 0 0 0 1 bald2.dat
1 7 47.457 992 -414.957 0 0 -1 -1 0 0 0 1 0 bald2.dat
1 7 127.457 992 -414.957 0 0 -1 -1 0 0 0 1 0 bald2.dat
1 7 207.457 992 -414.957 0 0 -1 -1 0 0 0 1 0 bald2.dat
1 8 305.339 988 -74.201 0 -0.688355 0.725374 -1 0 0 0 -0.725374 -0.688355 baldc2.dat
1 8 305.389 988 -74.249 0.71934 -0.694658 0 0 0 1 -0.694658 -0.71934 0 baldc2.dat
1 8 -105.764 988 -88.057 0 0.725374 0.688355 -1 0 0 0 -0.688355 0.725374 baldc1.dat
1 8 334.354 988 -101.735 0 -0.688355 0.725374 -1 0 0 0 -0.725374 -0.688355 baldc1.dat
1 8 -133.251 988 -117.022 0.694658 0.71934 0 0 0 1 0.71934 -0.694658 0 baldc2.dat
1 8 -133.298 988 -117.072 0 0.725374 0.688355 -1 0 0 0 -0.688355 0.725374 baldc2.dat
1 7 47.456 992 -394.955 1 0 0 0 1 0 0 0 1 tejado.dat
1 8 47.456 984 -394.955 0 0 1 0 1 0 -1 0 0 baldc2.dat
1 8 127.456 984 -394.955 0 0 1 0 1 0 -1 0 0 baldc2.dat
1 8 127.456 992 -374.955 0 0 1 0 1 0 -1 0 0 baldc2.dat
1 8 47.456 992 -374.955 0 0 1 0 1 0 -1 0 0 baldc2.dat
1 8 167.456 992 -374.955 0 0 -1 0 1 0 1 0 0 baldc4x6.dat
1 8 167.456 992 -294.955 0 0 -1 0 1 0 1 0 0 baldc2x2.dat
1 8 127.456 992 -294.955 0 0 -1 0 1 0 1 0 0 baldc2x2.dat
1 8 87.456 992 -294.955 0 0 -1 0 1 0 1 0 0 baldc2x2.dat
1 7 127.456 992 -394.955 1 0 0 0 1 0 0 0 1 tejado.dat
1 8 348.21 988 -512.838 0 -0.725374 -0.688355 -1 0 0 0 0.688355 -0.725374 baldc2.dat
1 8 348.163 988 -512.888 -0.694658 -0.71934 0 0 0 1 -0.71934 0.694658 0 baldc2.dat
1 8 -120.073 988 -527.391 0 0.725375 -0.688354 -1 0 0 0 0.688354 0.725375 baldc1.dat
1 8 320.676 988 -541.853 0 -0.725374 -0.688355 -1 0 0 0 0.688355 -0.725374 baldc1.dat
1 8 -92.586 988 -556.354 -0.681999 0.731353 0 0 0 1 0.731353 0.681999 0 baldc2.dat
1 8 -92.538 988 -556.405 0 0.725375 -0.688354 -1 0 0 0 0.688354 0.725375 baldc2.dat
1 8 67.456 988 -602.955 1 0 0 0 0 -1 0 1 0 baldc1.dat
1 8 127.456 988 -602.955 1 0 0 0 0 -1 0 1 0 baldc1.dat
1 8 167.456 1048 -690.955 0 0 -1 -1 0 0 0 1 0 baldc4.dat
1 8 47.456 1048 -690.955 0 0 -1 -1 0 0 0 1 0 baldc4.dat
1 8 207.456 1048 -660.955 0 -1 0 -1 0 0 0 0 -1 baldc4.dat
1 8 207.456 1048 -600.955 0 -1 0 0 0 1 -1 0 0 baldc2.dat
1 8 199.456 1088 -600.955 0 -1 0 -1 0 0 0 0 -1 placa2x3.dat
1 8 191.456 1088 -610.955 0 -1 0 -1 0 0 0 0 -1 placa2.dat
1 8 167.456 1088 -610.955 0 -1 0 -1 0 0 0 0 -1 jacena2.dat
1 8 7.456 1048 -620.955 0 1 0 0 0 1 1 0 0 baldc2.dat
1 8 7.456 1048 -660.955 0 1 0 0 0 1 1 0 0 baldc4.dat
1 8 7.456 1008 -620.955 0 1 0 0 0 1 1 0 0 baldc2.dat
1 8 15.456 1088 -640.955 0 1 0 -1 0 0 0 0 1 placa2x3.dat
1 8 23.456 1088 -630.955 0 1 0 -1 0 0 0 0 1 placa2.dat
1 8 47.456 1088 -630.955 0 1 0 -1 0 0 0 0 1 jacena2.dat
1 8 207.456 1008 -600.955 0 -1 0 0 0 1 -1 0 0 baldc2.dat
1 7 -114.958 992 -176.743 0.382683 0 -0.92388 0 1 0 0.92388 0 0.382683 jacena1.dat
1 7 -117.201 992 -208.285 0.382683 0 -0.92388 0 1 0 0.92388 0 0.382683 vnt1x1.dat
1 7 27.457 992 -214.957 -1 0 0 0 1 0 0 0 -1 enganch2.dat
1 7 47.457 992 -214.957 -1 0 0 0 1 0 0 0 -1 enganch2.dat
1 7 67.457 992 -214.957 -1 0 0 0 1 0 0 0 -1 enganch2.dat
1 7 87.457 992 -214.957 -1 0 0 0 1 0 0 0 -1 enganch2.dat
1 7 107.457 992 -214.957 -1 0 0 0 1 0 0 0 -1 enganch2.dat
1 7 127.457 992 -214.957 -1 0 0 0 1 0 0 0 -1 enganch2.dat
1 7 147.457 992 -214.957 -1 0 0 0 1 0 0 0 -1 enganch2.dat
1 7 167.457 992 -214.957 -1 0 0 0 1 0 0 0 -1 enganch2.dat
1 7 187.457 992 -214.957 -1 0 0 0 1 0 0 0 -1 enganch2.dat
1 7 207.457 992 -214.957 -1 0 0 0 1 0 0 0 -1 enganch2.dat
1 7 -130.266 992 -213.697 0.382683 0 -0.92388 0 1 0 0.92388 0 0.382683 jacena1.dat
1 7 -87.9 992 -242.07 0.382683 0 -0.92388 0 1 0 0.92388 0 0.382683 jacen2x3.dat
1 7 7.457 992 -234.957 0 0 1 0 1 0 -1 0 0 enganch2.dat
1 7 -50.943 992 -257.377 0.382683 0 -0.92388 0 1 0 0.92388 0 0.382683 jacen2x3.dat
1 7 47.456 992 -234.956 1 0 0 0 1 0 0 0 1 jacena6.dat
1 7 7.457 992 -254.957 0 0 1 0 1 0 -1 0 0 enganch2.dat
1 7 207.457 992 -254.957 0 0 -1 0 1 0 1 0 0 enganch2.dat
1 7 7.457 992 -274.957 0 0 1 0 1 0 -1 0 0 enganch2.dat
1 7 207.457 992 -274.957 0 0 -1 0 1 0 1 0 0 enganch2.dat
1 7 7.457 992 -294.956 0 0 1 0 1 0 -1 0 0 enganch2.dat
1 7 207.457 992 -294.957 0 0 -1 0 1 0 1 0 0 enganch2.dat
1 7 207.457 992 -314.957 0 0 -1 0 1 0 1 0 0 enganch2.dat
1 7 7.457 992 -314.958 0 0 1 0 1 0 -1 0 0 enganch2.dat
1 7 7.457 992 -334.957 0 0 1 0 1 0 -1 0 0 enganch2.dat
1 7 207.457 992 -334.957 0 0 -1 0 1 0 1 0 0 enganch2.dat
1 7 7.457 992 -354.957 0 0 1 0 1 0 -1 0 0 enganch2.dat
1 7 207.457 992 -354.957 0 0 -1 0 1 0 1 0 0 enganch2.dat
1 7 7.457 992 -374.957 0 0 1 0 1 0 -1 0 0 enganch2.dat
1 7 207.457 992 -374.957 0 0 -1 0 1 0 1 0 0 enganch2.dat
1 7 87.456 992 -394.956 1 0 0 0 1 0 0 0 1 jacena2.dat
1 7 47.456 992 -394.956 0 0 -1 0 1 0 1 0 0 jacena8.dat
1 7 187.456 992 -394.956 0 0 -1 0 1 0 1 0 0 jacena8.dat
1 7 207.457 992 -394.957 0 0 -1 0 1 0 1 0 0 enganch2.dat
1 7 7.457 992 -414.957 1 0 0 0 1 0 0 0 1 enganch2.dat
1 7 27.457 992 -414.957 1 0 0 0 1 0 0 0 1 enganch2.dat
1 7 87.457 992 -414.957 1 0 0 0 1 0 0 0 1 enganch2.dat
1 7 107.457 992 -414.957 1 0 0 0 1 0 0 0 1 enganch2.dat
1 7 167.457 992 -414.957 1 0 0 0 1 0 0 0 1 enganch2.dat
1 7 187.457 992 -414.957 1 0 0 0 1 0 0 0 1 enganch2.dat
1 8 148.501 968 -27.024 0.991445 -0.130526 0 0 0 1 -0.130526 -0.991445 0 baldc4x6.dat
1 8 -88.672 968 -71.428 0.936672 0.350207 0 0 0 1 0.350207 -0.936672 0 baldc4x6.dat
1 8 350.983 968 -118.827 0.350207 -0.936672 0 0 0 1 -0.936672 -0.350207 0 baldc4x6.dat
1 8 -180.475 968 -273.91 0.130526 0.991445 0 0 0 1 0.991445 -0.130526 0 baldc4x6.dat
1 8 395.387 968 -356 -0.130526 -0.991445 0 0 0 1 -0.991445 0.130526 0 baldc4x6.dat
1 8 -135.435 968 -510.366 -0.414693 0.909961 0 0 0 1 0.909961 0.414693 0 baldc4x6.dat
1 8 303.584 968 -558.482 -0.936672 -0.350207 0 0 0 1 -0.350207 0.936672 0 baldc4x6.dat
1 8 65.861 968 -602.794 -0.979925 0.199368 0 0 0 1 0.199368 0.979925 0 baldc4x6.dat
1 8 299.832 968 -80.004 0.71934 -0.694658 0 0 0 1 -0.694658 -0.71934 0 placa2x3.dat
1 8 -127.495 968 -122.579 0.694658 0.71934 0 0 0 1 0.71934 -0.694658 0 placa2x3.dat
1 7 -91.069 968 -197.461 0.382683 0 -0.92388 0 1 0 0.92388 0 0.382683 placa1.dat
1 7 47.457 968 -214.958 0 0 1 0 1 0 -1 0 0 placa2x2.dat
1 7 -54.114 968 -212.769 0.382683 0 -0.92388 0 1 0 0.92388 0 0.382683 placa1.dat
1 7 -106.377 968 -234.417 0.382683 0 -0.92388 0 1 0 0.92388 0 0.382683 placa1.dat
1 7 87.458 968 -234.957 1 0 0 0 1 0 0 0 1 placa4.dat
1 7 -69.421 968 -249.724 0.382683 0 -0.92388 0 1 0 0.92388 0 0.382683 placa1.dat
1 7 7.457 968 -254.957 0 0 1 0 1 0 -1 0 0 placa4.dat
1 7 27.457 968 -254.957 0 0 1 0 1 0 -1 0 0 placa4.dat
1 7 87.458 968 -254.957 1 0 0 0 1 0 0 0 1 placa4.dat
1 7 167.456 968 -294.956 0 0 1 0 1 0 -1 0 0 placa4.dat
1 7 187.456 968 -294.956 0 0 1 0 1 0 -1 0 0 placa4.dat
1 7 7.457 968 -334.957 0 0 1 0 1 0 -1 0 0 placa2x2.dat
1 8 342.407 968 -507.331 -0.694658 -0.71934 0 0 0 1 -0.71934 0.694658 0 placa2x3.dat
1 8 -86.737 968 -550.899 -0.681999 0.731353 0 0 0 1 0.731353 0.681999 0 placa2x3.dat
1 8 67.456 968 -594.955 0 0 1 1 0 0 0 1 0 placa2.dat
1 8 127.456 968 -594.955 0 0 1 1 0 0 0 1 0 placa2.dat
1 7 -113.374 968 -199.047 -0.92388 0 -0.382683 0 1 0 0.382683 0 -0.92388 ancl1x2.dat
1 7 -57.94 968 -222.007 -0.92388 0 -0.382683 0 1 0 0.382683 0 -0.92388 ancl1x2.dat
1 7 -64.938 968 -186.638 -0.92388 0 -0.382683 0 1 0 0.382683 0 -0.92388 vnt1x1.dat
1 7 -114.958 968 -176.743 0.382683 0 -0.92388 0 1 0 0.92388 0 0.382683 jacena1.dat
1 7 47.455 968 -214.957 -1 0 0 0 1 0 0 0 -1 jacen2x2.dat
1 7 207.455 968 -214.957 -1 0 0 0 1 0 0 0 -1 jacen2x2.dat
1 7 -41.048 968 -207.357 0.382683 0 -0.92388 0 1 0 0.92388 0 0.382683 jacena1.dat
1 7 -130.266 968 -213.697 0.382683 0 -0.92388 0 1 0 0.92388 0 0.382683 jacena1.dat
1 7 -106.377 968 -234.417 0.92388 0 0.382683 0 1 0 -0.382683 0 0.92388 vnt1x1.dat
1 7 207.455 968 -254.957 -1 0 0 0 1 0 0 0 -1 jacen2x2.dat
1 7 -56.355 968 -244.312 0.382683 0 -0.92388 0 1 0 0.92388 0 0.382683 jacena1.dat
1 7 167.456 960 -334.956 1 0 0 0 1 0 0 0 1 placa2x2.dat
1 7 87.456 968 -374.956 0 0 1 0 1 0 -1 0 0 jacen2x2.dat
1 7 187.456 960 -374.956 0 0 -1 0 1 0 1 0 0 placa2.dat
1 7 167.456 968 -394.956 1 0 0 0 1 0 0 0 1 jacena2.dat
1 7 7.457 968 -414.957 1 0 0 0 1 0 0 0 1 jacen2x2.dat
1 7 177.456 968 -404.956 0 0 -1 0 1 0 1 0 0 jacena1.dat
1 7 207.456 968 -414.956 0 0 -1 0 1 0 1 0 0 enganch2.dat
1 7 -91.069 960 -197.461 0.382683 0 -0.92388 0 1 0 0.92388 0 0.382683 enganc2.dat
1 7 -54.114 960 -212.769 0.382683 0 -0.92388 0 1 0 0.92388 0 0.382683 enganc2.dat
1 7 -106.377 960 -234.417 0.382683 0 -0.92388 0 1 0 0.92388 0 0.382683 enganc2.dat
1 7 -69.421 960 -249.724 0.382683 0 -0.92388 0 1 0 0.92388 0 0.382683 enganc2.dat
1 7 207.457 950.143 -416.715 0 -1 0 0.980785 0 -0.19509 0.19509 0 0.980785 bald2.dat
1 7 127.455 960 -214.957 -1 0 0 0 1 0 0 0 -1 jacen2x4.dat
1 7 167.455 960 -214.957 -1 0 0 0 1 0 0 0 -1 jacen2x2.dat
1 7 7.457 960 -294.957 1 0 0 0 1 0 0 0 1 jacen2x2.dat
1 7 7.457 960 -294.957 0 0 1 0 1 0 -1 0 0 jacen2x4.dat
1 7 197.456 960 -344.956 0 0 -1 0 1 0 1 0 0 jacena1.dat
1 7 187.456 952 -374.955 0 0 -1 0 1 0 1 0 0 placa4.dat
1 7 207.457 960 -374.956 0 0 -1 0 1 0 1 0 0 enganch2.dat
1 7 207.456 942.143 -376.715 0 -1 0 0.980785 0 -0.19509 0.19509 0 0.980785 bald2.dat
1 7 207.455 944 -214.958 -1 0 0 0 1 0 0 0 -1 placa2x2.dat
1 7 197.456 952 -304.955 0 0 -1 0 1 0 1 0 0 jacena1.dat
1 7 187.456 944 -334.956 0 0 -1 0 1 0 1 0 0 placa4.dat
1 7 207.456 952 -334.956 0 0 -1 0 1 0 1 0 0 enganch2.dat
1 7 187.456 944 -374.955 0 0 -1 0 1 0 1 0 0 placa2.dat
1 8 -141.091 944 -187.566 0.92388 0 0.382683 0 1 0 -0.382683 0 0.92388 tejado.dat
1 8 -104.135 944 -202.873 0.92388 0 0.382683 0 1 0 -0.382683 0 0.92388 tejado.dat
