0 Untitled
0 Name: Torre de Pisa.ldr
0 Author: MLCad
0 Unofficial Model
0 ROTATION CENTER 0 0 0 1 "Custom" 
0 ROTATION CONFIG 0 0
1 15 -65.195 63.226 -33 0.994522 0.104528 0 -0.104528 0.994522 0 0 0 1 placa2x2.dat
1 15 -46.144 53.178 -13 -0.994522 0.104528 0 0.104528 0.994522 0 0 0 -1 popa4p.dat
1 15 -46.144 53.178 -13 0.994522 0.104528 0 -0.104528 0.994522 0 0 0 1 popa4p.dat
1 15 -91.62 52.929 32.066 0.804584 -0.104528 0.584564 -0.0845652 -0.994522 -0.0614402 0.587785 0 -0.809017 chimplac.dat
1 15 9.981 42.25 15.886 0.307324 -0.104528 -0.945847 -0.0323011 -0.994522 0.0994125 -0.951057 0 -0.309017 chimplac.dat
1 15 -109.456 54.806 -3.135 0.307324 -0.104528 0.945847 -0.0323011 -0.994522 -0.0994125 0.951057 0 -0.309017 chimplac.dat
1 15 16.126 41.605 -23.135 -0.307324 -0.104528 -0.945847 0.0323011 -0.994522 0.0994125 -0.951057 0 0.309017 chimplac.dat
1 15 -103.309 54.158 -42.157 -0.307324 -0.104528 0.945847 0.0323011 -0.994522 -0.0994125 0.951057 0 0.309017 chimplac.dat
1 15 -1.708 43.482 -58.336 -0.804584 -0.104528 -0.584564 0.0845652 -0.994522 0.0614402 -0.587785 0 0.809017 chimplac.dat
1 15 -75.527 51.237 -70.092 -0.804584 -0.104528 0.584564 0.0845652 -0.994522 -0.0614402 0.587785 0 0.809017 chimplac.dat
1 15 -36.719 47.159 -76.272 -0.994522 -0.104528 0 0.104528 -0.994522 0 0 0 1 chimplac.dat
1 383 -40.065 15.333 -76.272 0.104528 -0.994522 0 0.994522 0.104528 0 0 0 1 eje3.dat
1 383 -59.954 17.427 -76.271 0.104528 -0.994522 0 0.994522 0.104528 0 0 0 1 eje3.dat
1 383 -78.873 19.412 -70.092 0.104528 -0.804584 0.584564 0.994522 0.0845652 -0.0614402 0 0.587785 0.809017 eje3.dat
1 383 -94.965 21.106 -58.337 0.104528 -0.804584 0.584564 0.994522 0.0845652 -0.0614402 0 0.587785 0.809017 eje3.dat
1 383 -106.656 22.334 -42.156 0.104528 -0.307324 0.945847 0.994522 0.0323011 -0.0994125 0 0.951057 0.309017 eje3.dat
1 383 -112.801 22.982 -23.135 0.104528 -0.307324 0.945847 0.994522 0.0323011 -0.0994125 0 0.951057 0.309017 eje3.dat
1 383 -106.11 86.63 -23.134 0.104528 -0.307324 0.945847 0.994522 0.0323011 -0.0994125 0 0.951057 0.309017 eje3.dat
1 383 -112.8 22.981 -3.135 0.104528 0.307324 0.945847 0.994522 -0.0323011 -0.0994125 0 0.951057 -0.309017 eje3.dat
1 383 -106.657 22.334 15.886 0.104528 0.307324 0.945847 0.994522 -0.0323011 -0.0994125 0 0.951057 -0.309017 eje3.dat
1 383 -94.965 21.106 32.066 0.104528 0.804584 0.584564 0.994522 -0.0845652 -0.0614402 0 0.587785 -0.809017 eje3.dat
1 383 -78.874 19.412 43.823 0.104528 0.804584 0.584564 0.994522 -0.0845652 -0.0614402 0 0.587785 -0.809017 eje3.dat
1 383 -59.954 17.427 50.001 0.104528 0.994522 0 0.994522 -0.104528 0 0 0 -1 eje3.dat
1 383 -40.066 15.333 50.004 0.104528 0.994522 0 0.994522 -0.104528 0 0 0 -1 eje3.dat
1 383 -21.147 13.346 43.822 0.104528 0.804584 -0.584564 0.994522 -0.0845652 0.0614402 0 -0.587785 -0.809017 eje3.dat
1 383 -5.056 11.653 32.069 0.104528 0.804584 -0.584564 0.994522 -0.0845652 0.0614402 0 -0.587785 -0.809017 eje3.dat
1 383 6.637 10.425 15.886 0.104528 0.307324 -0.945847 0.994522 -0.0323011 0.0994125 0 -0.951057 -0.309017 eje3.dat
1 383 12.786 9.781 -3.133 0.104528 0.307324 -0.945847 0.994522 -0.0323011 0.0994125 0 -0.951057 -0.309017 eje3.dat
1 383 12.784 9.781 -23.135 0.104528 -0.307324 -0.945847 0.994522 0.0323011 0.0994125 0 -0.951057 0.309017 eje3.dat
1 383 6.639 10.426 -42.155 0.104528 -0.307324 -0.945847 0.994522 0.0323011 0.0994125 0 -0.951057 0.309017 eje3.dat
1 383 -5.057 11.653 -58.336 0.104528 -0.804584 -0.584564 0.994522 0.0845652 0.0614402 0 -0.587785 0.809017 eje3.dat
1 383 -21.145 13.345 -70.092 0.104528 -0.804584 -0.584564 0.994522 0.0845652 0.0614402 0 -0.587785 0.809017 eje3.dat
1 383 -33.376 78.985 -76.272 0.104528 -0.994522 0 0.994522 0.104528 0 0 0 1 eje3.dat
1 15 -20.83 198.328 -23.272 0.104528 -0.994522 0 0.994522 0.104528 0 0 0 1 eje6.dat
1 15 -40.72 200.42 -23.272 0.104528 -0.994522 0 0.994522 0.104528 0 0 0 1 eje6.dat
1 15 -20.83 198.328 -3.272 0.104528 -0.994522 0 0.994522 0.104528 0 0 0 1 eje6.dat
1 15 -40.72 200.42 -3.272 0.104528 -0.994522 0 0.994522 0.104528 0 0 0 1 eje6.dat
1 383 -53.263 81.076 -76.272 0.104528 -0.994522 0 0.994522 0.104528 0 0 0 1 eje3.dat
1 383 -72.183 83.065 -70.092 0.104528 -0.804584 0.584564 0.994522 0.0845652 -0.0614402 0 0.587785 0.809017 eje3.dat
1 383 -88.272 84.755 -58.337 0.104528 -0.804584 0.584564 0.994522 0.0845652 -0.0614402 0 0.587785 0.809017 eje3.dat
1 383 -99.966 85.986 -42.156 0.104528 -0.307324 0.945847 0.994522 0.0323011 -0.0994125 0 0.951057 0.309017 eje3.dat
1 383 -106.109 86.63 -3.135 0.104528 0.307324 0.945847 0.994522 -0.0323011 -0.0994125 0 0.951057 -0.309017 eje3.dat
1 383 -99.967 85.986 15.886 0.104528 0.307324 0.945847 0.994522 -0.0323011 -0.0994125 0 0.951057 -0.309017 eje3.dat
1 383 -88.272 84.755 32.066 0.104528 0.804584 0.584564 0.994522 -0.0845652 -0.0614402 0 0.587785 -0.809017 eje3.dat
1 383 -72.184 83.065 43.823 0.104528 0.804584 0.584564 0.994522 -0.0845652 -0.0614402 0 0.587785 -0.809017 eje3.dat
1 383 -53.263 81.076 50.002 0.104528 0.994522 0 0.994522 -0.104528 0 0 0 -1 eje3.dat
1 383 -33.377 78.986 50.004 0.104528 0.994522 0 0.994522 -0.104528 0 0 0 -1 eje3.dat
1 383 -14.452 76.996 43.824 0.104528 0.804584 -0.584564 0.994522 -0.0845652 0.0614402 0 -0.587785 -0.809017 eje3.dat
1 383 1.638 75.304 32.069 0.104528 0.804584 -0.584564 0.994522 -0.0845652 0.0614402 0 -0.587785 -0.809017 eje3.dat
1 383 13.325 74.076 15.886 0.104528 0.307324 -0.945847 0.994522 -0.0323011 0.0994125 0 -0.951057 -0.309017 eje3.dat
1 383 19.473 73.431 -3.133 0.104528 0.307324 -0.945847 0.994522 -0.0323011 0.0994125 0 -0.951057 -0.309017 eje3.dat
1 383 19.471 73.431 -23.134 0.104528 -0.307324 -0.945847 0.994522 0.0323011 0.0994125 0 -0.951057 0.309017 eje3.dat
1 383 13.327 74.076 -42.155 0.104528 -0.307324 -0.945847 0.994522 0.0323011 0.0994125 0 -0.951057 0.309017 eje3.dat
1 383 1.637 75.304 -58.336 0.104528 -0.804584 -0.584564 0.994522 0.0845652 0.0614402 0 -0.587785 0.809017 eje3.dat
1 383 -14.45 76.996 -70.092 0.104528 -0.804584 -0.584564 0.994522 0.0845652 0.0614402 0 -0.587785 0.809017 eje3.dat
1 383 -46.752 -48.312 -76.272 0.104528 -0.994522 0 0.994522 0.104528 0 0 0 1 eje3.dat
1 383 -66.643 -46.223 -76.272 0.104528 -0.994522 0 0.994522 0.104528 0 0 0 1 eje3.dat
1 383 -85.559 -44.233 -70.092 0.104528 -0.804584 0.584564 0.994522 0.0845652 -0.0614402 0 0.587785 0.809017 eje3.dat
1 383 -101.652 -42.546 -58.337 0.104528 -0.804584 0.584564 0.994522 0.0845652 -0.0614402 0 0.587785 0.809017 eje3.dat
1 383 -113.345 -41.316 -42.156 0.104528 -0.307324 0.945847 0.994522 0.0323011 -0.0994125 0 0.951057 0.309017 eje3.dat
1 383 -119.491 -40.67 -23.135 0.104528 -0.307324 0.945847 0.994522 0.0323011 -0.0994125 0 0.951057 0.309017 eje3.dat
1 383 -119.491 -40.67 -3.135 0.104528 0.307324 0.945847 0.994522 -0.0323011 -0.0994125 0 0.951057 -0.309017 eje3.dat
1 383 -113.346 -41.316 15.886 0.104528 0.307324 0.945847 0.994522 -0.0323011 -0.0994125 0 0.951057 -0.309017 eje3.dat
1 383 -101.652 -42.546 32.066 0.104528 0.804584 0.584564 0.994522 -0.0845652 -0.0614402 0 0.587785 -0.809017 eje3.dat
1 383 -85.561 -44.232 43.823 0.104528 0.804584 0.584564 0.994522 -0.0845652 -0.0614402 0 0.587785 -0.809017 eje3.dat
1 383 -66.643 -46.223 50.002 0.104528 0.994522 0 0.994522 -0.104528 0 0 0 -1 eje3.dat
1 383 -46.753 -48.311 50.004 0.104528 0.994522 0 0.994522 -0.104528 0 0 0 -1 eje3.dat
1 383 -27.837 -50.303 43.822 0.104528 0.804584 -0.584564 0.994522 -0.0845652 0.0614402 0 -0.587785 -0.809017 eje3.dat
1 383 -11.746 -51.996 32.069 0.104528 0.804584 -0.584564 0.994522 -0.0845652 0.0614402 0 -0.587785 -0.809017 eje3.dat
1 383 -0.055 -53.224 15.886 0.104528 0.307324 -0.945847 0.994522 -0.0323011 0.0994125 0 -0.951057 -0.309017 eje3.dat
1 383 6.09 -53.869 -3.133 0.104528 0.307324 -0.945847 0.994522 -0.0323011 0.0994125 0 -0.951057 -0.309017 eje3.dat
1 383 6.088 -53.869 -23.135 0.104528 -0.307324 -0.945847 0.994522 0.0323011 0.0994125 0 -0.951057 0.309017 eje3.dat
1 383 -0.053 -53.224 -42.155 0.104528 -0.307324 -0.945847 0.994522 0.0323011 0.0994125 0 -0.951057 0.309017 eje3.dat
1 383 -11.747 -51.995 -58.336 0.104528 -0.804584 -0.584564 0.994522 0.0845652 0.0614402 0 -0.587785 0.809017 eje3.dat
1 383 -27.835 -50.303 -70.092 0.104528 -0.804584 -0.584564 0.994522 0.0845652 0.0614402 0 -0.587785 0.809017 eje3.dat
1 15 -56.609 49.248 50.002 0.994522 -0.104528 0 -0.104528 -0.994522 0 0 0 -1 chimplac.dat
1 15 -17.805 45.17 43.822 0.804584 -0.104528 -0.584564 -0.0845652 -0.994522 0.0614402 -0.587785 0 -0.809017 chimplac.dat
1 15 -46.977 45.221 -13 0 0.104528 -0.994522 0 0.994522 0.104528 1 0 0 popa4p.dat
1 15 -46.977 45.221 -13 0 0.104528 0.994522 0 0.994522 -0.104528 -1 0 0 popa4p.dat
1 15 -76.365 43.281 43.821 0.945847 -0.104528 0.307324 -0.0994125 -0.994522 -0.0323011 0.309017 0 -0.951057 chimplac.dat
1 15 -18.64 37.214 43.821 -0.945847 -0.104528 0.307324 0.0994125 -0.994522 -0.0323011 0.309017 0 0.951057 chimplac.dat
1 15 -92.455 44.974 32.066 -0.584565 -0.104528 -0.804584 0.0614403 -0.994522 0.0845652 -0.809017 0 0.587786 chimplac.dat
1 15 9.148 34.295 15.885 -0.584565 -0.104528 0.804584 0.0614403 -0.994522 -0.0845652 0.809017 0 0.587786 chimplac.dat
1 15 -110.292 46.849 -3.136 0 -0.104528 -0.994522 0 -0.994522 0.104528 -1 0 0 chimplac.dat
1 15 15.291 33.65 -23.136 0 -0.104528 0.994522 0 -0.994522 -0.104528 1 0 0 chimplac.dat
1 15 -104.143 46.2 -42.157 0.584565 -0.104528 -0.804584 -0.0614403 -0.994522 0.0845652 -0.809017 0 -0.587786 chimplac.dat
1 15 -2.544 35.524 -58.337 0.584565 -0.104528 0.804584 -0.0614403 -0.994522 -0.0845652 0.809017 0 -0.587786 chimplac.dat
1 15 -76.364 43.281 -70.094 0.945847 -0.104528 -0.307324 -0.0994125 -0.994522 0.0323011 -0.309017 0 -0.951057 chimplac.dat
1 15 -37.557 39.204 -76.274 0.945847 -0.104528 0.307324 -0.0994125 -0.994522 -0.0323011 0.309017 0 -0.951057 chimplac.dat
1 15 -47.816 37.267 -13 0.994522 0.104528 0 -0.104528 0.994522 0 0 0 1 popa6p.dat
1 15 -47.816 37.267 -13 -0.994522 0.104528 0 0.104528 0.994522 0 0 0 -1 popa6p.dat
1 15 -48.65 29.309 -13 0 0.104528 0.994522 0 0.994522 -0.104528 -1 0 0 popa6p.dat
1 15 -48.65 29.309 -13 0 0.104528 -0.994522 0 0.994522 0.104528 1 0 0 popa6p.dat
1 15 -49.488 21.353 -13.001 -0.994522 0.104528 0 0.104528 0.994522 0 0 0 -1 popa6p.dat
1 15 -49.488 21.353 -13.001 0.994522 0.104528 0 -0.104528 0.994522 0 0 0 1 popa6p.dat
1 15 -50.321 13.396 -13 0 0.104528 0.994522 0 0.994522 -0.104528 -1 0 0 popa6p.dat
1 15 -50.321 13.396 -13 0 0.104528 -0.994522 0 0.994522 0.104528 1 0 0 popa6p.dat
1 15 -51.159 5.44 -13 -0.994522 0.104528 0 0.104528 0.994522 0 0 0 -1 popa6p.dat
1 15 -51.159 5.44 -13 0.994522 0.104528 0 -0.104528 0.994522 0 0 0 1 popa6p.dat
1 15 -58.506 126.873 -33 0.994522 0.104528 0 -0.104528 0.994522 0 0 0 1 placa2x2.dat
1 15 -47.724 133.782 -23 0.994522 0.104528 0 -0.104528 0.994522 0 0 0 1 chimtubo.dat
1 15 -47.724 133.784 -3 0.994522 0.104528 0 -0.104528 0.994522 0 0 0 1 chimtubo.dat
1 15 -45.218 157.653 -3 0.994522 0.104528 0 -0.104528 0.994522 0 0 0 1 chimtubo.dat
1 15 -42.706 181.52 -3 0.994522 0.104528 0 -0.104528 0.994522 0 0 0 1 chimtubo.dat
1 15 -40.2 205.388 -3 0.994522 0.104528 0 -0.104528 0.994522 0 0 0 1 chimtubo.dat
1 15 -45.218 157.653 -23 0.994522 0.104528 0 -0.104528 0.994522 0 0 0 1 chimtubo.dat
1 15 -42.706 181.52 -23 0.994522 0.104528 0 -0.104528 0.994522 0 0 0 1 chimtubo.dat
1 15 -40.2 205.388 -23 0.994522 0.104528 0 -0.104528 0.994522 0 0 0 1 chimtubo.dat
1 15 -34.344 261.085 -3 0.994522 -0.104528 0 -0.104528 -0.994522 0 0 0 -1 chimtubo.dat
1 15 -36.855 237.218 -3 0.994522 -0.104528 0 -0.104528 -0.994522 0 0 0 -1 chimtubo.dat
1 15 -39.362 213.349 -3 0.994522 -0.104528 0 -0.104528 -0.994522 0 0 0 -1 chimtubo.dat
1 15 -34.344 261.085 -23 0.994522 -0.104528 0 -0.104528 -0.994522 0 0 0 -1 chimtubo.dat
1 15 -36.855 237.218 -23 0.994522 -0.104528 0 -0.104528 -0.994522 0 0 0 -1 chimtubo.dat
1 15 -39.362 213.349 -23 0.994522 -0.104528 0 -0.104528 -0.994522 0 0 0 -1 chimtubo.dat
1 15 -40.2 205.388 -3 0.994522 -0.104528 0 -0.104528 -0.994522 0 0 0 -1 chimplac.dat
1 15 -40.2 205.388 -23 0.994522 -0.104528 0 -0.104528 -0.994522 0 0 0 -1 chimplac.dat
1 15 -39.451 116.827 -13 -0.994522 0.104528 0 0.104528 0.994522 0 0 0 -1 popa4p.dat
1 15 -39.451 116.827 -13 0.994522 0.104528 0 -0.104528 0.994522 0 0 0 1 popa4p.dat
1 15 -40.288 108.873 -13 0 0.104528 -0.994522 0 0.994522 0.104528 1 0 0 popa4p.dat
1 15 -40.288 108.873 -13 0 0.104528 0.994522 0 0.994522 -0.104528 -1 0 0 popa4p.dat
1 15 -41.124 100.913 -13 0.994522 0.104528 0 -0.104528 0.994522 0 0 0 1 popa6p.dat
1 15 -41.124 100.913 -13 -0.994522 0.104528 0 0.104528 0.994522 0 0 0 -1 popa6p.dat
1 15 -41.962 92.96 -13 0 0.104528 0.994522 0 0.994522 -0.104528 -1 0 0 popa6p.dat
1 15 -41.962 92.96 -13 0 0.104528 -0.994522 0 0.994522 0.104528 1 0 0 popa6p.dat
1 15 -42.796 85.003 -13 -0.994522 0.104528 0 0.104528 0.994522 0 0 0 -1 popa6p.dat
1 15 -42.796 85.003 -13 0.994522 0.104528 0 -0.104528 0.994522 0 0 0 1 popa6p.dat
1 15 -43.632 77.042 -13 0 0.104528 0.994522 0 0.994522 -0.104528 -1 0 0 popa6p.dat
1 15 -43.632 77.042 -13 0 0.104528 -0.994522 0 0.994522 0.104528 1 0 0 popa6p.dat
1 15 -44.47 69.089 -13 -0.994522 0.104528 0 0.104528 0.994522 0 0 0 -1 popa6p.dat
1 15 -44.47 69.089 -13 0.994522 0.104528 0 -0.104528 0.994522 0 0 0 1 popa6p.dat
1 15 -71.887 -0.425 -32.999 0.994522 0.104528 0 -0.104528 0.994522 0 0 0 1 placa2x2.dat
1 15 -52.832 -10.472 -12.999 0.994522 0.104528 0 -0.104528 0.994522 0 0 0 1 popa4p.dat
1 15 -52.832 -10.472 -12.999 -0.994522 0.104528 0 0.104528 0.994522 0 0 0 -1 popa4p.dat
1 15 -24.495 -18.481 43.822 0.804584 -0.104528 -0.584564 -0.0845652 -0.994522 0.0614402 -0.587785 0 -0.809017 chimplac.dat
1 15 -63.299 -14.401 50.001 0.994522 -0.104528 0 -0.104528 -0.994522 0 0 0 -1 chimplac.dat
1 15 -98.308 -10.718 32.066 0.804584 -0.104528 0.584564 -0.0845652 -0.994522 -0.0614402 0.587785 0 -0.809017 chimplac.dat
1 15 3.289 -21.399 15.886 0.307324 -0.104528 -0.945847 -0.0323011 -0.994522 0.0994125 -0.951057 0 -0.309017 chimplac.dat
1 15 -116.146 -8.843 -3.135 0.307324 -0.104528 0.945847 -0.0323011 -0.994522 -0.0994125 0.951057 0 -0.309017 chimplac.dat
1 15 9.437 -22.042 -23.135 -0.307324 -0.104528 -0.945847 0.0323011 -0.994522 0.0994125 -0.951057 0 0.309017 chimplac.dat
1 15 -109.999 -9.494 -42.156 -0.307324 -0.104528 0.945847 0.0323011 -0.994522 -0.0994125 0.951057 0 0.309017 chimplac.dat
1 15 -8.405 -20.165 -58.336 -0.804584 -0.104528 -0.584564 0.0845652 -0.994522 0.0614402 -0.587785 0 0.809017 chimplac.dat
1 15 -82.218 -12.411 -70.093 -0.804584 -0.104528 0.584564 0.0845652 -0.994522 -0.0614402 0.587785 0 0.809017 chimplac.dat
1 15 -43.411 -16.492 -76.272 -0.994522 -0.104528 0 0.104528 -0.994522 0 0 0 1 chimplac.dat
1 15 -53.667 -18.426 -13 0 0.104528 0.994522 0 0.994522 -0.104528 -1 0 0 popa4p.dat
1 15 -53.667 -18.426 -13 0 0.104528 -0.994522 0 0.994522 0.104528 1 0 0 popa4p.dat
1 15 -83.052 -20.368 43.822 0.945847 -0.104528 0.307324 -0.0994125 -0.994522 -0.0323011 0.309017 0 -0.951057 chimplac.dat
1 15 -25.327 -26.436 43.821 -0.945847 -0.104528 0.307324 0.0994125 -0.994522 -0.0323011 0.309017 0 0.951057 chimplac.dat
1 15 -99.143 -18.677 32.066 -0.584565 -0.104528 -0.804584 0.0614403 -0.994522 0.0845652 -0.809017 0 0.587786 chimplac.dat
1 15 2.452 -29.352 15.885 -0.584565 -0.104528 0.804584 0.0614403 -0.994522 -0.0845652 0.809017 0 0.587786 chimplac.dat
1 15 -116.98 -16.8 -3.136 0 -0.104528 -0.994522 0 -0.994522 0.104528 -1 0 0 chimplac.dat
1 15 8.601 -29.999 -23.136 0 -0.104528 0.994522 0 -0.994522 -0.104528 1 0 0 chimplac.dat
1 15 -110.836 -17.449 -42.157 0.584565 -0.104528 -0.804584 -0.0614403 -0.994522 0.0845652 -0.809017 0 -0.587786 chimplac.dat
1 15 -9.239 -28.121 -58.337 0.584565 -0.104528 0.804584 -0.0614403 -0.994522 -0.0845652 0.809017 0 -0.587786 chimplac.dat
1 15 -83.051 -20.369 -70.093 0.945847 -0.104528 -0.307324 -0.0994125 -0.994522 0.0323011 -0.309017 0 -0.951057 chimplac.dat
1 15 -44.246 -24.447 -76.273 0.945847 -0.104528 0.307324 -0.0994125 -0.994522 -0.0323011 0.309017 0 -0.951057 chimplac.dat
1 15 -54.504 -26.383 -13 0.994522 0.104528 0 -0.104528 0.994522 0 0 0 1 popa6p.dat
1 15 -54.504 -26.383 -13 -0.994522 0.104528 0 0.104528 0.994522 0 0 0 -1 popa6p.dat
1 15 -55.34 -34.34 -13 0 0.104528 -0.994522 0 0.994522 0.104528 1 0 0 popa6p.dat
1 15 -55.34 -34.34 -13 0 0.104528 0.994522 0 0.994522 -0.104528 -1 0 0 popa6p.dat
1 15 -56.179 -42.299 -13 -0.994522 0.104528 0 0.104528 0.994522 0 0 0 -1 popa6p.dat
1 15 -56.179 -42.299 -13 0.994522 0.104528 0 -0.104528 0.994522 0 0 0 1 popa6p.dat
1 15 -57.012 -50.251 -13 0 0.104528 -0.994522 0 0.994522 0.104528 1 0 0 popa6p.dat
1 15 -57.012 -50.251 -13 0 0.104528 0.994522 0 0.994522 -0.104528 -1 0 0 popa6p.dat
1 15 -57.85 -58.209 -13 -0.994522 0.104528 0 0.104528 0.994522 0 0 0 -1 popa6p.dat
1 15 -57.85 -58.209 -13 0.994522 0.104528 0 -0.104528 0.994522 0 0 0 1 popa6p.dat
1 15 -69.988 -78.048 50.002 0.994522 -0.104528 0 -0.104528 -0.994522 0 0 0 -1 chimplac.dat
1 15 -31.181 -82.127 43.821 0.804584 -0.104528 -0.584564 -0.0845652 -0.994522 0.0614402 -0.587785 0 -0.809017 chimplac.dat
1 15 -104.995 -74.368 32.066 0.804584 -0.104528 0.584564 -0.0845652 -0.994522 -0.0614402 0.587785 0 -0.809017 chimplac.dat
1 15 -3.397 -85.046 15.886 0.307324 -0.104528 -0.945847 -0.0323011 -0.994522 0.0994125 -0.951057 0 -0.309017 chimplac.dat
1 15 -122.835 -72.495 -3.135 0.307324 -0.104528 0.945847 -0.0323011 -0.994522 -0.0994125 0.951057 0 -0.309017 chimplac.dat
1 15 2.747 -85.694 -23.135 -0.307324 -0.104528 -0.945847 0.0323011 -0.994522 0.0994125 -0.951057 0 0.309017 chimplac.dat
1 15 -116.689 -73.139 -42.155 -0.307324 -0.104528 0.945847 0.0323011 -0.994522 -0.0994125 0.951057 0 0.309017 chimplac.dat
1 15 -15.09 -83.822 -58.336 -0.804584 -0.104528 -0.584564 0.0845652 -0.994522 0.0614402 -0.587785 0 0.809017 chimplac.dat
1 15 -88.908 -76.06 -70.092 -0.804584 -0.104528 0.584564 0.0845652 -0.994522 -0.0614402 0.587785 0 0.809017 chimplac.dat
1 15 -50.098 -80.138 -76.272 -0.994522 -0.104528 0 0.104528 -0.994522 0 0 0 1 chimplac.dat
1 15 -89.741 -84.015 43.824 0.945847 -0.104528 0.307324 -0.0994125 -0.994522 -0.0323011 0.309017 0 -0.951057 chimplac.dat
1 15 -32.014 -90.081 43.821 -0.945847 -0.104528 0.307324 0.0994125 -0.994522 -0.0323011 0.309017 0 0.951057 chimplac.dat
1 15 -105.834 -82.325 32.066 -0.584565 -0.104528 -0.804584 0.0614403 -0.994522 0.0845652 -0.809017 0 0.587786 chimplac.dat
1 15 -4.236 -93.005 15.886 -0.584565 -0.104528 0.804584 0.0614403 -0.994522 -0.0845652 0.809017 0 0.587786 chimplac.dat
1 15 -123.67 -80.451 -3.135 0 -0.104528 -0.994522 0 -0.994522 0.104528 -1 0 0 chimplac.dat
1 15 -117.523 -81.096 -42.156 0.584565 -0.104528 -0.804584 -0.0614403 -0.994522 0.0845652 -0.809017 0 -0.587786 chimplac.dat
1 15 -15.928 -91.777 -58.336 0.584565 -0.104528 0.804584 -0.0614403 -0.994522 -0.0845652 0.809017 0 -0.587786 chimplac.dat
1 15 -89.74 -84.014 -70.093 0.945847 -0.104528 -0.307324 -0.0994125 -0.994522 0.0323011 -0.309017 0 -0.951057 chimplac.dat
1 15 -50.936 -88.096 -76.273 0.945847 -0.104528 0.307324 -0.0994125 -0.994522 -0.0323011 0.309017 0 -0.951057 chimplac.dat
1 15 1.912 -93.653 -23.135 0 -0.104528 0.994522 0 -0.994522 -0.104528 1 0 0 chimplac.dat
0 Untitled
0 Name: Torre de Pisa.ldr
0 Author: MLCad
0 Unofficial Model
1 15 -85.264 -127.723 -33 0.994522 0.104528 0 -0.104528 0.994522 0 0 0 1 placa2x2.dat
1 15 -66.209 -137.769 -13 -0.994522 0.104528 0 0.104528 0.994522 0 0 0 -1 popa4p.dat
1 15 -66.209 -137.769 -13 0.994522 0.104528 0 -0.104528 0.994522 0 0 0 1 popa4p.dat
1 15 -111.686 -138.018 32.066 0.804584 -0.104528 0.584564 -0.0845652 -0.994522 -0.0614402 0.587785 0 -0.809017 chimplac.dat
1 15 -10.086 -148.697 15.885 0.307324 -0.104528 -0.945847 -0.0323011 -0.994522 0.0994125 -0.951057 0 -0.309017 chimplac.dat
1 15 -129.524 -136.143 -3.135 0.307324 -0.104528 0.945847 -0.0323011 -0.994522 -0.0994125 0.951057 0 -0.309017 chimplac.dat
1 15 -3.942 -149.343 -23.135 -0.307324 -0.104528 -0.945847 0.0323011 -0.994522 0.0994125 -0.951057 0 0.309017 chimplac.dat
1 15 -123.379 -136.792 -42.156 -0.307324 -0.104528 0.945847 0.0323011 -0.994522 -0.0994125 0.951057 0 0.309017 chimplac.dat
1 15 -21.778 -147.465 -58.336 -0.804584 -0.104528 -0.584564 0.0845652 -0.994522 0.0614402 -0.587785 0 0.809017 chimplac.dat
1 15 -95.597 -139.709 -70.092 -0.804584 -0.104528 0.584564 0.0845652 -0.994522 -0.0614402 0.587785 0 0.809017 chimplac.dat
1 15 -56.789 -143.789 -76.272 -0.994522 -0.104528 0 0.104528 -0.994522 0 0 0 1 chimplac.dat
1 383 -60.134 -175.614 -76.272 0.104528 -0.994522 0 0.994522 0.104528 0 0 0 1 eje3.dat
1 383 -80.021 -173.522 -76.272 0.104528 -0.994522 0 0.994522 0.104528 0 0 0 1 eje3.dat
1 383 -98.94 -171.535 -70.092 0.104528 -0.804584 0.584564 0.994522 0.0845652 -0.0614402 0 0.587785 0.809017 eje3.dat
1 383 -115.032 -169.84 -58.337 0.104528 -0.804584 0.584564 0.994522 0.0845652 -0.0614402 0 0.587785 0.809017 eje3.dat
1 383 -126.723 -168.613 -42.156 0.104528 -0.307324 0.945847 0.994522 0.0323011 -0.0994125 0 0.951057 0.309017 eje3.dat
1 383 -132.872 -167.969 -23.135 0.104528 -0.307324 0.945847 0.994522 0.0323011 -0.0994125 0 0.951057 0.309017 eje3.dat
1 383 -132.871 -167.97 -3.135 0.104528 0.307324 0.945847 0.994522 -0.0323011 -0.0994125 0 0.951057 -0.309017 eje3.dat
1 383 -126.724 -168.613 15.886 0.104528 0.307324 0.945847 0.994522 -0.0323011 -0.0994125 0 0.951057 -0.309017 eje3.dat
1 383 -115.032 -169.842 32.065 0.104528 0.804584 0.584564 0.994522 -0.0845652 -0.0614402 0 0.587785 -0.809017 eje3.dat
1 383 -98.941 -171.535 43.823 0.104528 0.804584 0.584564 0.994522 -0.0845652 -0.0614402 0 0.587785 -0.809017 eje3.dat
1 383 -80.021 -173.522 50.002 0.104528 0.994522 0 0.994522 -0.104528 0 0 0 -1 eje3.dat
1 383 -60.135 -175.615 50.004 0.104528 0.994522 0 0.994522 -0.104528 0 0 0 -1 eje3.dat
1 383 -41.218 -177.6 43.822 0.104528 0.804584 -0.584564 0.994522 -0.0845652 0.0614402 0 -0.587785 -0.809017 eje3.dat
1 383 -25.123 -179.293 32.069 0.104528 0.804584 -0.584564 0.994522 -0.0845652 0.0614402 0 -0.587785 -0.809017 eje3.dat
1 383 -13.433 -180.521 15.886 0.104528 0.307324 -0.945847 0.994522 -0.0323011 0.0994125 0 -0.951057 -0.309017 eje3.dat
1 383 -7.284 -181.167 -3.133 0.104528 0.307324 -0.945847 0.994522 -0.0323011 0.0994125 0 -0.951057 -0.309017 eje3.dat
1 383 -7.286 -181.166 -23.135 0.104528 -0.307324 -0.945847 0.994522 0.0323011 0.0994125 0 -0.951057 0.309017 eje3.dat
1 383 -13.432 -180.521 -42.155 0.104528 -0.307324 -0.945847 0.994522 0.0323011 0.0994125 0 -0.951057 0.309017 eje3.dat
1 383 -25.124 -179.292 -58.336 0.104528 -0.804584 -0.584564 0.994522 0.0845652 0.0614402 0 -0.587785 0.809017 eje3.dat
1 383 -41.215 -177.601 -70.092 0.104528 -0.804584 -0.584564 0.994522 0.0845652 0.0614402 0 -0.587785 0.809017 eje3.dat
1 383 -53.442 -111.964 -76.272 0.104528 -0.994522 0 0.994522 0.104528 0 0 0 1 eje3.dat
1 383 -73.334 -109.873 -76.272 0.104528 -0.994522 0 0.994522 0.104528 0 0 0 1 eje3.dat
1 383 -92.249 -107.886 -70.092 0.104528 -0.804584 0.584564 0.994522 0.0845652 -0.0614402 0 0.587785 0.809017 eje3.dat
1 383 -108.342 -106.195 -58.337 0.104528 -0.804584 0.584564 0.994522 0.0845652 -0.0614402 0 0.587785 0.809017 eje3.dat
1 383 -120.035 -104.965 -42.156 0.104528 -0.307324 0.945847 0.994522 0.0323011 -0.0994125 0 0.951057 0.309017 eje3.dat
1 383 -126.182 -104.319 -23.135 0.104528 -0.307324 0.945847 0.994522 0.0323011 -0.0994125 0 0.951057 0.309017 eje3.dat
1 383 -126.181 -104.318 -3.135 0.104528 0.307324 0.945847 0.994522 -0.0323011 -0.0994125 0 0.951057 -0.309017 eje3.dat
1 383 -120.036 -104.964 15.886 0.104528 0.307324 0.945847 0.994522 -0.0323011 -0.0994125 0 0.951057 -0.309017 eje3.dat
1 383 -108.342 -106.195 32.066 0.104528 0.804584 0.584564 0.994522 -0.0845652 -0.0614402 0 0.587785 -0.809017 eje3.dat
1 383 -92.25 -107.886 43.823 0.104528 0.804584 0.584564 0.994522 -0.0845652 -0.0614402 0 0.587785 -0.809017 eje3.dat
1 383 -73.334 -109.873 50.002 0.104528 0.994522 0 0.994522 -0.104528 0 0 0 -1 eje3.dat
1 383 -53.443 -111.961 50.004 0.104528 0.994522 0 0.994522 -0.104528 0 0 0 -1 eje3.dat
1 383 -34.526 -113.953 43.822 0.104528 0.804584 -0.584564 0.994522 -0.0845652 0.0614402 0 -0.587785 -0.809017 eje3.dat
1 383 -18.434 -115.643 32.068 0.104528 0.804584 -0.584564 0.994522 -0.0845652 0.0614402 0 -0.587785 -0.809017 eje3.dat
1 383 -6.744 -116.87 15.886 0.104528 0.307324 -0.945847 0.994522 -0.0323011 0.0994125 0 -0.951057 -0.309017 eje3.dat
1 383 -0.598 -117.522 -3.133 0.104528 0.307324 -0.945847 0.994522 -0.0323011 0.0994125 0 -0.951057 -0.309017 eje3.dat
1 383 -0.6 -117.522 -23.135 0.104528 -0.307324 -0.945847 0.994522 0.0323011 0.0994125 0 -0.951057 0.309017 eje3.dat
1 383 -6.742 -116.871 -42.155 0.104528 -0.307324 -0.945847 0.994522 0.0323011 0.0994125 0 -0.951057 0.309017 eje3.dat
1 383 -18.435 -115.643 -58.336 0.104528 -0.804584 -0.584564 0.994522 0.0845652 0.0614402 0 -0.587785 0.809017 eje3.dat
1 383 -34.524 -113.953 -70.092 0.104528 -0.804584 -0.584564 0.994522 0.0845652 0.0614402 0 -0.587785 0.809017 eje3.dat
1 383 -66.822 -239.261 -76.272 0.104528 -0.994522 0 0.994522 0.104528 0 0 0 1 eje3.dat
1 383 -86.713 -237.171 -76.272 0.104528 -0.994522 0 0.994522 0.104528 0 0 0 1 eje3.dat
1 383 -105.629 -235.185 -70.092 0.104528 -0.804584 0.584564 0.994522 0.0845652 -0.0614402 0 0.587785 0.809017 eje3.dat
1 383 -121.72 -233.493 -58.337 0.104528 -0.804584 0.584564 0.994522 0.0845652 -0.0614402 0 0.587785 0.809017 eje3.dat
1 383 -133.411 -232.262 -42.156 0.104528 -0.307324 0.945847 0.994522 0.0323011 -0.0994125 0 0.951057 0.309017 eje3.dat
1 383 -139.562 -231.618 -23.135 0.104528 -0.307324 0.945847 0.994522 0.0323011 -0.0994125 0 0.951057 0.309017 eje3.dat
1 383 -139.561 -231.618 -3.135 0.104528 0.307324 0.945847 0.994522 -0.0323011 -0.0994125 0 0.951057 -0.309017 eje3.dat
1 383 -133.412 -232.262 15.886 0.104528 0.307324 0.945847 0.994522 -0.0323011 -0.0994125 0 0.951057 -0.309017 eje3.dat
1 383 -121.72 -233.491 32.066 0.104528 0.804584 0.584564 0.994522 -0.0845652 -0.0614402 0 0.587785 -0.809017 eje3.dat
1 383 -105.63 -235.185 43.823 0.104528 0.804584 0.584564 0.994522 -0.0845652 -0.0614402 0 0.587785 -0.809017 eje3.dat
1 383 -86.713 -237.172 50.002 0.104528 0.994522 0 0.994522 -0.104528 0 0 0 -1 eje3.dat
1 383 -66.823 -239.261 50.004 0.104528 0.994522 0 0.994522 -0.104528 0 0 0 -1 eje3.dat
1 383 -47.906 -241.25 43.822 0.104528 0.804584 -0.584564 0.994522 -0.0845652 0.0614402 0 -0.587785 -0.809017 eje3.dat
1 383 -31.817 -242.944 32.069 0.104528 0.804584 -0.584564 0.994522 -0.0845652 0.0614402 0 -0.587785 -0.809017 eje3.dat
1 383 -20.127 -244.172 15.886 0.104528 0.307324 -0.945847 0.994522 -0.0323011 0.0994125 0 -0.951057 -0.309017 eje3.dat
1 383 -13.974 -244.817 -3.133 0.104528 0.307324 -0.945847 0.994522 -0.0323011 0.0994125 0 -0.951057 -0.309017 eje3.dat
1 383 -13.976 -244.816 -23.135 0.104528 -0.307324 -0.945847 0.994522 0.0323011 0.0994125 0 -0.951057 0.309017 eje3.dat
1 383 -20.125 -244.172 -42.155 0.104528 -0.307324 -0.945847 0.994522 0.0323011 0.0994125 0 -0.951057 0.309017 eje3.dat
1 383 -31.818 -242.943 -58.336 0.104528 -0.804584 -0.584564 0.994522 0.0845652 0.0614402 0 -0.587785 0.809017 eje3.dat
1 383 -47.904 -241.25 -70.092 0.104528 -0.804584 -0.584564 0.994522 0.0845652 0.0614402 0 -0.587785 0.809017 eje3.dat
1 15 -76.682 -141.7 50.002 0.994522 -0.104528 0 -0.104528 -0.994522 0 0 0 -1 chimplac.dat
1 15 -37.87 -145.78 43.822 0.804584 -0.104528 -0.584564 -0.0845652 -0.994522 0.0614402 -0.587785 0 -0.809017 chimplac.dat
1 15 -67.05 -145.724 -13 0 0.104528 -0.994522 0 0.994522 0.104528 1 0 0 popa4p.dat
1 15 -67.05 -145.724 -13 0 0.104528 0.994522 0 0.994522 -0.104528 -1 0 0 popa4p.dat
1 15 -96.43 -147.669 43.821 0.945847 -0.104528 0.307324 -0.0994125 -0.994522 -0.0323011 0.309017 0 -0.951057 chimplac.dat
1 15 -38.704 -153.734 43.821 -0.945847 -0.104528 0.307324 0.0994125 -0.994522 -0.0323011 0.309017 0 0.951057 chimplac.dat
1 15 -112.525 -145.977 32.066 -0.584565 -0.104528 -0.804584 0.0614403 -0.994522 0.0845652 -0.809017 0 0.587786 chimplac.dat
1 15 -10.924 -156.655 15.885 -0.584565 -0.104528 0.804584 0.0614403 -0.994522 -0.0845652 0.809017 0 0.587786 chimplac.dat
1 15 -130.36 -144.1 -3.136 0 -0.104528 -0.994522 0 -0.994522 0.104528 -1 0 0 chimplac.dat
1 15 -4.773 -157.299 -23.136 0 -0.104528 0.994522 0 -0.994522 -0.104528 1 0 0 chimplac.dat
1 15 -124.214 -144.745 -42.157 0.584565 -0.104528 -0.804584 -0.0614403 -0.994522 0.0845652 -0.809017 0 -0.587786 chimplac.dat
1 15 -22.614 -155.427 -58.337 0.584565 -0.104528 0.804584 -0.0614403 -0.994522 -0.0845652 0.809017 0 -0.587786 chimplac.dat
1 15 -96.429 -147.668 -70.094 0.945847 -0.104528 -0.307324 -0.0994125 -0.994522 0.0323011 -0.309017 0 -0.951057 chimplac.dat
1 15 -57.626 -151.745 -76.274 0.945847 -0.104528 0.307324 -0.0994125 -0.994522 -0.0323011 0.309017 0 -0.951057 chimplac.dat
1 15 -84.932 116.581 32.185 0.804584 -0.104528 0.584564 -0.0845652 -0.994522 -0.0614402 0.587785 0 -0.809017 chimplac.dat
1 15 16.668 105.901 16.005 0.307324 -0.104528 -0.945847 -0.0323011 -0.994522 0.0994125 -0.951057 0 -0.309017 chimplac.dat
1 15 -102.77 118.454 -3.016 0.307324 -0.104528 0.945847 -0.0323011 -0.994522 -0.0994125 0.951057 0 -0.309017 chimplac.dat
1 15 22.814 105.255 -23.016 -0.307324 -0.104528 -0.945847 0.0323011 -0.994522 0.0994125 -0.951057 0 0.309017 chimplac.dat
1 15 -96.621 117.809 -42.037 -0.307324 -0.104528 0.945847 0.0323011 -0.994522 -0.0994125 0.951057 0 0.309017 chimplac.dat
1 15 4.981 107.129 -58.217 -0.804584 -0.104528 -0.584564 0.0845652 -0.994522 0.0614402 -0.587785 0 0.809017 chimplac.dat
1 15 -68.837 114.888 -69.973 -0.804584 -0.104528 0.584564 0.0845652 -0.994522 -0.0614402 0.587785 0 0.809017 chimplac.dat
1 15 -30.03 110.808 -76.152 -0.994522 -0.104528 0 0.104528 -0.994522 0 0 0 1 chimplac.dat
1 15 -49.608 115.884 -76.153 -0.994522 -0.104528 0 0.104528 -0.994522 0 0 0 1 laser.dat
1 15 -84.616 119.562 -58.218 -0.804584 -0.104528 0.584564 0.0845652 -0.994522 -0.0614402 0.587785 0 0.809017 laser.dat
1 15 -102.458 121.435 -23.016 -0.307324 -0.104528 0.945847 0.0323011 -0.994522 -0.0994125 0.951057 0 0.309017 laser.dat
1 15 -96.307 120.794 16.005 0.307324 -0.104528 0.945847 -0.0323011 -0.994522 -0.0994125 0.951057 0 -0.309017 laser.dat
1 15 -68.527 117.871 43.942 0.804584 -0.104528 0.584564 -0.0845652 -0.994522 -0.0614402 0.587785 0 -0.809017 laser.dat
1 15 -29.716 113.795 50.123 0.994522 -0.104528 0 -0.104528 -0.994522 0 0 0 -1 laser.dat
1 15 5.293 110.113 32.187 0.804584 -0.104528 -0.584564 -0.0845652 -0.994522 0.0614402 -0.587785 0 -0.809017 laser.dat
1 15 23.131 108.238 -3.014 0.307324 -0.104528 -0.945847 -0.0323011 -0.994522 0.0994125 -0.951057 0 -0.309017 laser.dat
1 15 16.989 108.884 -42.036 -0.307324 -0.104528 -0.945847 0.0323011 -0.994522 0.0994125 -0.951057 0 0.309017 laser.dat
1 15 -10.799 111.807 -69.973 -0.804584 -0.104528 -0.584564 0.0845652 -0.994522 0.0614402 -0.587785 0 0.809017 laser.dat
1 15 -49.921 112.9 50.121 0.994522 -0.104528 0 -0.104528 -0.994522 0 0 0 -1 chimplac.dat
1 15 -55.686 232 111.181 -0.929455 0 0.368936 0 1 0 -0.368936 0 -0.929455 chimplac.dat
1 15 -91.3 232 93.312 -0.747217 0 0.664579 0 1 0 -0.664579 0 -0.747218 chimplac.dat
1 15 -118.654 232 64.336 -0.474855 0 0.880063 0 1 0 -0.880063 0 -0.474855 chimplac.dat
1 15 -134.445 232 27.751 -0.14522 0 0.989399 0 1 0 -0.989399 0 -0.14522 chimplac.dat
1 15 -136.777 232.002 -12.029 0.201933 0 0.979399 0 1 0 -0.979399 0 0.201933 chimplac.dat
1 15 -125.359 232.001 -50.21 0.524728 0 0.851269 0 1 0 -0.851269 0 0.524728 chimplac.dat
1 15 -101.57 232.002 -82.177 0.784235 0 0.620463 0 1 0 -0.620463 0 0.784235 chimplac.dat
1 15 -68.288 232 -104.087 0.949151 0 0.31482 0 1 0 -0.31482 0 0.949151 chimplac.dat
1 15 -29.511 232.001 -113.286 0.999585 0 -0.0287938 0 1 0 0.0287938 0 0.999585 chimplac.dat
1 15 10.066 232 -108.668 0.929455 0 -0.368936 0 1 0 0.368936 0 0.929455 chimplac.dat
1 15 45.681 232 -90.797 0.747217 0 -0.664579 0 1 0 0.664579 0 0.747217 chimplac.dat
1 15 73.033 232.001 -61.821 0.474856 0 -0.880063 0 1 0 0.880063 0 0.474856 chimplac.dat
1 15 88.824 232.002 -25.239 0.14522 0 -0.989399 0 1 0 0.989399 0 0.14522 chimplac.dat
1 15 91.158 231.998 14.547 -0.201933 0 -0.979399 0 1 0 0.979399 0 -0.201933 chimplac.dat
1 15 79.736 232 52.722 -0.524728 0 -0.851269 0 1 0 0.851269 0 -0.524728 chimplac.dat
1 15 55.953 232 84.691 -0.784235 0 -0.620463 0 1 0 0.620463 0 -0.784235 chimplac.dat
1 15 22.666 231.998 106.598 -0.949151 0 -0.31482 0 1 0 0.31482 0 -0.949151 chimplac.dat
1 15 -16.108 231.999 115.799 -0.999585 0 0.0287938 0 1 0 -0.0287938 0 -0.999585 chimplac.dat
1 15 -132.531 224 -31.762 0.368936 0 0.929455 0 1 0 -0.929455 0 0.368936 chimplac.dat
1 15 -114.662 224 -67.376 0.664579 0 0.747218 0 1 0 -0.747217 0 0.664579 chimplac.dat
1 15 -85.686 224 -94.729 0.880063 0 0.474855 0 1 0 -0.474855 0 0.880063 chimplac.dat
1 15 -49.101 224 -110.521 0.989399 0 0.14522 0 1 0 -0.14522 0 0.989399 chimplac.dat
1 15 -9.321 224.002 -112.853 0.979399 0 -0.201933 0 1 0 0.201933 0 0.979399 chimplac.dat
1 15 28.86 224.001 -101.435 0.851269 0 -0.524728 0 1 0 0.524728 0 0.851269 chimplac.dat
1 15 60.827 224.002 -77.646 0.620463 0 -0.784235 0 1 0 0.784235 0 0.620463 chimplac.dat
1 15 82.737 224 -44.365 0.31482 0 -0.949151 0 1 0 0.949151 0 0.31482 chimplac.dat
1 15 91.936 224.001 -5.587 -0.0287938 0 -0.999585 0 1 0 0.999585 0 -0.0287938 chimplac.dat
1 15 87.318 224 33.99 -0.368936 0 -0.929455 0 1 0 0.929455 0 -0.368936 chimplac.dat
1 15 69.447 224 69.605 -0.664579 0 -0.747217 0 1 0 0.747217 0 -0.664579 chimplac.dat
1 15 40.471 224.001 96.956 -0.880063 0 -0.474856 0 1 0 0.474856 0 -0.880063 chimplac.dat
1 15 3.889 224.002 112.748 -0.989399 0 -0.14522 0 1 0 0.14522 0 -0.989399 chimplac.dat
1 15 -35.897 223.998 115.083 -0.979399 0 0.201933 0 1 0 -0.201933 0 -0.979399 chimplac.dat
1 15 -74.072 224 103.66 -0.851269 0 0.524728 0 1 0 -0.524728 0 -0.851269 chimplac.dat
1 15 -106.041 224 79.877 -0.620463 0 0.784235 0 1 0 -0.784235 0 -0.620463 chimplac.dat
1 15 -127.948 223.998 46.59 -0.31482 0 0.949151 0 1 0 -0.949151 0 -0.31482 chimplac.dat
1 15 -137.149 223.999 7.816 0.0287938 0 0.999585 0 1 0 -0.999585 0 0.0287938 chimplac.dat
1 15 -11.114 108.819 43.941 0.804584 -0.104528 -0.584564 -0.0845652 -0.994522 0.0614402 -0.587785 0 -0.809017 chimplac.dat
1 15 -69.674 106.934 43.94 0.945847 -0.104528 0.307324 -0.0994125 -0.994522 -0.0323011 0.309017 0 -0.951057 chimplac.dat
1 15 -11.946 100.864 43.94 -0.945847 -0.104528 0.307324 0.0994125 -0.994522 -0.0323011 0.309017 0 0.951057 chimplac.dat
1 15 -85.765 108.624 32.185 -0.584565 -0.104528 -0.804584 0.0614403 -0.994522 0.0845652 -0.809017 0 0.587786 chimplac.dat
1 15 15.834 97.944 16.004 -0.584565 -0.104528 0.804584 0.0614403 -0.994522 -0.0845652 0.809017 0 0.587786 chimplac.dat
1 15 -103.601 110.496 -3.017 0 -0.104528 -0.994522 0 -0.994522 0.104528 -1 0 0 chimplac.dat
1 15 21.98 97.3 -23.017 0 -0.104528 0.994522 0 -0.994522 -0.104528 1 0 0 chimplac.dat
1 15 -97.457 109.852 -42.04 0.584565 -0.104528 -0.804584 -0.0614403 -0.994522 0.0845652 -0.809017 0 -0.587786 chimplac.dat
1 15 4.143 99.174 -58.218 0.584565 -0.104528 0.804584 -0.0614403 -0.994522 -0.0845652 0.809017 0 -0.587786 chimplac.dat
1 15 -69.673 106.932 -69.975 0.945847 -0.104528 -0.307324 -0.0994125 -0.994522 0.0323011 -0.309017 0 -0.951057 chimplac.dat
1 15 -30.864 102.853 -76.156 0.945847 -0.104528 0.307324 -0.0994125 -0.994522 -0.0323011 0.309017 0 -0.951057 chimplac.dat
1 15 -67.883 -153.684 -12.999 0.994522 0.104528 0 -0.104528 0.994522 0 0 0 1 popa6p.dat
1 15 -67.883 -153.684 -12.999 -0.994522 0.104528 0 0.104528 0.994522 0 0 0 -1 popa6p.dat
1 15 -68.72 -161.638 -13 0 0.104528 0.994522 0 0.994522 -0.104528 -1 0 0 popa6p.dat
1 15 -68.72 -161.638 -13 0 0.104528 -0.994522 0 0.994522 0.104528 1 0 0 popa6p.dat
1 15 -69.557 -169.595 -13 -0.994522 0.104528 0 0.104528 0.994522 0 0 0 -1 popa6p.dat
1 15 -69.557 -169.595 -13 0.994522 0.104528 0 -0.104528 0.994522 0 0 0 1 popa6p.dat
1 15 -70.393 -177.553 -13 0 0.104528 0.994522 0 0.994522 -0.104528 -1 0 0 popa6p.dat
1 15 -70.393 -177.553 -13 0 0.104528 -0.994522 0 0.994522 0.104528 1 0 0 popa6p.dat
1 15 -71.231 -185.512 -13 -0.994522 0.104528 0 0.104528 0.994522 0 0 0 -1 popa6p.dat
1 15 -71.231 -185.512 -13 0.994522 0.104528 0 -0.104528 0.994522 0 0 0 1 popa6p.dat
1 15 -78.578 -64.077 -33 0.994522 0.104528 0 -0.104528 0.994522 0 0 0 1 placa2x2.dat
1 15 -59.521 -74.121 -13 -0.994522 0.104528 0 0.104528 0.994522 0 0 0 -1 popa4p.dat
1 15 -59.521 -74.121 -13 0.994522 0.104528 0 -0.104528 0.994522 0 0 0 1 popa4p.dat
1 15 -60.358 -82.079 -13 0 0.104528 -0.994522 0 0.994522 0.104528 1 0 0 popa4p.dat
1 15 -60.358 -82.079 -13 0 0.104528 0.994522 0 0.994522 -0.104528 -1 0 0 popa4p.dat
1 15 -61.193 -90.032 -13 0.994522 0.104528 0 -0.104528 0.994522 0 0 0 1 popa6p.dat
1 15 -61.193 -90.032 -13 -0.994522 0.104528 0 0.104528 0.994522 0 0 0 -1 popa6p.dat
1 15 -62.03 -97.99 -13 0 0.104528 0.994522 0 0.994522 -0.104528 -1 0 0 popa6p.dat
1 15 -62.03 -97.99 -13 0 0.104528 -0.994522 0 0.994522 0.104528 1 0 0 popa6p.dat
1 15 -62.865 -105.945 -13 -0.994522 0.104528 0 0.104528 0.994522 0 0 0 -1 popa6p.dat
1 15 -62.865 -105.945 -13 0.994522 0.104528 0 -0.104528 0.994522 0 0 0 1 popa6p.dat
1 15 -63.702 -113.903 -13 0 0.104528 0.994522 0 0.994522 -0.104528 -1 0 0 popa6p.dat
1 15 -63.702 -113.903 -13 0 0.104528 -0.994522 0 0.994522 0.104528 1 0 0 popa6p.dat
1 15 -64.539 -121.857 -13 -0.994522 0.104528 0 0.104528 0.994522 0 0 0 -1 popa6p.dat
1 15 -64.539 -121.857 -13 0.994522 0.104528 0 -0.104528 0.994522 0 0 0 1 popa6p.dat
1 15 -34.438 164.562 46.998 0.994522 0 -0.104528 -0.104528 0 -0.994522 0 1 0 cilindab.dat
1 15 5.344 160.385 16.998 0 0.994522 -0.104528 0 -0.104528 -0.994522 -1 0 0 cilindab.dat
1 15 5.344 160.384 -43.002 0 0.994522 -0.104528 0 -0.104528 -0.994522 -1 0 0 cilindab.dat
1 15 25.238 158.292 -13 0 0.994522 -0.104528 0 -0.104528 -0.994522 -1 0 0 cilindab.dat
1 15 -74.213 168.746 -42.999 0 -0.994522 -0.104528 0 0.104528 -0.994522 1 0 0 cilindab.dat
1 15 -74.217 168.747 17.005 0 -0.994522 -0.104528 0 0.104528 -0.994522 1 0 0 cilindab.dat
1 15 -94.106 170.835 -13.001 0 -0.994522 -0.104528 0 0.104528 -0.994522 1 0 0 cilindab.dat
1 15 -34.438 164.561 -73 -0.994522 0 -0.104528 0.104528 0 -0.994522 0 -1 0 cilindab.dat
1 15 57.671 275.547 -73 -0.994522 -0.104528 0 0.104528 -0.994522 0 0 0 1 placa6x8.dat
1 7 80 240.002 87 -1 0 0 0 1 0 0 0 -1 baldc4in.dat
1 7 40 240.002 127 0 0 -1 0 1 0 1 0 0 baldc4.dat
1 7 -80 240.002 -153 0 0 -1 0 1 0 1 0 0 baldc4.dat
1 7 40 240.002 -153 0 0 -1 0 1 0 1 0 0 baldc4.dat
1 7 -80 240.002 127 0 0 -1 0 1 0 1 0 0 baldc4.dat
1 7 0 240.002 127 -1 0 0 0 1 0 0 0 -1 placa2.dat
1 7 0 240.002 -103 -1 0 0 0 1 0 0 0 -1 placa2.dat
1 7 -160 240.002 47 0 0 -1 0 1 0 1 0 0 baldc4.dat
1 7 80 240.002 -113 1 0 0 0 1 0 0 0 1 baldc4x6.dat
1 7 -200 240.002 -113 1 0 0 0 1 0 0 0 1 baldc4x6.dat
1 7 120 240.002 47 0 0 -1 0 1 0 1 0 0 baldc4.dat
1 7 79.999 240.002 -113 0 0 1 0 1 0 -1 0 0 baldc4in.dat
1 7 -120 240.002 87 0 0 1 0 1 0 -1 0 0 baldc4in.dat
1 7 -120 240.002 -113 1 0 0 0 1 0 0 0 1 baldc4in.dat
1 7 -120 240.002 -13 1 0 0 0 1 0 0 0 1 baldc1.dat
1 7 60 240.002 -33 1 0 0 0 1 0 0 0 1 baldc2.dat
1 7 0 240.002 -193 0 0 -1 0 1 0 1 0 0 baldc2.dat
1 7 0 240.002 -173 0 0 -1 0 1 0 1 0 0 baldc2x2.dat
1 7 0 240.002 67 0 0 -1 0 1 0 1 0 0 baldc2x2.dat
1 7 0 240.002 127 0 0 -1 0 1 0 1 0 0 baldc2x2.dat
1 7 79.999 240.002 -113 0 0 -1 0 1 0 1 0 0 baldc4in.dat
1 15 19.562 295.637 -33.001 0 0 1 0 1 0 -1 0 0 bisnraba.dat
1 15 19.562 311.637 -13.001 0 0 1 0 1 0 -1 0 0 placa2x2.dat
1 15 19.562 311.637 26.999 0 0 1 0 1 0 -1 0 0 placa2x2.dat
1 15 19.562 295.637 6.999 0 0 1 0 1 0 -1 0 0 bisnraba.dat
1 15 -59.999 304 -32.999 0 0 1 0 1 0 -1 0 0 bisnraba.dat
1 7 60.001 320 -132.999 1 0 0 0 1 0 0 0 1 placa6x8.dat
