0 Untitled
0 Name: Picapiedra.ldr
0 Author: MLCad
0 Unofficial Model
0 ROTATION CENTER 0 0 0 1 "Custom" 
0 ROTATION CONFIG 0 0
1 6 -60 40 40 1 0 0 0 -1 0 0 0 -1 bald2x2r.dat
1 7 20 32 80 1 0 0 0 -1 0 0 0 -1 bisnreje.dat
1 7 -20 32 80 1 0 0 0 -1 0 0 0 -1 bisnreje.dat
1 7 -20 32 80 1 0 0 0 -1 0 0 0 -1 bisnrarr.dat
1 7 20 32 80 1 0 0 0 -1 0 0 0 -1 bisnrarr.dat
1 6 -20 40 40 -1 0 0 0 -1 0 0 0 1 bald2x2r.dat
1 7 20 32 0 1 0 0 0 -1 0 0 0 -1 bispqarr.dat
1 6 20 40 40 1 0 0 0 -1 0 0 0 -1 bald2x2r.dat
1 7 -20 32 80 -1 0 0 0 0.92388 -0.382683 0 -0.382683 -0.92388 bisnrarr.dat
1 7 20 32 80 -1 0 0 0 0.92388 -0.382683 0 -0.382683 -0.92388 bisnrarr.dat
1 7 -20 32 0 -1 0 0 0 -0.55557 0.83147 0 0.83147 0.55557 bispqaba.dat
1 7 -20 32 0 1 0 0 0 -1 0 0 0 -1 bispqarr.dat
1 7 20 32 0 -1 0 0 0 -0.55557 0.83147 0 0.83147 0.55557 bispqaba.dat
1 6 20 40 40 -1 0 0 0 -1 0 0 0 1 bald2x2r.dat
1 6 60 40 40 -1 0 0 0 -1 0 0 0 1 bald2x2r.dat
1 6 -20 40 0 0 0 1 0 -1 0 1 0 0 bald2.dat
0 STEP
1 7 -40 -10.148 -8.919 0 0 1 0.83147 -0.55557 0 0.55557 0.83147 0 placa2.dat
1 7 -20.001 23.111 13.302 1 0 0 0 -0.55557 -0.83147 0 0.83147 -0.55557 placa2x3.dat
1 6 -60 32 60 0 0 1 0 -1 0 1 0 0 placa2.dat
1 7 40 31.737 58.461 -1 0 0 0 0.92388 -0.382683 0 -0.382683 -0.92388 placa4.dat
1 6 60 24 80 0 0 -1 0 -1 0 -1 0 0 placa4.dat
1 6 -40 32 60 0 0 -1 0 -1 0 -1 0 0 placa4.dat
1 6 40 32 60 0 0 1 0 -1 0 1 0 0 placa2.dat
1 6 -40 24 80 0 0 -1 0 -1 0 -1 0 0 placa4.dat
1 7 40 24.609 83.062 -1 0 0 0 0.92388 -0.382683 0 -0.382683 -0.92388 placa4.dat
1 6 60 32 60 0 0 -1 0 -1 0 -1 0 0 placa4.dat
0 STEP
1 6 -60 40 120 1 0 0 0 -1 0 0 0 -1 bald2r.dat
1 6 -60 24 80 0 0 1 0 -1 0 1 0 0 placa1.dat
1 6 -40 16 20 0 0 -1 0 -1 0 -1 0 0 placa2.dat
1 6 60 40 -40 -1 0 0 0 -1 0 0 0 1 bald2r.dat
1 6 40 40 120 1 0 0 0 -1 0 0 0 -1 bald2r.dat
1 6 -60 16 60 0 0 1 0 -1 0 1 0 0 placa2.dat
1 6 -60 24 -20 0 0 1 0 -1 0 1 0 0 placa1.dat
1 6 40 24 -20 0 0 1 0 -1 0 1 0 0 placa1.dat
1 6 60 16 20 0 0 -1 0 -1 0 -1 0 0 placa2.dat
1 7 40 17.217 86.122 -1 0 0 0 0.92388 -0.382683 0 -0.382683 -0.92388 jacena4.dat
1 7 -40 -5.703 -15.572 0 0 1 0.83147 -0.55557 0 0.55557 0.83147 0 bald2.dat
1 7 0 -5.702 -15.573 0 0 1 0.83147 -0.55557 0 0.55557 0.83147 0 bald2.dat
1 6 40 16 60 0 0 1 0 -1 0 1 0 0 placa2.dat
1 6 40 24 80 0 0 1 0 -1 0 1 0 0 placa1.dat
1 6 -40 40 -40 -1 0 0 0 -1 0 0 0 1 bald2r.dat
0 STEP
1 7 0 32 110 0 -1 0 1 0 0 0 0 1 tubo.dat
1 7 31.999 32 -30 0 1 0 1 0 0 0 0 -1 chimttnc.dat
1 7 -24.001 32 -30 0 -1 0 1 0 0 0 0 1 cilindro.dat
1 7 -40 -4.954 95.307 0 0 1 -0.382683 0.92388 0 -0.92388 -0.382683 0 bald2r.dat
1 7 40 -12.609 76.83 0 0 -1 0.382683 0.92388 0 0.92388 -0.382683 0 bald2r.dat
1 6 12 -29.018 1.323 0 -1 0 -0.55557 0 -0.83147 0.83147 0 -0.55557 llanrutt.dat
1 7 -40 16.956 64.584 0 0 1 -0.382683 0.92388 0 -0.92388 -0.382683 0 bald2r.dat
1 7 -24.001 32 110 0 -1 0 1 0 0 0 0 1 cilindro.dat
1 7 0 32 -30 0 -1 0 1 0 0 0 0 1 tubo.dat
1 7 40 9.301 46.106 0 0 -1 0.382683 0.92388 0 0.92388 -0.382683 0 bald2r.dat
1 7 31.999 32 110 0 1 0 1 0 0 0 0 -1 chimttnc.dat
0 STEP
1 7 -31.999 32 -30 0 -1 0 1 0 0 0 0 1 chimttnc.dat
1 6 -28 32 110 0 1 0 0 0 -1 -1 0 0 soprtmar.dat
1 6 28 32 110 0 -1 0 0 0 -1 1 0 0 soprtmar.dat
1 6 -28 32 -30 0 1 0 0 0 -1 -1 0 0 soprtmar.dat
1 6 28 32 -30 0 -1 0 0 0 -1 1 0 0 soprtmar.dat
1 7 -31.999 32 110 0 -1 0 1 0 0 0 0 1 chimttnc.dat
0 STEP
1 6 -40 16 100 -1 0 0 0 -1 0 0 0 1 bald1.dat
1 6 60 16 100 -1 0 0 0 -1 0 0 0 1 bald1.dat
1 6 -40 16 -40 -1 0 0 0 -1 0 0 0 1 bald1.dat
1 6 60 16 -40 -1 0 0 0 -1 0 0 0 1 bald1.dat
1 6 -50 8 110 1 0 0 0 -1 0 0 0 -1 camion.dat
1 6 50 8 110 1 0 0 0 -1 0 0 0 -1 camion.dat
1 6 -50 8 -30 -1 0 0 0 -1 0 0 0 1 camion.dat
1 6 50 8 -30 -1 0 0 0 -1 0 0 0 1 camion.dat
0 STEP
1 6 -50 -65.711 102.687 0 0 1 0 -1 0 1 0 0 tbescrct.dat
1 6 50 -65.711 102.687 0 0 1 0 -1 0 1 0 0 tbescrct.dat
1 6 -50 -12 103 -1 0 0 0 -1 0 0 0 1 soprtmar.dat
1 6 50 -12 103 -1 0 0 0 -1 0 0 0 1 soprtmar.dat
0 STEP
1 6 60 -79 93 -1 0 0 0 -1 0 0 0 1 placa2.dat
1 15 0 -79 103 1 0 0 0 -1 0 0 0 -1 pastilla.dat
1 15 -40 -87 73 0 0 1 0 -1 0 1 0 0 placa2x2.dat
1 6 -20 -79 93 -1 0 0 0 -1 0 0 0 1 placa2.dat
1 15 0 -87 73 0 0 1 0 -1 0 1 0 0 placa2x2.dat
0 STEP
1 15 40 -95 93 0 0 -1 0 -1 0 -1 0 0 placa4x6.dat
1 15 30 -71 103 1 0 0 0 -1 0 0 0 -1 jacena1.dat
1 15 -40 -47 113 1 0 0 0 -1 0 0 0 -1 placa4.dat
1 15 -30 -71 103 1 0 0 0 -1 0 0 0 -1 jacena1.dat
0 STEP
1 15 30 -39 103 1 0 0 0 -1 0 0 0 -1 piquito.dat
1 15 -30 -87 -17 1 0 0 0 -1 0 0 0 -1 piquito.dat
1 15 -10 -87 -17 1 0 0 0 -1 0 0 0 -1 piquito.dat
1 15 10 -87 -17 1 0 0 0 -1 0 0 0 -1 piquito.dat
1 15 30 -87 -17 1 0 0 0 -1 0 0 0 -1 piquito.dat
1 6 50 -77.479 103.89 0 0 1 0.740218 -0.672367 0 0.672367 0.740218 0 gruap.dat
1 6 -50 -77.698 104.692 0 0 1 0.740218 -0.672367 0 0.672367 0.740218 0 gruap.dat
1 6 -50 -103 103 0 0 1 0 -1 0 1 0 0 gruab.dat
1 6 50 -103 103 0 0 1 0 -1 0 1 0 0 gruab.dat
1 15 -30 -39 103 1 0 0 0 -1 0 0 0 -1 piquito.dat
1 15 -10 -39 103 1 0 0 0 -1 0 0 0 -1 piquito.dat
1 15 10 -39 103 1 0 0 0 -1 0 0 0 -1 piquito.dat
0
