0 Untitled
0 Name: Ultraligero.ldr
0 Author: MLCad
0 Unofficial Model
0 ROTATION CENTER 0 0 0 1 "Custom" 
0 ROTATION CONFIG 0 0
1 7 -50 24 4 1 0 0 0 1 0 0 0 1 airsillo.dat
1 0 -30 10 14 1 0 0 0 0 1 0 -1 0 htitpies.dat
1 0 -30 47 51 1 0 0 0 1 0 0 0 1 htittron.dat
1 0 -30 -19 -16.999 1 0 0 0 0 1 0 -1 0 htitbrzi.dat
1 28 -30 -18.999 -16.001 1 0 0 0 0 1 0 -1 0 htitmani.dat
1 0 -30 -75.153 11.946 1 0 0 0 -0.83147 0.55557 0 -0.55557 -0.83147 htitbrzd.dat
1 28 -30 -74.321 12.501 1 0 0 0 -0.83147 0.55557 0 -0.55557 -0.83147 htitmand.dat
1 28 -30 -33 50 0.707107 0 -0.707107 0 1 0 0.707107 0 0.707107 htitcab2.dat
1 0 -50 23 4 1 0 0 0 1 0 0 0 1 helmando.dat
1 7 -50 -38 96 1 0 0 0 1 0 0 0 1 helcolhu.dat
1 4 -20 -86 396 0 0 1 0 1 0 -1 0 0 baldc4in.dat
1 4 170 -86 126 0 0 1 0 1 0 -1 0 0 baldc4in.dat
1 4 -60 -70 336 1 0 0 0 1 0 0 0 1 placa2x3.dat
1 4 -60 -78 376 0 0 1 0 1 0 -1 0 0 placa2.dat
1 4 -20 -78 376 0 0 1 0 1 0 -1 0 0 placa2.dat
1 4 -30 -86 86 0 0 -1 0 1 0 1 0 0 baldc4.dat
1 4 -190 -86 86 0 0 -1 0 1 0 1 0 0 baldc4.dat
1 4 -110 -86 86 0 0 -1 0 1 0 1 0 0 baldc4.dat
1 4 -210 -78 96 -1 0 0 0 1 0 0 0 -1 placa2.dat
1 4 -130 -78 96 -1 0 0 0 1 0 0 0 -1 placa2.dat
1 4 50 -86 86 0 0 -1 0 1 0 1 0 0 baldc4.dat
1 4 130 -86 86 0 0 -1 0 1 0 1 0 0 baldc4.dat
1 4 110 -78 96 -1 0 0 0 1 0 0 0 -1 placa2.dat
1 4 -50 -78 96 -1 0 0 0 1 0 0 0 -1 placa2.dat
1 4 -100 -78 96 0 0 1 0 1 0 -1 0 0 chimplac.dat
1 7 -100.035 -83.53 96 1 0 0 0 -1 0 0 0 -1 antnincl.dat
1 7 -100.035 -83.53 76 1 0 0 0 -1 0 0 0 -1 antnincl.dat
1 4 40 -78 76 0 0 -1 0 1 0 1 0 0 chimplac.dat
1 7 40.035 -83.53 76 -1 0 0 0 -1 0 0 0 1 antnincl.dat
1 7 40.035 -83.53 96 -1 0 0 0 -1 0 0 0 1 antnincl.dat
1 4 30 -78 96 -1 0 0 0 1 0 0 0 -1 placa2.dat
1 4 190 -78 96 -1 0 0 0 1 0 0 0 -1 placa2.dat
1 4 -40 -86 396 -1 0 0 0 1 0 0 0 -1 baldc4in.dat
1 4 -230 -86 126 -1 0 0 0 1 0 0 0 -1 baldc4in.dat
1 4 -20 -86 356 -1 0 0 0 1 0 0 0 -1 baldc2.dat
1 4 -30 -91 386 0 0 -1 0 1 0 1 0 0 gruab.dat
1 4 -30 -139 386 -1 0 0 0 1 0 0 0 -1 piquito.dat
1 4 -30 -115 386 -1 0 0 0 1 0 0 0 -1 jacena1.dat
1 0 -30 -6 109 0 0 -1 1 0 0 0 -1 0 aspa1.dat
1 7 -50 -6 80 0 0 1 -1 0 0 0 -1 0 placa4.dat
1 7 -50 54 72 0 0 1 -1 0 0 0 -1 0 placa4.dat
1 7 -30 54 72 0 0 1 -1 0 0 0 -1 0 placa4.dat
1 7 -30 -6 80 0 0 1 -1 0 0 0 -1 0 placa4.dat
1 7 -10 -66 88 -1 0 0 0 0 -1 0 -1 0 placa2.dat
1 7 -58 -47.888 94.415 0 -1 0 0.173648 0 -0.984808 0.984808 0 0.173648 placa1.dat
1 7 -64 8.108 37.253 0 0 -1 0.731354 0.681998 0 0.681998 -0.731354 0 trfposte.dat
1 7 -2 -44.415 114.112 0 1 0 -0.173648 0 -0.984808 -0.984808 0 0.173648 placa1.dat
1 7 4.001 8.108 37.253 0 0 1 -0.731354 0.681998 0 -0.681998 -0.731354 0 trfposte.dat
1 7 -10 -26 88 -1 0 0 0 0 -1 0 -1 0 bald2x2.dat
1 0 -70 54 104 0 0 1 -1 0 0 0 -1 0 bald2r.dat
1 0 10 34 104 0 0 -1 1 0 0 0 -1 0 bald2r.dat
1 7 -10 14 88 0 0 -1 1 0 0 0 -1 0 bald2.dat
1 7 -50 34 80 0 0 1 -1 0 0 0 -1 0 placa2x2.dat
1 7 -30 -6 88 0 0 1 -1 0 0 0 -1 0 rotorinf.dat
1 7 -30 -6 88 -0.707107 0 0.707107 -0.707107 0 -0.707107 0 -1 0 rotorsup.dat
1 383 -30 -20.143 104 -0.707107 0 0.707107 -0.707107 0 -0.707107 0 -1 0 amortigu.dat
1 383 -44.143 -6 104 -0.707107 0 0.707107 -0.707107 0 -0.707107 0 -1 0 amortigu.dat
1 383 -30 8.143 104 -0.707107 0 0.707107 -0.707107 0 -0.707107 0 -1 0 amortigu.dat
1 383 -15.857 -6 104 -0.707107 0 0.707107 -0.707107 0 -0.707107 0 -1 0 amortigu.dat
1 383 -30 22.285 128 -0.707107 0 0.707107 -0.707107 0 -0.707107 0 -1 0 respirad.dat
1 7 -30 24 24 1 0 0 0 0 1 0 -1 0 enganch2.dat
1 7 -50 24 24 1 0 0 0 0 1 0 -1 0 enganch2.dat
1 7 -50 44 0 0 0 1 -1 0 0 0 -1 0 enganch2.dat
1 7 -20 34 -8 -1 0 0 0 0 -1 0 -1 0 chimplac.dat
1 7 -26 24 -48 0 1 0 0 0 1 1 0 0 pistola.dat
1 7 -50 33.753 -4.141 0 1 0 -0.694659 0 0.71934 0.71934 0 0.694659 pistola.dat
1 4 33 34 -22 -1 0 0 0 0 -1 0 -1 0 ruerutat.dat
1 7 -30 24 48 0 0 -1 1 0 0 0 -1 0 vnt1x1.dat
1 7 -30 44 48 0 0 1 -1 0 0 0 -1 0 vnt1x1.dat
1 7 -4 -54.437 91.838 0 0 1 0.304864 -0.952396 0 0.952396 0.304864 0 trfposte.dat
1 7 -56 -54.553 91.88 0 0 -1 -0.304864 -0.952396 0 -0.952396 0.304864 0 trfposte.dat
1 7 -10 24 0 0 0 -1 1 0 0 0 -1 0 enganch2.dat
1 7 -50 -86 56 1 0 0 0 0 1 0 -1 0 cuna.dat
1 7 -10 48.134 9.506 0 -1 0 -0.681999 0 -0.731354 0.731354 0 -0.681999 pistola.dat
1 4 -30 44 104 1 0 0 0 0 1 0 -1 0 rueruj4t.dat
1 0 70.028 -78 230.69 0.461749 0 0.887011 0 1 0 -0.887011 0 0.461749 tbrecto.dat
1 0 -130.027 -78 230.69 -0.461749 0 0.887011 0 1 0 -0.887011 0 -0.461749 tbrecto.dat
0
