0 Untitled
0 Name: Vader.ldr
0 Author: MLCad
0 Unofficial Model
0 WRITE Capa
0 ROTATION CENTER 0 0 0 1 "Custom" 
0 ROTATION CONFIG 0 0
1 0 -125.107 153.016 68.362 -0.707107 0 -0.707107 -0.270598 0.92388 0.270598 0.653282 0.382683 -0.653282 chimtubo.dat
1 0 0 63.611 -8.466 -1 0 0 0 -0.382683 0.92388 0 0.92388 0.382683 bisnraba.dat
1 0 0 97.504 14.232 1 0 0 0 0.92388 -0.382683 0 0.382683 0.92388 enganch2.dat
1 0 20 75.331 5.048 -1 0 0 0 0.92388 0.382683 0 0.382683 -0.92388 pico.dat
1 0 60 82.723 8.11 -1 0 0 0 0.92388 0.382683 0 0.382683 -0.92388 pico.dat
1 0 -20.001 82.723 8.11 -1 0 0 0 0.92388 0.382683 0 0.382683 -0.92388 pico.dat
1 0 -60.001 90.113 11.17 -1 0 0 0 0.92388 0.382683 0 0.382683 -0.92388 pico.dat
1 0 100 90.113 11.17 -1 0 0 0 0.92388 0.382683 0 0.382683 -0.92388 pico.dat
1 0 -50 115.85 32.656 -1 0 0 0 0.92388 0.382683 0 0.382683 -0.92388 chimtubo.dat
1 0 -10 115.85 32.656 -1 0 0 0 0.92388 0.382683 0 0.382683 -0.92388 chimtubo.dat
1 0 30 115.85 32.656 -1 0 0 0 0.92388 0.382683 0 0.382683 -0.92388 chimtubo.dat
1 0 70 115.85 32.656 -1 0 0 0 0.92388 0.382683 0 0.382683 -0.92388 chimtubo.dat
1 0 -50 138.023 41.839 -1 0 0 0 0.92388 0.382683 0 0.382683 -0.92388 chimtubo.dat
1 0 -10 138.023 41.839 -1 0 0 0 0.92388 0.382683 0 0.382683 -0.92388 chimtubo.dat
1 0 30 138.023 41.839 -1 0 0 0 0.92388 0.382683 0 0.382683 -0.92388 chimtubo.dat
1 0 70 138.023 41.839 -1 0 0 0 0.92388 0.382683 0 0.382683 -0.92388 chimtubo.dat
1 0 -50 160.197 51.024 -1 0 0 0 0.92388 0.382683 0 0.382683 -0.92388 chimtubo.dat
1 0 -10 160.197 51.024 -1 0 0 0 0.92388 0.382683 0 0.382683 -0.92388 chimtubo.dat
1 0 30 160.197 51.024 -1 0 0 0 0.92388 0.382683 0 0.382683 -0.92388 chimtubo.dat
1 0 70 160.197 51.024 -1 0 0 0 0.92388 0.382683 0 0.382683 -0.92388 chimtubo.dat
1 0 -50 182.37 60.209 -1 0 0 0 0.92388 0.382683 0 0.382683 -0.92388 chimtubo.dat
1 0 -10 182.37 60.209 -1 0 0 0 0.92388 0.382683 0 0.382683 -0.92388 chimtubo.dat
1 0 30 182.37 60.209 -1 0 0 0 0.92388 0.382683 0 0.382683 -0.92388 chimtubo.dat
1 0 70 182.37 60.209 -1 0 0 0 0.92388 0.382683 0 0.382683 -0.92388 chimtubo.dat
1 0 -50 204.543 69.393 -1 0 0 0 0.92388 0.382683 0 0.382683 -0.92388 chimtubo.dat
1 0 -10 204.543 69.393 -1 0 0 0 0.92388 0.382683 0 0.382683 -0.92388 chimtubo.dat
1 0 30 204.543 69.393 -1 0 0 0 0.92388 0.382683 0 0.382683 -0.92388 chimtubo.dat
1 0 70 204.543 69.393 -1 0 0 0 0.92388 0.382683 0 0.382683 -0.92388 chimtubo.dat
1 0 -50 226.716 78.578 -1 0 0 0 0.92388 0.382683 0 0.382683 -0.92388 chimtubo.dat
1 0 -10 226.716 78.578 -1 0 0 0 0.92388 0.382683 0 0.382683 -0.92388 chimtubo.dat
1 0 30 226.716 78.578 -1 0 0 0 0.92388 0.382683 0 0.382683 -0.92388 chimtubo.dat
1 0 70 226.716 78.578 -1 0 0 0 0.92388 0.382683 0 0.382683 -0.92388 chimtubo.dat
1 0 -50 248.89 87.762 -1 0 0 0 0.92388 0.382683 0 0.382683 -0.92388 chimtubo.dat
1 0 -10 248.89 87.762 -1 0 0 0 0.92388 0.382683 0 0.382683 -0.92388 chimtubo.dat
1 0 30 248.89 87.762 -1 0 0 0 0.92388 0.382683 0 0.382683 -0.92388 chimtubo.dat
1 0 70 248.89 87.762 -1 0 0 0 0.92388 0.382683 0 0.382683 -0.92388 chimtubo.dat
1 0 -50 271.062 96.947 -1 0 0 0 0.92388 0.382683 0 0.382683 -0.92388 chimtubo.dat
1 0 -10 271.062 96.947 -1 0 0 0 0.92388 0.382683 0 0.382683 -0.92388 chimtubo.dat
1 0 30 271.062 96.947 -1 0 0 0 0.92388 0.382683 0 0.382683 -0.92388 chimtubo.dat
1 0 70 271.062 96.947 -1 0 0 0 0.92388 0.382683 0 0.382683 -0.92388 chimtubo.dat
1 0 -50 293.235 106.13 -1 0 0 0 0.92388 0.382683 0 0.382683 -0.92388 chimtubo.dat
1 0 -10 293.235 106.13 -1 0 0 0 0.92388 0.382683 0 0.382683 -0.92388 chimtubo.dat
1 0 30 293.235 106.13 -1 0 0 0 0.92388 0.382683 0 0.382683 -0.92388 chimtubo.dat
1 0 70 293.235 106.13 -1 0 0 0 0.92388 0.382683 0 0.382683 -0.92388 chimtubo.dat
1 0 -50 315.408 115.315 -1 0 0 0 0.92388 0.382683 0 0.382683 -0.92388 chimtubo.dat
1 0 -10 315.408 115.315 -1 0 0 0 0.92388 0.382683 0 0.382683 -0.92388 chimtubo.dat
1 0 30 315.408 115.315 -1 0 0 0 0.92388 0.382683 0 0.382683 -0.92388 chimtubo.dat
1 0 70 315.408 115.315 -1 0 0 0 0.92388 0.382683 0 0.382683 -0.92388 chimtubo.dat
1 0 -50 337.582 124.5 -1 0 0 0 0.92388 0.382683 0 0.382683 -0.92388 chimtubo.dat
1 0 -10 337.582 124.5 -1 0 0 0 0.92388 0.382683 0 0.382683 -0.92388 chimtubo.dat
1 0 30 337.582 124.5 -1 0 0 0 0.92388 0.382683 0 0.382683 -0.92388 chimtubo.dat
1 0 70 337.582 124.5 -1 0 0 0 0.92388 0.382683 0 0.382683 -0.92388 chimtubo.dat
1 0 -50 359.755 133.684 -1 0 0 0 0.92388 0.382683 0 0.382683 -0.92388 chimtubo.dat
1 0 -10 359.755 133.684 -1 0 0 0 0.92388 0.382683 0 0.382683 -0.92388 chimtubo.dat
1 0 30 359.755 133.684 -1 0 0 0 0.92388 0.382683 0 0.382683 -0.92388 chimtubo.dat
1 0 70 359.755 133.684 -1 0 0 0 0.92388 0.382683 0 0.382683 -0.92388 chimtubo.dat
1 0 -50 381.928 142.868 -1 0 0 0 0.92388 0.382683 0 0.382683 -0.92388 chimtubo.dat
1 0 -10 381.928 142.868 -1 0 0 0 0.92388 0.382683 0 0.382683 -0.92388 chimtubo.dat
1 0 30 381.928 142.868 -1 0 0 0 0.92388 0.382683 0 0.382683 -0.92388 chimtubo.dat
1 0 70 381.928 142.868 -1 0 0 0 0.92388 0.382683 0 0.382683 -0.92388 chimtubo.dat
1 0 -50 404.101 152.052 -1 0 0 0 0.92388 0.382683 0 0.382683 -0.92388 chimtubo.dat
1 0 -10 404.101 152.052 -1 0 0 0 0.92388 0.382683 0 0.382683 -0.92388 chimtubo.dat
1 0 30 404.101 152.052 -1 0 0 0 0.92388 0.382683 0 0.382683 -0.92388 chimtubo.dat
1 0 70 404.101 152.052 -1 0 0 0 0.92388 0.382683 0 0.382683 -0.92388 chimtubo.dat
1 0 -50 426.274 161.238 -1 0 0 0 0.92388 0.382683 0 0.382683 -0.92388 chimtubo.dat
1 0 -10 426.274 161.238 -1 0 0 0 0.92388 0.382683 0 0.382683 -0.92388 chimtubo.dat
1 0 30 426.274 161.238 -1 0 0 0 0.92388 0.382683 0 0.382683 -0.92388 chimtubo.dat
1 0 70 426.274 161.238 -1 0 0 0 0.92388 0.382683 0 0.382683 -0.92388 chimtubo.dat
1 0 -50 448.447 170.421 -1 0 0 0 0.92388 0.382683 0 0.382683 -0.92388 chimtubo.dat
1 0 -10 448.447 170.421 -1 0 0 0 0.92388 0.382683 0 0.382683 -0.92388 chimtubo.dat
1 0 30 448.447 170.421 -1 0 0 0 0.92388 0.382683 0 0.382683 -0.92388 chimtubo.dat
1 0 70 448.447 170.421 -1 0 0 0 0.92388 0.382683 0 0.382683 -0.92388 chimtubo.dat
1 0 -50 470.62 179.606 -1 0 0 0 0.92388 0.382683 0 0.382683 -0.92388 chimtubo.dat
1 0 -10 470.62 179.606 -1 0 0 0 0.92388 0.382683 0 0.382683 -0.92388 chimtubo.dat
1 0 30 470.62 179.606 -1 0 0 0 0.92388 0.382683 0 0.382683 -0.92388 chimtubo.dat
1 0 70 470.62 179.606 -1 0 0 0 0.92388 0.382683 0 0.382683 -0.92388 chimtubo.dat
1 0 -50 492.793 188.791 -1 0 0 0 0.92388 0.382683 0 0.382683 -0.92388 chimtubo.dat
1 0 -10 492.793 188.791 -1 0 0 0 0.92388 0.382683 0 0.382683 -0.92388 chimtubo.dat
1 0 30 492.793 188.791 -1 0 0 0 0.92388 0.382683 0 0.382683 -0.92388 chimtubo.dat
1 0 70 492.793 188.791 -1 0 0 0 0.92388 0.382683 0 0.382683 -0.92388 chimtubo.dat
1 0 -50 514.967 197.975 -1 0 0 0 0.92388 0.382683 0 0.382683 -0.92388 chimtubo.dat
1 0 -10 514.967 197.975 -1 0 0 0 0.92388 0.382683 0 0.382683 -0.92388 chimtubo.dat
1 0 30 514.967 197.975 -1 0 0 0 0.92388 0.382683 0 0.382683 -0.92388 chimtubo.dat
1 0 70 514.967 197.975 -1 0 0 0 0.92388 0.382683 0 0.382683 -0.92388 chimtubo.dat
1 0 -50 537.14 207.159 -1 0 0 0 0.92388 0.382683 0 0.382683 -0.92388 chimtubo.dat
1 0 -10 537.14 207.159 -1 0 0 0 0.92388 0.382683 0 0.382683 -0.92388 chimtubo.dat
1 0 30 537.14 207.159 -1 0 0 0 0.92388 0.382683 0 0.382683 -0.92388 chimtubo.dat
1 0 70 537.14 207.159 -1 0 0 0 0.92388 0.382683 0 0.382683 -0.92388 chimtubo.dat
1 0 90 115.85 32.656 0.83147 0 0.55557 0.212607 0.92388 -0.31819 -0.51328 0.382683 0.768178 chimtubo.dat
1 0 90 160.197 51.024 0.83147 0 0.55557 0.212607 0.92388 -0.31819 -0.51328 0.382683 0.768178 chimtubo.dat
1 0 106.629 142.275 31.574 0.707107 0 0.707107 0.270598 0.92388 -0.270598 -0.653282 0.382683 0.653282 chimtubo.dat
1 0 106.629 186.622 49.942 0.707107 0 0.707107 0.270598 0.92388 -0.270598 -0.653282 0.382683 0.653282 chimtubo.dat
1 0 120.772 169.861 27.692 0.55557 0 0.83147 0.31819 0.92388 -0.212607 -0.768178 0.382683 0.51328 chimtubo.dat
1 0 131.883 198.398 21.512 0.19509 0 0.980785 0.37533 0.92388 -0.0746577 -0.906127 0.382683 0.18024 chimtubo.dat
1 0 -30 86.287 20.41 -1 0 0 0 0.92388 0.382683 0 0.382683 -0.92388 chimplac.dat
1 0 -30 93.678 23.471 -1 0 0 0 0.92388 0.382683 0 0.382683 -0.92388 chimplac.dat
1 0 -70 93.678 23.471 -1 0 0 0 0.92388 0.382683 0 0.382683 -0.92388 chimplac.dat
1 0 -90 138.023 41.839 -1 0 0 0 0.92388 0.382683 0 0.382683 -0.92388 cilindro.dat
1 0 90 138.023 41.839 -1 0 0 0 0.92388 0.382683 0 0.382683 -0.92388 cilindro.dat
1 0 90 182.37 60.209 -1 0 0 0 0.92388 0.382683 0 0.382683 -0.92388 cilindro.dat
1 0 106.629 208.795 59.127 0.707107 0 0.707107 0.270598 0.92388 -0.270598 -0.653282 0.382683 0.653282 chimtubo.dat
1 0 131.883 220.571 30.698 0.19509 0 0.980785 0.37533 0.92388 -0.0746577 -0.906127 0.382683 0.18024 chimtubo.dat
1 0 90 204.543 69.393 -1 0 0 0 0.92388 0.382683 0 0.382683 -0.92388 cilindro.dat
1 0 106.629 230.969 68.31 0.707107 0 0.707107 0.270598 0.92388 -0.270598 -0.653282 0.382683 0.653282 chimtubo.dat
1 0 131.883 242.745 39.882 0.19509 0 0.980785 0.37533 0.92388 -0.0746577 -0.906127 0.382683 0.18024 chimtubo.dat
1 0 90 226.716 78.578 -1 0 0 0 0.92388 0.382683 0 0.382683 -0.92388 cilindro.dat
1 0 106.629 253.142 77.496 0.707107 0 0.707107 0.270598 0.92388 -0.270598 -0.653282 0.382683 0.653282 chimtubo.dat
1 0 131.883 264.918 49.066 0.19509 0 0.980785 0.37533 0.92388 -0.0746577 -0.906127 0.382683 0.18024 chimtubo.dat
1 0 90 248.89 87.762 -1 0 0 0 0.92388 0.382683 0 0.382683 -0.92388 cilindro.dat
1 0 106.629 275.316 86.681 0.707107 0 0.707107 0.270598 0.92388 -0.270598 -0.653282 0.382683 0.653282 chimtubo.dat
1 0 131.883 287.09 58.25 0.19509 0 0.980785 0.37533 0.92388 -0.0746577 -0.906127 0.382683 0.18024 chimtubo.dat
1 0 131.883 420.13 113.357 0.19509 0 0.980785 0.37533 0.92388 -0.0746577 -0.906127 0.382683 0.18024 chimtubo.dat
1 0 131.883 397.956 104.172 0.19509 0 0.980785 0.37533 0.92388 -0.0746577 -0.906127 0.382683 0.18024 cilindro.dat
1 0 131.883 375.783 94.988 0.19509 0 0.980785 0.37533 0.92388 -0.0746577 -0.906127 0.382683 0.18024 cilindro.dat
1 0 131.883 353.61 85.803 0.19509 0 0.980785 0.37533 0.92388 -0.0746577 -0.906127 0.382683 0.18024 cilindro.dat
1 0 131.883 331.437 76.62 0.19509 0 0.980785 0.37533 0.92388 -0.0746577 -0.906127 0.382683 0.18024 cilindro.dat
1 0 131.883 309.263 67.435 0.19509 0 0.980785 0.37533 0.92388 -0.0746577 -0.906127 0.382683 0.18024 cilindro.dat
1 0 131.883 442.302 122.541 0.19509 0 0.980785 0.37533 0.92388 -0.0746577 -0.906127 0.382683 0.18024 chimtubo.dat
1 0 131.883 464.475 131.726 0.19509 0 0.980785 0.37533 0.92388 -0.0746577 -0.906127 0.382683 0.18024 chimtubo.dat
1 0 131.883 486.649 140.91 0.19509 0 0.980785 0.37533 0.92388 -0.0746577 -0.906127 0.382683 0.18024 chimtubo.dat
1 0 131.883 508.821 150.095 0.19509 0 0.980785 0.37533 0.92388 -0.0746577 -0.906127 0.382683 0.18024 chimtubo.dat
1 0 131.883 530.995 159.279 0.19509 0 0.980785 0.37533 0.92388 -0.0746577 -0.906127 0.382683 0.18024 chimtubo.dat
1 0 131.883 553.168 168.463 0.19509 0 0.980785 0.37533 0.92388 -0.0746577 -0.906127 0.382683 0.18024 chimtubo.dat
1 0 90 271.062 96.947 -1 0 0 0 0.92388 0.382683 0 0.382683 -0.92388 cilindro.dat
1 0 106.629 297.487 95.865 0.707107 0 0.707107 0.270598 0.92388 -0.270598 -0.653282 0.382683 0.653282 chimtubo.dat
1 0 135.785 316.77 49.312 0.55557 0 0.831469 0.31819 0.92388 -0.212607 -0.768177 0.382683 0.51328 chimtubo.dat
1 0 90 293.235 106.13 -1 0 0 0 0.92388 0.382683 0 0.382683 -0.92388 cilindro.dat
1 0 106.629 319.661 105.049 0.707107 0 0.707107 0.270598 0.92388 -0.270598 -0.653282 0.382683 0.653282 chimtubo.dat
1 0 135.785 338.944 58.497 0.55557 0 0.831469 0.31819 0.92388 -0.212607 -0.768177 0.382683 0.51328 chimtubo.dat
1 0 90 315.408 115.315 -1 0 0 0 0.92388 0.382683 0 0.382683 -0.92388 cilindro.dat
1 0 106.629 341.834 114.233 0.707107 0 0.707107 0.270598 0.92388 -0.270598 -0.653282 0.382683 0.653282 chimtubo.dat
1 0 135.785 361.117 67.681 0.55557 0 0.831469 0.31819 0.92388 -0.212607 -0.768177 0.382683 0.51328 chimtubo.dat
1 0 90 337.582 124.5 -1 0 0 0 0.92388 0.382683 0 0.382683 -0.92388 cilindro.dat
1 0 106.629 364.007 123.418 0.707107 0 0.707107 0.270598 0.92388 -0.270598 -0.653282 0.382683 0.653282 chimtubo.dat
1 0 135.785 383.29 76.865 0.55557 0 0.831469 0.31819 0.92388 -0.212607 -0.768177 0.382683 0.51328 chimtubo.dat
1 0 90 359.755 133.684 -1 0 0 0 0.92388 0.382683 0 0.382683 -0.92388 cilindro.dat
1 0 106.629 386.181 132.601 0.707107 0 0.707107 0.270598 0.92388 -0.270598 -0.653282 0.382683 0.653282 chimtubo.dat
1 0 135.785 405.462 86.05 0.55557 0 0.831469 0.31819 0.92388 -0.212607 -0.768177 0.382683 0.51328 chimtubo.dat
1 0 90 381.928 142.868 -1 0 0 0 0.92388 0.382683 0 0.382683 -0.92388 cilindro.dat
1 0 106.629 408.354 141.787 0.707107 0 0.707107 0.270598 0.92388 -0.270598 -0.653282 0.382683 0.653282 chimtubo.dat
1 0 146.897 434 79.87 0.923879 0 0.382683 0.146447 0.92388 -0.353553 -0.353553 0.382683 0.853553 chimtubo.dat
1 0 90 404.101 152.052 -1 0 0 0 0.92388 0.382683 0 0.382683 -0.92388 cilindro.dat
1 0 106.629 430.526 150.971 0.707107 0 0.707107 0.270598 0.92388 -0.270598 -0.653282 0.382683 0.653282 chimtubo.dat
1 0 146.897 456.174 89.055 0.923879 0 0.382683 0.146447 0.92388 -0.353553 -0.353553 0.382683 0.853553 chimtubo.dat
1 0 90 426.274 161.238 -1 0 0 0 0.92388 0.382683 0 0.382683 -0.92388 cilindro.dat
1 0 106.629 452.699 160.156 0.707107 0 0.707107 0.270598 0.92388 -0.270598 -0.653282 0.382683 0.653282 chimtubo.dat
1 0 146.897 478.346 98.239 0.923879 0 0.382683 0.146447 0.92388 -0.353553 -0.353553 0.382683 0.853553 chimtubo.dat
1 0 90 448.447 170.421 -1 0 0 0 0.92388 0.382683 0 0.382683 -0.92388 cilindro.dat
1 0 106.629 474.873 169.34 0.707107 0 0.707107 0.270598 0.92388 -0.270598 -0.653282 0.382683 0.653282 chimtubo.dat
1 0 146.897 500.519 107.423 0.923879 0 0.382683 0.146447 0.92388 -0.353553 -0.353553 0.382683 0.853553 chimtubo.dat
1 0 90 470.62 179.606 -1 0 0 0 0.92388 0.382683 0 0.382683 -0.92388 cilindro.dat
1 0 106.629 497.045 178.524 0.707107 0 0.707107 0.270598 0.92388 -0.270598 -0.653282 0.382683 0.653282 chimtubo.dat
1 0 146.897 522.692 116.608 0.923879 0 0.382683 0.146447 0.92388 -0.353553 -0.353553 0.382683 0.853553 chimtubo.dat
1 0 90 492.793 188.791 -1 0 0 0 0.92388 0.382683 0 0.382683 -0.92388 cilindro.dat
1 0 106.629 519.219 187.709 0.707107 0 0.707107 0.270598 0.92388 -0.270598 -0.653282 0.382683 0.653282 chimtubo.dat
1 0 146.897 544.866 125.792 0.923879 0 0.382683 0.146447 0.92388 -0.353553 -0.353553 0.382683 0.853553 chimtubo.dat
1 0 90 514.967 197.975 -1 0 0 0 0.92388 0.382683 0 0.382683 -0.92388 cilindro.dat
1 0 106.629 541.391 196.893 0.707107 0 0.707107 0.270598 0.92388 -0.270598 -0.653282 0.382683 0.653282 chimtubo.dat
1 0 146.897 567.038 134.976 0.923879 0 0.382683 0.146447 0.92388 -0.353553 -0.353553 0.382683 0.853553 chimtubo.dat
1 0 90 537.14 207.159 -1 0 0 0 0.92388 0.382683 0 0.382683 -0.92388 cilindro.dat
1 0 -90 182.37 60.209 -1 0 0 0 0.92388 0.382683 0 0.382683 -0.92388 cilindro.dat
1 0 -90 204.543 69.393 -1 0 0 0 0.92388 0.382683 0 0.382683 -0.92388 cilindro.dat
1 0 -90 226.716 78.578 -1 0 0 0 0.92388 0.382683 0 0.382683 -0.92388 cilindro.dat
1 0 -90 115.85 32.656 -0.83147 0 -0.55557 -0.212607 0.92388 0.31819 0.51328 0.382683 -0.768178 chimtubo.dat
1 0 -90 160.197 51.024 -0.83147 0 -0.55557 -0.212607 0.92388 0.31819 0.51328 0.382683 -0.768178 chimtubo.dat
1 0 -106.63 133.772 52.106 -0.92388 0 -0.382683 -0.146446 0.92388 0.353554 0.353553 0.382683 -0.853554 chimtubo.dat
1 0 -106.63 178.117 70.475 -0.92388 0 -0.382683 -0.146446 0.92388 0.353554 0.353553 0.382683 -0.853554 chimtubo.dat
1 0 -106.63 200.29 79.659 -0.92388 0 -0.382683 -0.146446 0.92388 0.353554 0.353553 0.382683 -0.853554 chimtubo.dat
1 0 -106.63 222.464 88.843 -0.92388 0 -0.382683 -0.146446 0.92388 0.353554 0.353553 0.382683 -0.853554 chimtubo.dat
1 0 -139.248 169.776 90.611 -0.92388 0 0.382683 0.146446 0.92388 0.353554 -0.353553 0.382683 -0.853554 chimtubo.dat
1 0 -139.248 191.95 99.795 -0.92388 0 0.382683 0.146446 0.92388 0.353554 -0.353553 0.382683 -0.853554 chimtubo.dat
1 0 -139.248 214.123 108.98 -0.92388 0 0.382683 0.146446 0.92388 0.353554 -0.353553 0.382683 -0.853554 chimtubo.dat
1 0 -90 248.89 87.762 -1 0 0 0 0.92388 0.382683 0 0.382683 -0.92388 cilindro.dat
1 0 -106.63 244.637 98.029 -0.92388 0 -0.382683 -0.146446 0.92388 0.353554 0.353553 0.382683 -0.853554 chimtubo.dat
1 0 -139.248 236.296 118.164 -0.92388 0 0.382683 0.146446 0.92388 0.353554 -0.353553 0.382683 -0.853554 chimtubo.dat
1 0 -90 271.062 96.947 -1 0 0 0 0.92388 0.382683 0 0.382683 -0.92388 cilindro.dat
1 0 -106.63 266.81 107.213 -0.92388 0 -0.382683 -0.146446 0.92388 0.353554 0.353553 0.382683 -0.853554 chimtubo.dat
1 0 -139.248 258.47 127.349 -0.92388 0 0.382683 0.146446 0.92388 0.353554 -0.353553 0.382683 -0.853554 chimtubo.dat
1 0 -139.248 391.508 182.455 -0.92388 0 0.382683 0.146446 0.92388 0.353554 -0.353553 0.382683 -0.853554 chimtubo.dat
1 0 -139.248 413.682 191.64 -0.92388 0 0.382683 0.146446 0.92388 0.353554 -0.353553 0.382683 -0.853554 chimtubo.dat
1 0 -139.248 435.854 200.823 -0.92388 0 0.382683 0.146446 0.92388 0.353554 -0.353553 0.382683 -0.853554 chimtubo.dat
1 0 -139.248 458.027 210.008 -0.92388 0 0.382683 0.146446 0.92388 0.353554 -0.353553 0.382683 -0.853554 chimtubo.dat
1 0 -139.248 480.2 219.192 -0.92388 0 0.382683 0.146446 0.92388 0.353554 -0.353553 0.382683 -0.853554 chimtubo.dat
1 0 -139.248 502.374 228.376 -0.92388 0 0.382683 0.146446 0.92388 0.353554 -0.353553 0.382683 -0.853554 chimtubo.dat
1 0 -139.248 524.546 237.561 -0.92388 0 0.382683 0.146446 0.92388 0.353554 -0.353553 0.382683 -0.853554 chimtubo.dat
1 0 -90 293.235 106.13 -1 0 0 0 0.92388 0.382683 0 0.382683 -0.92388 cilindro.dat
1 0 -106.63 288.984 116.397 -0.92388 0 -0.382683 -0.146446 0.92388 0.353554 0.353553 0.382683 -0.853554 chimtubo.dat
1 0 -157.726 283.571 129.461 -0.707107 0 0.707107 0.270598 0.92388 0.270598 -0.653281 0.382683 -0.653282 chimtubo.dat
1 0 -90 315.408 115.315 -1 0 0 0 0.92388 0.382683 0 0.382683 -0.92388 cilindro.dat
1 0 -106.63 311.156 125.581 -0.92388 0 -0.382683 -0.146446 0.92388 0.353554 0.353553 0.382683 -0.853554 chimtubo.dat
1 0 -157.726 305.745 138.646 -0.707107 0 0.707107 0.270598 0.92388 0.270598 -0.653281 0.382683 -0.653282 chimtubo.dat
1 0 -90 337.582 124.5 -1 0 0 0 0.92388 0.382683 0 0.382683 -0.92388 cilindro.dat
1 0 -106.63 333.329 134.766 -0.92388 0 -0.382683 -0.146446 0.92388 0.353554 0.353553 0.382683 -0.853554 chimtubo.dat
1 0 -157.726 327.917 147.831 -0.707107 0 0.707107 0.270598 0.92388 0.270598 -0.653281 0.382683 -0.653282 chimtubo.dat
1 0 -90 359.755 133.684 -1 0 0 0 0.92388 0.382683 0 0.382683 -0.92388 cilindro.dat
1 0 -106.63 355.502 143.949 -0.92388 0 -0.382683 -0.146446 0.92388 0.353554 0.353553 0.382683 -0.853554 chimtubo.dat
1 0 -157.726 350.091 157.015 -0.707107 0 0.707107 0.270598 0.92388 0.270598 -0.653281 0.382683 -0.653282 chimtubo.dat
1 0 -90 381.928 142.868 -1 0 0 0 0.92388 0.382683 0 0.382683 -0.92388 cilindro.dat
1 0 -106.63 377.676 153.134 -0.92388 0 -0.382683 -0.146446 0.92388 0.353554 0.353553 0.382683 -0.853554 chimtubo.dat
1 0 -157.726 372.265 166.199 -0.707107 0 0.707107 0.270598 0.92388 0.270598 -0.653281 0.382683 -0.653282 chimtubo.dat
1 0 -90 404.101 152.052 -1 0 0 0 0.92388 0.382683 0 0.382683 -0.92388 cilindro.dat
1 0 -106.63 399.849 162.319 -0.92388 0 -0.382683 -0.146446 0.92388 0.353554 0.353553 0.382683 -0.853554 chimtubo.dat
1 0 -171.869 399.849 162.317 -0.195091 0 0.980785 0.37533 0.92388 0.0746581 -0.906128 0.382683 -0.180241 chimtubo.dat
1 0 -90 426.274 161.238 -1 0 0 0 0.92388 0.382683 0 0.382683 -0.92388 cilindro.dat
1 0 -106.63 422.022 171.504 -0.92388 0 -0.382683 -0.146446 0.92388 0.353554 0.353553 0.382683 -0.853554 chimtubo.dat
1 0 -171.869 422.022 171.501 -0.195091 0 0.980785 0.37533 0.92388 0.0746581 -0.906128 0.382683 -0.180241 chimtubo.dat
1 0 -90 448.447 170.421 -1 0 0 0 0.92388 0.382683 0 0.382683 -0.92388 cilindro.dat
1 0 -106.63 444.196 180.688 -0.92388 0 -0.382683 -0.146446 0.92388 0.353554 0.353553 0.382683 -0.853554 chimtubo.dat
1 0 -171.869 444.195 180.685 -0.195091 0 0.980785 0.37533 0.92388 0.0746581 -0.906128 0.382683 -0.180241 chimtubo.dat
1 0 -90 470.62 179.606 -1 0 0 0 0.92388 0.382683 0 0.382683 -0.92388 cilindro.dat
1 0 -106.63 466.367 189.872 -0.92388 0 -0.382683 -0.146446 0.92388 0.353554 0.353553 0.382683 -0.853554 chimtubo.dat
1 0 -171.869 466.368 189.871 -0.195091 0 0.980785 0.37533 0.92388 0.0746581 -0.906128 0.382683 -0.180241 chimtubo.dat
1 0 -90 492.793 188.791 -1 0 0 0 0.92388 0.382683 0 0.382683 -0.92388 cilindro.dat
1 0 -106.63 488.541 199.057 -0.92388 0 -0.382683 -0.146446 0.92388 0.353554 0.353553 0.382683 -0.853554 chimtubo.dat
1 0 -171.869 488.542 199.055 -0.195091 0 0.980785 0.37533 0.92388 0.0746581 -0.906128 0.382683 -0.180241 chimtubo.dat
1 0 -90 514.967 197.975 -1 0 0 0 0.92388 0.382683 0 0.382683 -0.92388 cilindro.dat
1 0 -106.63 510.714 208.24 -0.92388 0 -0.382683 -0.146446 0.92388 0.353554 0.353553 0.382683 -0.853554 chimtubo.dat
1 0 -171.869 510.716 208.239 -0.195091 0 0.980785 0.37533 0.92388 0.0746581 -0.906128 0.382683 -0.180241 chimtubo.dat
1 0 -90 537.14 207.159 -1 0 0 0 0.92388 0.382683 0 0.382683 -0.92388 cilindro.dat
1 0 -106.63 532.888 217.425 -0.92388 0 -0.382683 -0.146446 0.92388 0.353554 0.353553 0.382683 -0.853554 chimtubo.dat
1 0 -171.869 532.888 217.424 -0.195091 0 0.980785 0.37533 0.92388 0.0746581 -0.906128 0.382683 -0.180241 chimtubo.dat
1 0 -139.248 302.815 145.717 -0.92388 0 0.382683 0.146446 0.92388 0.353554 -0.353553 0.382683 -0.853554 cilindro.dat
1 0 -139.248 280.643 136.532 -0.92388 0 0.382683 0.146446 0.92388 0.353554 -0.353553 0.382683 -0.853554 cilindro.dat
1 0 -139.248 347.162 164.086 -0.92388 0 0.382683 0.146446 0.92388 0.353554 -0.353553 0.382683 -0.853554 cilindro.dat
1 0 -139.248 324.988 154.902 -0.92388 0 0.382683 0.146446 0.92388 0.353554 -0.353553 0.382683 -0.853554 cilindro.dat
1 0 -139.248 369.334 173.27 -0.92388 0 0.382683 0.146446 0.92388 0.353554 -0.353553 0.382683 -0.853554 cilindro.dat
1 0 50 86.287 20.41 -1 0 0 0 0.92388 0.382683 0 0.382683 -0.92388 chimplac.dat
1 0 50 93.678 23.471 -1 0 0 0 0.92388 0.382683 0 0.382683 -0.92388 chimplac.dat
1 0 90 93.678 23.471 -1 0 0 0 0.92388 0.382683 0 0.382683 -0.92388 chimplac.dat
1 0 -20 97.504 14.232 1 0 0 0 0.92388 -0.382683 0 0.382683 0.92388 enganch2.dat
0 WRITE Cuerpo
1 0 0 63.611 -8.466 -1 0 0 0 1 0 0 0 -1 bisnrarr.dat
1 8 0 2.61 -98.466 -1 0 0 0 -1 0 0 0 1 piquito.dat
1 0 0 -5.39 -78.467 0 0 -1 0 -1 0 -1 0 0 chimplac.dat
1 8 -10 31.611 -98.467 -1 0 0 0 1 0 0 0 -1 piquito.dat
1 8 10 31.611 -98.467 -1 0 0 0 1 0 0 0 -1 piquito.dat
1 0 20 55.61 -68.466 -1 0 0 0 1 0 0 0 -1 cuna.dat
1 0 20 63.61 -48.465 -1 0 0 0 1 0 0 0 -1 placa2x2.dat
1 0 20 71.61 -68.465 -1 0 0 0 1 0 0 0 -1 placa2.dat
1 0 0 63.611 -8.466 1 0 0 0 1 0 0 0 1 bisnreje.dat
1 0 40 71.611 -48.466 0 0 -1 0 1 0 1 0 0 popa4p.dat
1 0 60 63.611 -68.467 0 0 -1 0 1 0 1 0 0 bald2x2r.dat
1 0 -60 63.61 -28.466 0 0 1 0 1 0 -1 0 0 bald2x2r.dat
1 0 -40 71.611 -8.467 0 0 1 0 1 0 -1 0 0 bald1.dat
1 0 20 71.611 -8.467 0 0 1 0 1 0 -1 0 0 bald1.dat
1 0 -40 71.61 -68.465 0 0 1 0 1 0 -1 0 0 bald1.dat
1 0 20 71.61 -68.465 0 0 1 0 1 0 -1 0 0 bald1.dat
1 0 -40 71.611 -48.466 0 0 1 0 1 0 -1 0 0 popa4p.dat
1 0 -80 131.189 -17.859 0 0 1 0.707107 -0.707107 0 0.707107 0.707107 0 llanrutt.dat
1 0 -80 131.189 -17.859 0 0 1 0.707107 -0.707107 0 0.707107 0.707107 0 neumtter.dat
1 0 -80 144.623 -4.424 0 0 1 0.707107 -0.707107 0 0.707107 0.707107 0 neumtter.dat
1 0 -80 158.058 9.011 0 0 1 0.707107 -0.707107 0 0.707107 0.707107 0 neumtter.dat
1 0 -80 171.493 22.445 0 0 1 0.707107 -0.707107 0 0.707107 0.707107 0 neumtter.dat
1 0 -136.957 267.545 54.921 0.270598 0.270598 -0.92388 -0.96194 0.0380605 -0.270598 -0.0380607 0.96194 0.270598 ruta21nm.dat
1 0 -131.543 248.305 54.159 0.270598 0.270598 -0.92388 -0.96194 0.0380605 -0.270598 -0.0380607 0.96194 0.270598 ruta21nm.dat
1 0 30 532.014 -84.229 0 0 -1 -1 0 0 0 1 0 neumtter.dat
1 0 30 512.012 -84.229 0 0 -1 -1 0 0 0 1 0 neumtter.dat
1 0 -80 144.623 -4.424 0 0 1 0.707107 -0.707107 0 0.707107 0.707107 0 llanrutt.dat
1 0 -80 158.058 9.011 0 0 1 0.707107 -0.707107 0 0.707107 0.707107 0 llanrutt.dat
1 0 -80 171.493 22.445 0 0 1 0.707107 -0.707107 0 0.707107 0.707107 0 llanrutt.dat
1 0 -131.272 247.344 54.122 0.270598 0.270598 -0.92388 -0.96194 0.0380605 -0.270598 -0.0380607 0.96194 0.270598 llanrutt.dat
1 0 -136.686 266.582 54.881 0.270598 0.270598 -0.92388 -0.96194 0.0380605 -0.270598 -0.0380607 0.96194 0.270598 llanrutt.dat
1 0 29.999 552.014 -99.229 0 0 -1 1 0 0 0 -1 0 llanrutt.dat
1 0 30 572.013 -99.228 0 0 -1 1 0 0 0 -1 0 llanrutt.dat
1 0 30 532.012 -99.231 0 0 -1 1 0 0 0 -1 0 llanrutt.dat
1 0 -101.895 297.1 56.365 -0.270598 0.270598 -0.92388 -0.0380605 -0.96194 -0.270598 -0.96194 -0.0380607 0.270598 placa2x2.dat
1 0 -126.132 195.409 19.739 0.92388 0 0.382684 0.270598 0.707107 -0.653282 -0.270598 0.707107 0.653282 respirad.dat
1 0 70 469.337 -81.099 0 0 1 0.92388 0.382684 0 -0.382684 0.92388 0 nrutneum.dat
1 0 70 492.432 -90.667 0 0 1 0.92388 0.382684 0 -0.382684 0.92388 0 nrutneum.dat
1 0 70.001 515.531 -100.237 0 0 1 0.92388 0.382684 0 -0.382684 0.92388 0 nrutneum.dat
1 0 70 538.628 -109.801 0 0 1 0.92388 0.382684 0 -0.382684 0.92388 0 nrutneum.dat
1 0 30.001 360.831 -58.232 1 0 0 0 0.92388 0.382684 0 -0.382684 0.92388 ascens1b.dat
1 0 29.997 360.823 -58.23 0 0 1 -0.382684 0.92388 0 -0.92388 -0.382684 0 enganch2.dat
1 0 59.997 454.4 -75.344 0 0 -1 -0.382684 -0.92388 0 -0.92388 0.382684 0 placa1.dat
1 0 49.997 473.009 -72.228 1 0 0 0 -0.92388 -0.382684 0 0.382684 -0.92388 bisnraba.dat
1 0 49.997 473.009 -72.228 -1 0 0 0 1 0 0 0 -1 bisnraba.dat
1 0 29.997 505.009 -72.228 0 0 1 0 1 0 -1 0 0 enganch2.dat
1 0 29.997 505.006 -112.228 1 0 0 0 1 0 0 0 1 enganch2.dat
1 0 49.997 505.006 -112.228 1 0 0 0 1 0 0 0 1 enganch2.dat
1 0 29.997 513.009 -112.227 1 0 0 0 1 0 0 0 1 placa2x2.dat
1 0 29.997 587.007 -72.227 0 0 1 0 1 0 -1 0 0 respirad.dat
1 0 29.997 619.011 -92.229 0 0 1 0 1 0 -1 0 0 placa4.dat
1 0 69.998 611.008 -52.229 -1 0 0 0 1 0 0 0 -1 placa2.dat
1 0 69.997 611.01 -112.228 -1 0 0 0 1 0 0 0 -1 placa2.dat
1 0 69.997 611.009 -92.229 0 0 -1 0 1 0 1 0 0 enganch2.dat
1 0 69.997 611.01 -112.228 0 0 -1 0 1 0 1 0 0 enganch2.dat
1 0 29.997 611.009 -92.229 0 0 1 0 1 0 -1 0 0 enganch2.dat
1 0 29.997 611.008 -72.229 0 0 1 0 1 0 -1 0 0 enganch2.dat
1 0 49.997 619.011 -92.229 0 0 1 0 1 0 -1 0 0 placa4.dat
1 0 29.997 619.007 -52.229 0 0 1 0 1 0 -1 0 0 placa2x2.dat
1 0 29.997 611.007 -172.227 1 0 0 0 1 0 0 0 1 baldgord.dat
1 0 69.997 603.009 -72.228 -1 0 0 0 1 0 0 0 -1 pico.dat
1 0 29.997 603.007 -112.229 1 0 0 0 1 0 0 0 1 pico.dat
1 0 30 551.013 -84.231 0 0 -1 -1 0 0 0 1 0 neumtter.dat
1 0 69.997 505.009 -92.226 0 0 -1 0 1 0 1 0 0 enganch2.dat
1 0 49.997 473.009 -72.228 -1 0 0 0 0.92388 -0.382684 0 -0.382684 -0.92388 bisnreje.dat
1 0 70 353.174 -76.708 0 0 -1 0.382684 0.92388 0 0.92388 -0.382684 0 enganch2.dat
1 0 29.999 353.176 -76.711 0 1 0 -0.92388 0 0.382684 0.382684 0 0.92388 bald2x2r.dat
1 0 29.999 505.016 -112.231 0 1 0 -1 0 0 0 0 1 bald2x2r.dat
1 0 29.999 571.012 -112.229 0 1 0 0 0 1 1 0 0 bald2x2r.dat
1 0 70 571.013 -72.228 0 -1 0 0 0 1 -1 0 0 bald2x2r.dat
1 0 69.999 465.015 -112.229 0 -1 0 1 0 0 0 0 1 bald2x2r.dat
1 0 69.999 465.015 -112.229 -1 0 0 0 0 1 0 1 0 bald2x2r.dat
1 0 -70 507.366 27.927 0 0 -1 -0.55557 -0.83147 0 -0.83147 0.55557 0 neumtter.dat
1 0 -70 496.255 11.298 0 0 -1 -0.55557 -0.83147 0 -0.83147 0.55557 0 neumtter.dat
1 0 -70 530.949 36.223 0 0 -1 0.55557 0.83147 0 0.83147 -0.55557 0 llanrutt.dat
1 0 -70 542.059 52.853 0 0 -1 0.55557 0.83147 0 0.83147 -0.55557 0 llanrutt.dat
1 0 -70 519.839 19.594 0 0 -1 0.55557 0.83147 0 0.83147 -0.55557 0 llanrutt.dat
1 0 -50.003 464.607 -14.465 -1 0 0 0 0.55557 0.83147 0 0.83147 -0.55557 bisnraba.dat
1 0 -70.003 482.384 12.141 0 0 1 0.83147 0.55557 0 -0.55557 0.83147 0 enganch2.dat
1 0 -70.003 515.643 -10.08 1 0 0 0 0.55557 -0.83147 0 0.83147 0.55557 enganch2.dat
1 0 -50.003 515.643 -10.08 1 0 0 0 0.55557 -0.83147 0 0.83147 0.55557 enganch2.dat
1 0 -70.003 520.089 -3.429 1 0 0 0 0.55557 -0.83147 0 0.83147 0.55557 placa2x2.dat
1 0 -70.003 527.943 80.323 0 0 1 0.83147 0.55557 0 -0.55557 0.83147 0 respirad.dat
1 0 -70.003 562.351 95.818 0 0 1 0.83147 0.55557 0 -0.55557 0.83147 0 placa4.dat
1 0 -30.003 524.647 111.388 -1 0 0 0 0.55557 0.83147 0 0.83147 -0.55557 placa2.dat
1 0 -30.003 574.535 78.056 -1 0 0 0 0.55557 0.83147 0 0.83147 -0.55557 placa2.dat
1 0 -30.003 557.905 89.167 0 0 -1 -0.83147 0.55557 0 0.55557 0.83147 0 enganch2.dat
1 0 -30.003 574.535 78.056 0 0 -1 -0.83147 0.55557 0 0.55557 0.83147 0 enganch2.dat
1 0 -70.003 557.905 89.167 0 0 1 0.83147 0.55557 0 -0.55557 0.83147 0 enganch2.dat
1 0 -70.003 541.275 100.277 0 0 1 0.83147 0.55557 0 -0.55557 0.83147 0 enganch2.dat
1 0 -50.003 562.351 95.818 0 0 1 0.83147 0.55557 0 -0.55557 0.83147 0 placa4.dat
1 0 -70.003 529.09 118.04 0 0 1 0.83147 0.55557 0 -0.55557 0.83147 0 placa2x2.dat
1 0 -70.003 624.421 44.719 1 0 0 0 0.55557 -0.83147 0 0.83147 0.55557 baldgord.dat
1 0 -30.003 536.83 93.627 -1 0 0 0 0.55557 0.83147 0 0.83147 -0.55557 pico.dat
1 0 -70.003 570.089 71.403 1 0 0 0 0.55557 -0.83147 0 0.83147 0.55557 pico.dat
1 0 -70 517.923 43.726 0 0 -1 -0.55557 -0.83147 0 -0.83147 0.55557 0 neumtter.dat
1 0 -30.003 499.014 1.03 0 0 -1 -0.83147 0.55557 0 0.55557 0.83147 0 enganch2.dat
1 0 -70.001 515.647 -10.076 0 1 0 -0.55557 0 -0.83147 -0.83147 0 0.55557 bald2x2r.dat
1 0 -70.001 552.314 44.8 0 1 0 -0.83147 0 0.55557 0.55557 0 0.83147 bald2x2r.dat
1 0 -30.001 519.055 67.024 0 -1 0 0.83147 0 0.55557 -0.55557 0 0.83147 bald2x2r.dat
1 0 -30.001 493.423 -43.335 0 -1 0 0.55557 0 -0.83147 0.83147 0 0.55557 bald2x2r.dat
1 0 -30.001 493.423 -43.335 -1 0 0 0 -0.83147 0.55557 0 0.55557 0.83147 bald2x2r.dat
1 0 70 316.219 -61.406 0 -1 0 0.92388 0 0.382684 -0.382684 0 0.92388 bald2x2r.dat
1 0 50 245.611 -56.466 0 0 -1 -1 0 0 0 1 0 chimenea.dat
1 0 -50 245.611 -56.466 0 0 -1 -1 0 0 0 1 0 chimenea.dat
1 0 40 276.012 -64.23 1 0 0 0 -0.195091 -0.980785 0 0.980785 -0.195091 bald2r.dat
1 0 -60 276.012 -64.23 1 0 0 0 -0.195091 -0.980785 0 0.980785 -0.195091 bald2r.dat
1 0 50 323.611 -64.464 1 0 0 0 0.92388 0.382684 0 -0.382684 0.92388 bisnraba.dat
1 0 50 323.611 -64.464 1 0 0 0 0.92388 0.382684 0 -0.382684 0.92388 bisnreje.dat
1 0 50 323.611 -64.464 1 0 0 0 1 0 0 0 1 bisnrarr.dat
1 0 30 315.61 -64.467 1 0 0 0 1 0 0 0 1 jacena2.dat
1 0 50 315.609 -24.467 -1 0 0 0 1 0 0 0 -1 enganch2.dat
1 0 70 315.609 -24.467 -1 0 0 0 1 0 0 0 -1 enganch2.dat
1 0 30 291.611 -24.466 0 0 1 0 1 0 -1 0 0 baldgord.dat
1 0 -20 295.611 -24.466 1 0 0 0 0 1 0 -1 0 placa2.dat
1 0 70 466.565 -79.953 0 0 1 0.92388 0.382684 0 -0.382684 0.92388 0 nrutllnt.dat
1 0 70.001 489.664 -89.517 0 0 1 0.92388 0.382684 0 -0.382684 0.92388 0 nrutllnt.dat
1 0 70 512.759 -99.084 0 0 1 0.92388 0.382684 0 -0.382684 0.92388 0 nrutllnt.dat
1 0 70 535.859 -108.654 0 0 1 0.92388 0.382684 0 -0.382684 0.92388 0 nrutllnt.dat
1 0 50 342.482 -39.811 0 0 1 0.382684 -0.92388 0 0.92388 0.382684 0 mastf050.dat
1 0 -30 464.61 -24.065 0 0 1 1 0 0 0 1 0 nrutneum.dat
1 0 -30 489.609 -24.066 0 0 1 1 0 0 0 1 0 nrutneum.dat
1 0 -29.999 514.61 -24.07 0 0 1 1 0 0 0 1 0 nrutneum.dat
1 0 -30 539.61 -24.067 0 0 1 1 0 0 0 1 0 nrutneum.dat
1 0 -69.999 355.613 -44.462 1 0 0 0 1 0 0 0 1 ascens1b.dat
1 0 -70.003 355.606 -44.465 0 0 1 0 1 0 -1 0 0 enganch2.dat
1 0 -40.003 448.607 -24.465 0 0 -1 0 -1 0 -1 0 0 placa1.dat
1 0 -50.003 464.607 -14.465 1 0 0 0 -1 0 0 0 -1 bisnraba.dat
1 0 -50.003 464.607 -14.465 -1 0 0 0 1 0 0 0 -1 bisnreje.dat
1 0 -30.001 355.608 -64.466 0 0 -1 0 1 0 1 0 0 enganch2.dat
1 0 -30.001 315.608 -24.466 -1 0 0 0 1 0 0 0 -1 enganch2.dat
1 0 -50.001 315.608 -24.466 -1 0 0 0 1 0 0 0 -1 enganch2.dat
1 0 -70.001 355.612 -64.467 0 1 0 -1 0 0 0 0 1 bald2x2r.dat
1 0 -30.001 315.612 -64.465 0 -1 0 1 0 0 0 0 1 bald2x2r.dat
1 0 -50 323.611 -64.464 1 0 0 0 1 0 0 0 1 bisnraba.dat
1 0 -50 323.611 -64.464 1 0 0 0 1 0 0 0 1 bisnreje.dat
1 0 -50 323.611 -64.464 1 0 0 0 1 0 0 0 1 bisnrarr.dat
1 0 -70 315.61 -64.467 1 0 0 0 1 0 0 0 1 jacena2.dat
1 0 -30 291.611 -64.467 0 0 -1 0 1 0 1 0 0 baldgord.dat
1 0 -30 461.609 -24.066 0 0 1 1 0 0 0 1 0 nrutllnt.dat
1 0 -29.999 486.61 -24.065 0 0 1 1 0 0 0 1 0 nrutllnt.dat
1 0 -30 511.61 -24.066 0 0 1 1 0 0 0 1 0 nrutllnt.dat
1 0 -30 536.612 -24.067 0 0 1 1 0 0 0 1 0 nrutllnt.dat
1 0 -50 331.611 -34.466 0 0 1 0 -1 0 1 0 0 mastf050.dat
1 0 -97.835 242.672 15.793 -0.92388 0.270598 0.270598 -0.270598 -0.96194 0.0380605 0.270598 -0.0380607 0.96194 respirad.dat
1 0 -107.654 206.479 19.988 0.92388 0 0.382684 0.270598 0.707107 -0.653282 -0.270598 0.707107 0.653282 bisnrarr.dat
1 0 -107.654 206.479 19.988 -0.92388 0.270598 0.270598 -0.270598 -0.96194 0.0380605 0.270598 -0.0380607 0.96194 bisnrarr.dat
1 0 -128.296 208.763 25.703 0.270598 0.270598 0.92388 0.0380605 -0.96194 0.270598 0.96194 -0.0380607 -0.270598 enganch2.dat
1 0 -85.931 220.347 34.115 -0.270598 0.270598 -0.92388 -0.0380605 -0.96194 -0.270598 -0.96194 -0.0380607 0.270598 enganch2.dat
1 0 -158.332 315.536 29.927 0.270598 0.270598 0.92388 0.0380605 -0.96194 0.270598 0.96194 -0.0380607 -0.270598 enganch2.dat
1 0 -100.735 364.08 53.386 -0.270598 0.270598 -0.92388 -0.0380605 -0.96194 -0.270598 -0.96194 -0.0380607 0.270598 bald2x2r.dat
1 0 -110.514 353.295 46.167 -0.270598 0.270598 -0.92388 -0.0380605 -0.96194 -0.270598 -0.96194 -0.0380607 0.270598 chimplac.dat
1 0 -108.349 345.598 45.865 -0.270598 0.270598 -0.92388 -0.0380605 -0.96194 -0.270598 -0.96194 -0.0380607 0.270598 chimplac.dat
1 0 -127.872 349.447 20.014 0.270598 0.270598 0.92388 0.0380605 -0.96194 0.270598 0.96194 -0.0380607 -0.270598 tejado.dat
1 0 -152.92 316.299 49.167 0.270598 0.270598 0.92388 0.0380605 -0.96194 0.270598 0.96194 -0.0380607 -0.270598 enganch2.dat
1 0 -109.471 304.036 37.428 -0.270598 0.270598 -0.92388 -0.0380605 -0.96194 -0.270598 -0.96194 -0.0380607 0.270598 enganch2.dat
1 0 -116.003 301.711 49.755 -0.270598 0.270598 -0.92388 -0.0380605 -0.96194 -0.270598 -0.96194 -0.0380607 0.270598 cilindro.dat
1 0 -134.481 296.301 55.167 -0.270598 0.270598 -0.92388 -0.0380605 -0.96194 -0.270598 -0.96194 -0.0380607 0.270598 chimtubo.dat
1 8 -134.443 321.709 43.755 0.270598 0.270598 0.92388 0.0380605 -0.96194 0.270598 0.96194 -0.0380607 -0.270598 pistola.dat
1 8 -115.965 327.12 38.343 -0.270598 0.270598 -0.92388 -0.0380605 -0.96194 -0.270598 -0.96194 -0.0380607 0.270598 pistola.dat
1 4 -139.817 336.36 3.102 0.270598 0.270598 -0.92388 -0.96194 0.0380605 -0.270598 -0.0380607 0.96194 0.270598 canontnq.dat
1 4 -183.923 330.157 -153.692 0.270598 0.270598 -0.92388 -0.96194 0.0380605 -0.270598 -0.0380607 0.96194 0.270598 laser.dat
1 0 -75.105 201.87 52.597 -0.270598 -0.92388 -0.270598 -0.0380605 -0.270598 0.96194 -0.96194 0.270598 0.0380607 bald2x2r.dat
1 0 -122.884 189.523 24.942 0.270598 0.92388 -0.270598 0.0380605 0.270598 0.96194 0.96194 -0.270598 0.0380607 bald2x2r.dat
1 0 -152.921 336.299 69.168 -0.270598 0.92388 0.270598 -0.0380605 0.270598 -0.96194 -0.96194 -0.270598 -0.0380607 bald2x2r.dat
1 0 -114.882 313.273 28.192 0.353553 -0.92388 -0.146447 -0.874152 -0.270598 -0.403282 0.332955 0.270598 -0.903282 chimenea.dat
1 0 -122.884 209.521 44.94 0.270598 0.270598 0.92388 0.0380605 -0.96194 0.270598 0.96194 -0.0380607 -0.270598 enganch2.dat
1 0 -80.517 221.11 53.357 -0.270598 0.270598 -0.92388 -0.0380605 -0.96194 -0.270598 -0.96194 -0.0380607 0.270598 enganch2.dat
1 0 -107.654 206.479 19.988 0.92388 -0.270598 0.270598 0.270598 0.96194 0.0380605 -0.270598 0.0380607 0.96194 bisnreje.dat
1 0 115.045 166.028 -240.924 0 0.92388 0.382683 0.19509 -0.375329 0.906127 0.980785 0.0746577 -0.18024 ruta21nm.dat
1 0 80 162.657 -219.861 0 0 -1 0.19509 0.980785 0 0.980785 -0.19509 0 ruta21nm.dat
1 0 80 162.85 -218.881 0 0 -1 0.19509 0.980785 0 0.980785 -0.19509 0 llanrutt.dat
1 0 115.045 166.22 -239.942 0 0.92388 0.382683 0.19509 -0.375329 0.906127 0.980785 0.0746577 -0.18024 llanrutt.dat
1 0 110.824 121.569 -251.452 -0.92388 0 0.382683 0.375329 0.19509 0.906127 -0.0746577 0.980785 -0.18024 placa2x2.dat
1 0 120 138.315 -198.707 -1 0 0 0 0.19509 0.980785 0 0.980785 -0.19509 respirad.dat
1 0 100 144.559 -167.322 -1 0 0 0 0.19509 0.980785 0 0.980785 -0.19509 bisnrarr.dat
1 0 80 142.996 -175.167 0 0 1 0.980785 0.19509 0 -0.19509 0.980785 0 enganch2.dat
1 0 120 162.613 -179.068 0 0 -1 -0.980785 0.19509 0 0.19509 0.980785 0 enganch2.dat
1 0 89.176 166.589 -293.035 0.92388 0 -0.382683 -0.375329 0.19509 -0.906127 0.0746577 0.980785 0.18024 enganch2.dat
1 0 97.758 105.338 -305.323 -0.92388 0 0.382683 0.375329 0.19509 0.906127 -0.0746577 0.980785 -0.18024 chimplac.dat
1 0 97.758 106.9 -297.474 -0.92388 0 0.382683 0.375329 0.19509 0.906127 -0.0746577 0.980785 -0.18024 chimplac.dat
1 0 73.868 125.662 -309.364 0.92388 0 -0.382683 -0.375329 0.19509 -0.906127 0.0746577 0.980785 0.18024 tejado.dat
1 0 103.17 90.964 -310.621 -0.92388 0 0.382683 0.375329 0.19509 0.906127 -0.0746577 0.980785 -0.18024 bald2x2r.dat
1 0 107.654 159.081 -291.542 0.92388 0 -0.382683 -0.375329 0.19509 -0.906127 0.0746577 0.980785 0.18024 enganch2.dat
1 0 126.132 156.258 -266.509 -0.382683 0 -0.92388 -0.906127 0.19509 0.375329 0.18024 0.980785 -0.0746577 enganch2.dat
1 0 81.522 153.145 -265.891 0.382683 0 0.92388 0.906127 0.19509 -0.375329 -0.18024 0.980785 0.0746577 enganch2.dat
1 0 118.478 138.131 -262.904 -0.92388 0 0.382683 0.375329 0.19509 0.906127 -0.0746577 0.980785 -0.18024 pico.dat
1 0 120 186.129 -163.356 0 -1 0 -0.980785 0 -0.19509 0.19509 0 -0.980785 bald2x2r.dat
1 0 80 146.898 -155.552 0 1 0 0.980785 0 -0.19509 -0.19509 0 -0.980785 bald2x2r.dat
1 0 126.132 147.671 -309.663 -0.92388 -0.382683 0 0.375329 -0.906127 0.19509 -0.0746577 0.18024 0.980785 bald2x2r.dat
1 0 89.176 163.465 -308.726 -0.382683 0.92388 0 -0.906127 -0.375329 0.19509 0.18024 0.0746577 0.980785 bald2r.dat
1 0 123.36 150.449 -261.406 -0.31819 -0.92388 0.212607 -0.861804 0.375329 0.341205 -0.395031 -0.0746577 -0.915629 placa2.dat
1 0 110.632 115.976 -277.212 -0.31819 -0.92388 0.212607 -0.861804 0.375329 0.341205 -0.395031 -0.0746577 -0.915629 placa1.dat
1 0 130.751 147.445 -260.812 -0.31819 -0.92388 0.212607 -0.861804 0.375329 0.341205 -0.395031 -0.0746577 -0.915629 bald1.dat
1 0 111.66 95.739 -284.514 0.212607 -0.92388 0.31819 0.341205 0.375329 0.861804 -0.915629 -0.0746577 0.395031 bald2r.dat
1 0 80 162.612 -179.067 0 0 1 0.980785 0.19509 0 -0.19509 0.980785 0 enganch2.dat
1 0 120 182.232 -182.97 0 0 -1 -0.980785 0.19509 0 0.19509 0.980785 0 enganch2.dat
1 0 100 144.559 -167.322 1 0 0 0 -0.19509 0.980785 0 -0.980785 -0.19509 bisnreje.dat
1 0 40 71.61 -28.466 -1 0 0 0 1 0 0 0 -1 placa2x2.dat
1 0 0 71.61 -28.466 -1 0 0 0 1 0 0 0 -1 placa2x2.dat
1 0 -40 95.611 -48.467 1 0 0 0 1 0 0 0 1 jacen2x4.dat
1 0 0 103.61 -88.466 0 0 -1 0 1 0 1 0 0 placa2x2.dat
1 0 0 103.611 -48.466 0 0 -1 0 1 0 1 0 0 placa2x2.dat
1 0 40 103.61 -88.466 0 0 -1 0 1 0 1 0 0 placa2x2.dat
1 0 40 103.611 -48.466 0 0 -1 0 1 0 1 0 0 placa2x2.dat
1 0 40 95.611 -48.467 -1 0 0 0 1 0 0 0 -1 jacena4.dat
1 0 -40 95.611 -88.466 1 0 0 0 1 0 0 0 1 enganch2.dat
1 0 -20 95.611 -88.466 1 0 0 0 1 0 0 0 1 enganch2.dat
1 0 0 95.611 -88.466 1 0 0 0 1 0 0 0 1 enganch2.dat
1 0 -20 135.61 -88.465 1 0 0 0 1 0 0 0 1 enganch2.dat
1 0 -40 111.61 -88.466 1 0 0 0 1 0 0 0 1 placa4.dat
1 0 -40 111.61 -28.465 1 0 0 0 1 0 0 0 1 placa4.dat
1 0 -20 111.609 -68.466 1 0 0 0 1 0 0 0 1 placa2x2.dat
1 0 -40 103.611 -28.466 1 0 0 0 1 0 0 0 1 placa4.dat
1 0 0 135.61 -88.465 1 0 0 0 1 0 0 0 1 enganch2.dat
1 0 0 175.611 -48.467 1 0 0 0 1 0 0 0 1 enganch2.dat
1 0 -20 215.611 -48.466 1 0 0 0 1 0 0 0 1 jacena2.dat
