0 Untitled
0 Name: Velocirraptor1.ldr
0 Author: MLCad
0 Unofficial Model
0 WRITE Type in the comment
0 !COLOUR Kaki CODE 77 VALUE #424510 EDGE #222222 ALPHA 255
0 ROTATION CENTER 0 0 0 1 "Custom" 
0 ROTATION CONFIG 0 0
0 MLCAD BTG Cuello
1 77 -20 -80.774 149.375 0 -1 0 1 0 0 0 0 1 bald2x2r.dat
0 MLCAD BTG Cuello
1 77 -60 -40.775 149.376 0 1 0 -1 0 0 0 0 1 bald2x2r.dat
0 MLCAD BTG Cuello
1 77 -60 -0.774 149.375 0 1 0 -1 0 0 0 0 1 bald2x2r.dat
0 MLCAD BTG Cuello
1 77 -60 -52.775 149.376 1 0 0 0 0 -1 0 1 0 tejado.dat
0 MLCAD BTG Cuello
1 77 -20 -72.775 141.375 -1 0 0 0 0 1 0 1 0 bald2x2r.dat
0 MLCAD BTG Cuello
1 77 -20 -72.775 149.375 -1 0 0 0 0 1 0 1 0 placa2.dat
0 MLCAD BTG Cuello
1 77 -60 9.226 189.376 1 0 0 0 0 1 0 -1 0 tejado.dat
0 MLCAD BTG Cuello
1 77 -20 29.226 197.376 -1 0 0 0 0 -1 0 -1 0 bald2x2r.dat
0 MLCAD BTG Cuello
1 77 -20 29.226 189.376 -1 0 0 0 0 -1 0 -1 0 placa2.dat
0 MLCAD BTG Cuello
1 77 -20 -40.775 149.376 0 -1 0 1 0 0 0 0 1 bald2x2r.dat
0 MLCAD BTG Cuello
1 77 -60 -28.775 189.375 1 0 0 0 -1 0 0 0 -1 placa2x2.dat
0 MLCAD BTG Cuello
1 77 -60 -20.774 149.376 0 0 1 0 -1 0 1 0 0 enganch2.dat
0 MLCAD BTG Cuello
1 77 -60 -20.773 189.376 1 0 0 0 -1 0 0 0 -1 enganch2.dat
0 MLCAD BTG Cuello
1 77 -40 -20.773 189.376 1 0 0 0 -1 0 0 0 -1 enganch2.dat
0 MLCAD BTG Cuello
1 77 -20 -60.773 189.375 0 0 -1 0 -1 0 -1 0 0 enganch2.dat
0 MLCAD BTG Cuello
1 77 -20 -52.774 149.376 -1 0 0 0 -1 0 0 0 1 enganch2.dat
0 MLCAD BTG Cuello
1 77 -40 -52.774 149.376 -1 0 0 0 -1 0 0 0 1 enganch2.dat
0 MLCAD BTG Cuello
1 77 -60 -60.775 169.376 0 0 1 0 -1 0 1 0 0 enganch2.dat
0 MLCAD BTG Cuello
1 77 -20 -20.773 169.376 0 0 -1 0 -1 0 -1 0 0 enganch2.dat
0 MLCAD BTG Cuello
1 77 -40 -68.774 189.375 -1 0 0 0 1 0 0 0 -1 bisnreje.dat
0 MLCAD BTG Cuello
1 77 -40 -68.774 189.375 1 0 0 0 -1 0 0 0 -1 bisnrarr.dat
0 MLCAD BTG Cuello
1 77 -40 27.226 149.375 -1 0 0 0 -1 0 0 0 1 bisnraba.dat
0 MLCAD BTG Cuello
1 77 -60 -60.775 169.376 1 0 0 0 -1 0 0 0 -1 placa2.dat
0 MLCAD BTG Cuello
1 77 -60 -36.774 189.375 1 0 0 0 -1 0 0 0 -1 placa2.dat
0 MLCAD BTG Cuello
1 77 -60 3.225 189.375 1 0 0 0 -1 0 0 0 -1 placa2x2.dat
0 MLCAD BTG Cuello
1 77 -60 11.227 189.376 1 0 0 0 -1 0 0 0 -1 placa2x2.dat
0 GROUP 26 Cuello
1 77 14 158.557 111.751 -1 0 0 0 1 0 0 0 -1 htitpies.dat
1 77 -94 189.29 157.248 -1 0 0 0 0.92388 0.382683 0 0.382683 -0.92388 htitpies.dat
0 MLCAD BTG Cola
1 77 -40 81.852 364.875 1 0 0 0 0.980786 0.19509 0 -0.19509 0.980786 bisnraba.dat
0 MLCAD BTG Cola
1 77 -20 128.888 396.303 -1 0 0 0 0.980786 -0.19509 0 -0.19509 -0.980786 placa2x2.dat
0 MLCAD BTG Cola
1 77 -40 165.912 623.445 -0.19509 0 -0.980785 0.191342 0.980786 -0.0380602 0.961939 -0.19509 -0.191342 chimplac.dat
0 MLCAD BTG Cola
1 77 -43.902 161.892 644.244 -0.55557 0 0.83147 -0.162212 0.980786 -0.108386 -0.815494 -0.19509 -0.544895 chimenea.dat
0 MLCAD BTG Cola
1 77 -19.243 157.775 664.339 -0.83147 -0.108386 -0.544895 0.108386 0.930293 -0.350436 0.544895 -0.350437 -0.761764 bald2r.dat
0 MLCAD BTG Cola
1 77 -32.79 172.982 658.994 0.980785 0 -0.19509 0.0380602 0.980786 0.191342 0.191342 -0.19509 0.961939 chimplac.dat
0 MLCAD BTG Cola
1 77 18.201 165.128 660.504 -0.19509 0 -0.980785 0.191342 0.980786 -0.0380602 0.961939 -0.19509 -0.191342 bald2r.dat
0 MLCAD BTG Cola
1 77 -20 132.833 375.126 -1 0 0 0 0.980786 -0.19509 0 -0.19509 -0.980786 placa2.dat
0 MLCAD BTG Cola
1 77 -60 113.237 358.632 1 0 0 0 0.980786 0.19509 0 -0.19509 0.980786 helcol.dat
0 GROUP 9 Cola
0 MLCAD BTG Cabeza
1 77 -40 -68.774 189.375 -1 0 0 0 0.980785 -0.19509 0 -0.19509 -0.980785 bisnrarr.dat
0 MLCAD BTG Cabeza
1 14 -68 -147.151 123.399 0 1 0 0.19509 0 0.980785 0.980785 0 -0.19509 placa1.dat
0 MLCAD BTG Cabeza
1 77 -60 -104.018 135.211 0 1 0 -0.980785 0 0.19509 0.19509 0 0.980785 tejado.dat
0 MLCAD BTG Cabeza
1 77 -60 -143.25 143.013 0 1 0 0.980785 0 -0.19509 -0.19509 0 -0.980785 tejado.dat
0 MLCAD BTG Cabeza
1 77 -68 -113.825 137.162 0 1 0 -0.19509 0 -0.980785 -0.980785 0 0.19509 pastilla.dat
0 MLCAD BTG Cabeza
1 77 -68 -123.634 139.113 0 1 0 -0.980785 0 0.19509 0.19509 0 0.980785 bald1.dat
0 MLCAD BTG Cabeza
1 14 -12 -143.25 143.013 0 -1 0 -0.19509 0 0.980785 -0.980785 0 -0.19509 placa1.dat
0 MLCAD BTG Cabeza
1 77 -20 -104.018 135.211 0 -1 0 -0.980785 0 -0.19509 0.19509 0 -0.980785 tejado.dat
0 MLCAD BTG Cabeza
1 77 -20 -143.25 143.013 0 -1 0 0.980785 0 0.19509 -0.19509 0 0.980785 tejado.dat
0 MLCAD BTG Cabeza
1 77 -12 -119.731 158.728 0 -1 0 -0.980785 0 -0.19509 0.19509 0 -0.980785 bald1.dat
0 MLCAD BTG Cabeza
1 77 -12 -113.825 137.162 0 -1 0 0.19509 0 -0.980785 0.980785 0 0.19509 pastilla.dat
0 MLCAD BTG Cabeza
1 77 -57.654 -145.498 131.713 -0.382683 0 -0.92388 0.18024 0.980785 -0.0746578 0.906128 -0.19509 -0.37533 chimenea.dat
0 MLCAD BTG Cabeza
1 77 -60 -135.362 100.661 1 0 0 0 0.980785 0.19509 0 -0.19509 0.980785 tejado.dat
0 MLCAD BTG Cabeza
1 77 -60 -131.416 79.485 1 0 0 0 0.980785 0.19509 0 -0.19509 0.980785 tejado.dat
0 MLCAD BTG Cabeza
1 77 -40 -123.614 118.716 -1 0 0 0 0.980785 -0.19509 0 -0.19509 -0.980785 bisnrarr.dat
0 MLCAD BTG Cabeza
1 77 -40 -123.614 118.716 -1 0 0 0 0.980785 -0.19509 0 -0.19509 -0.980785 bisnreje.dat
0 MLCAD BTG Cabeza
1 77 -60 -100.074 114.034 1 0 0 0 0.980785 0.19509 0 -0.19509 0.980785 bald2x2r.dat
0 MLCAD BTG Cabeza
1 77 -60 -84.466 192.498 0 0 1 -0.19509 0.980785 0 -0.980785 -0.19509 0 placa2x2.dat
0 MLCAD BTG Cabeza
1 77 -60 -76.621 190.937 0 0 1 -0.19509 0.980785 0 -0.980785 -0.19509 0 placa2x3.dat
0 MLCAD BTG Cabeza
1 77 -60 -119.753 179.125 0 0 1 -0.19509 0.980785 0 -0.980785 -0.19509 0 placa4.dat
0 MLCAD BTG Cabeza
1 77 -40 -119.753 179.125 0 0 1 -0.19509 0.980785 0 -0.980785 -0.19509 0 placa4.dat
0 MLCAD BTG Cabeza
1 77 -60 -100.117 154.827 0 0 1 -0.19509 0.980785 0 -0.980785 -0.19509 0 enganch2.dat
0 MLCAD BTG Cabeza
1 77 -60 -96.216 174.442 0 0 1 -0.19509 0.980785 0 -0.980785 -0.19509 0 enganch2.dat
0 MLCAD BTG Cabeza
1 77 -20 -100.117 154.827 0 0 -1 0.19509 0.980785 0 0.980785 -0.19509 0 enganch2.dat
0 MLCAD BTG Cabeza
1 77 -20 -104.018 135.211 0 0 -1 0.19509 0.980785 0 0.980785 -0.19509 0 enganch2.dat
0 MLCAD BTG Cabeza
1 77 -60 -96.216 174.442 1 0 0 0 0.980785 0.19509 0 -0.19509 0.980785 placa2.dat
0 MLCAD BTG Cabeza
1 77 -60 -135.404 141.454 0 0 1 -0.19509 0.980785 0 -0.980785 -0.19509 0 bald2.dat
0 MLCAD BTG Cabeza
1 77 -39.999 -141.299 152.822 1 0 0 0 0.980785 0.19509 0 -0.19509 0.980785 pastilla.dat
0 MLCAD BTG Cabeza
1 77 -20 -104.061 176.002 -1 0 0 0 0.980785 -0.19509 0 -0.19509 -0.980785 pico.dat
0 MLCAD BTG Cabeza
1 77 -60 -139.306 121.836 1 0 0 0 0.980785 0.19509 0 -0.19509 0.980785 tejado.dat
0 MLCAD BTG Cabeza
1 77 -20 -135.404 141.454 -1 0 0 0 0.980785 -0.19509 0 -0.19509 -0.980785 tejado.dat
0 MLCAD BTG Cabeza
1 77 -22.346 -145.498 131.713 0.382683 0 -0.92388 0.18024 0.980785 0.0746578 0.906128 -0.19509 0.37533 chimenea.dat
0 GROUP 32 Cabeza
0 GROUP 6 Boca
0 MLCAD BTG Boca
1 77 -40 -123.612 118.715 1 0 0 0 -0.980785 0.19509 0 -0.19509 -0.980785 bisnrarr.dat
0 MLCAD BTG Boca
1 77 -20 -115.808 79.486 -1 0 0 0 -0.980785 -0.19509 0 -0.19509 0.980785 tejado.dat
0 MLCAD BTG Boca
1 4 -30 -127.556 97.541 0 0 -1 0.19509 -0.980785 0 -0.980785 -0.19509 0 placa2.dat
0 MLCAD BTG Boca
1 77 -30.001 -107.963 81.045 0 0 -1 0.19509 -0.980785 0 -0.980785 -0.19509 0 pastilla.dat
0 MLCAD BTG Boca
1 77 -50 -107.963 81.045 0 0 -1 0.19509 -0.980785 0 -0.980785 -0.19509 0 pastilla.dat
0 MLCAD BTG Boca
1 77 -60 -111.865 100.662 0 0 1 -0.19509 -0.980785 0 0.980785 -0.19509 0 bald2.dat
0 MLCAD BTG Cuerpo
1 77 -40 27.226 149.375 1 0 0 0 0.92388 0.382683 0 -0.382683 0.92388 bisnraba.dat
0 MLCAD BTG Cuerpo
1 77 -40 102.188 204.917 -1 0 0 0 0.92388 -0.382683 0 -0.382683 -0.92388 popa4.dat
0 MLCAD BTG Cuerpo
1 77 -40 27.226 149.375 1 0 0 0 0.92388 0.382683 0 -0.382683 0.92388 bisnreje.dat
0 MLCAD BTG Cuerpo
1 77 -40 132.802 278.827 1 0 0 0 0.92388 0.382683 0 -0.382683 0.92388 popa4.dat
0 MLCAD BTG Cuerpo
1 77 -40 64.706 177.146 1 0 0 0 0.92388 0.382683 0 -0.382683 0.92388 popa4p.dat
0 MLCAD BTG Cuerpo
1 77 -40 101.924 183.378 1 0 0 0 0.92388 0.382683 0 -0.382683 0.92388 popa4p.dat
0 MLCAD BTG Cuerpo
1 77 -40 120.796 208.033 1 0 0 0 0.92388 0.382683 0 -0.382683 0.92388 popa4p.dat
0 MLCAD BTG Cuerpo
1 77 0 120.796 208.033 0 0 -1 0.382683 0.92388 0 0.92388 -0.382683 0 placa2x3.dat
0 MLCAD BTG Cuerpo
1 77 -40 120.796 208.033 0 0 -1 0.382683 0.92388 0 0.92388 -0.382683 0 placa2x3.dat
0 MLCAD BTG Cuerpo
1 77 0 101.924 183.378 0 0 -1 0.382683 0.92388 0 0.92388 -0.382683 0 placa4x6.dat
0 MLCAD BTG Cuerpo
1 77 -40 125.936 324.967 -1 0 0 0 0.92388 -0.382683 0 -0.382683 -0.92388 popa4p.dat
0 MLCAD BTG Cuerpo
1 77 -40 81.852 364.875 -1 0 0 0 -0.382683 -0.92388 0 -0.92388 0.382683 bisnreje.dat
0 MLCAD BTG Cuerpo
1 77 -40 81.852 364.875 -1 0 0 0 0.92388 -0.382683 0 -0.382683 -0.92388 bisnraba.dat
0 MLCAD BTG Cuerpo
1 77 -40 147.846 294.243 -1 0 0 0 0.92388 -0.382683 0 -0.382683 -0.92388 popa4p.dat
0 MLCAD BTG Cuerpo
1 77 -40 143.756 263.466 -1 0 0 0 0.92388 -0.382683 0 -0.382683 -0.92388 popa4p.dat
0 MLCAD BTG Cuerpo
1 77 -20 84.652 350.727 0 0 -1 0.92388 -0.382683 0 -0.382683 -0.92388 0 pico.dat
0 MLCAD BTG Cuerpo
1 77 0 81.59 343.335 0 0 -1 0.92388 -0.382683 0 -0.382683 -0.92388 0 placa2.dat
0 MLCAD BTG Cuerpo
1 77 -60 81.59 343.335 0 0 -1 0.92388 -0.382683 0 -0.382683 -0.92388 0 placa2.dat
0 MLCAD BTG Cuerpo
1 77 -60 121.606 335.42 0 0 1 -0.92388 -0.382683 0 0.382683 -0.92388 0 pico.dat
0 MLCAD BTG Cuerpo
1 77 -60 95.846 294.135 1 0 0 0 0.92388 0.382683 0 -0.382683 0.92388 vntscorp.dat
0 MLCAD BTG Cuerpo
1 77 -40 102.866 321.534 -1 0 0 0 0.382683 0.92388 0 0.92388 -0.382683 bispqarr.dat
0 MLCAD BTG Cuerpo
1 77 -20 111.416 352.629 -1 0 0 0 0.92388 -0.382683 0 -0.382683 -0.92388 vntscorp.dat
0 MLCAD BTG Cuerpo
1 77 -80 78.528 335.945 1 0 0 0 -0.382683 0.92388 0 -0.92388 -0.382683 placa4.dat
0 MLCAD BTG Cuerpo
1 77 -80 75.466 328.554 1 0 0 0 -0.382683 0.92388 0 -0.92388 -0.382683 placa1.dat
0 MLCAD BTG Cuerpo
1 77 -20 75.466 328.554 1 0 0 0 -0.382683 0.92388 0 -0.92388 -0.382683 placa1.dat
0 MLCAD BTG Cuerpo
1 77 -20 80.014 214.102 1 0 0 0 0.92388 0.382683 0 -0.382683 0.92388 bald2.dat
0 MLCAD BTG Cuerpo
1 77 -20 64.706 177.146 1 0 0 0 0.92388 0.382683 0 -0.382683 0.92388 bald2.dat
0 MLCAD BTG Cuerpo
1 77 -20 110.629 288.012 1 0 0 0 0.92388 0.382683 0 -0.382683 0.92388 bald2.dat
0 MLCAD BTG Cuerpo
1 77 -20 95.321 251.057 1 0 0 0 0.92388 0.382683 0 -0.382683 0.92388 bald2.dat
0 MLCAD BTG Cuerpo
1 77 -80 80.014 214.102 1 0 0 0 0.92388 0.382683 0 -0.382683 0.92388 bald2.dat
0 MLCAD BTG Cuerpo
1 77 -80 64.706 177.146 1 0 0 0 0.92388 0.382683 0 -0.382683 0.92388 bald2.dat
0 MLCAD BTG Cuerpo
1 77 -80 110.629 288.012 1 0 0 0 0.92388 0.382683 0 -0.382683 0.92388 bald2.dat
0 MLCAD BTG Cuerpo
1 77 -80 95.321 251.057 1 0 0 0 0.92388 0.382683 0 -0.382683 0.92388 bald2.dat
0 MLCAD BTG Cuerpo
1 77 -20 72.622 217.163 0 0 -1 0.382683 0.92388 0 0.92388 -0.382683 0 enganch2.dat
0 MLCAD BTG Cuerpo
1 77 -20 64.97 198.685 0 0 -1 0.382683 0.92388 0 0.92388 -0.382683 0 enganch2.dat
0 MLCAD BTG Cuerpo
1 77 -20 80.276 235.64 0 0 -1 0.382683 0.92388 0 0.92388 -0.382683 0 enganch2.dat
0 MLCAD BTG Cuerpo
1 77 0 102.188 204.917 0 0 -1 0.382683 0.92388 0 0.92388 -0.382683 0 jacen2x4.dat
0 MLCAD BTG Cuerpo
1 77 -40 102.188 204.917 0 0 -1 0.382683 0.92388 0 0.92388 -0.382683 0 jacen2x4.dat
0 MLCAD BTG Cuerpo
1 77 -20 87.93 254.118 0 0 -1 0.382683 0.92388 0 0.92388 -0.382683 0 enganch2.dat
0 MLCAD BTG Cuerpo
1 77 -60 58.103 244.825 1 0 0 0 0.92388 0.382683 0 -0.382683 0.92388 tejado.dat
0 MLCAD BTG Cuerpo
1 77 -20 58.103 244.825 0 0 -1 0.382683 0.92388 0 0.92388 -0.382683 0 placa2x3.dat
0 MLCAD BTG Cuerpo
1 77 -20 66.02 284.841 0 0 -1 0.382683 0.92388 0 0.92388 -0.382683 0 placa2x2.dat
0 MLCAD BTG Cuerpo
1 77 -20 73.936 324.859 -1 0 0 0 0.92388 -0.382683 0 -0.382683 -0.92388 placa2.dat
0 MLCAD BTG Cuerpo
1 77 -20 118.808 349.567 -1 0 0 0 0.92388 -0.382683 0 -0.382683 -0.92388 placa2.dat
0 MLCAD BTG Cuerpo
1 77 -20 126.198 346.506 -1 0 0 0 0.92388 -0.382683 0 -0.382683 -0.92388 placa2.dat
0 MLCAD BTG Cuerpo
1 77 -20 110.891 309.551 -1 0 0 0 0.92388 -0.382683 0 -0.382683 -0.92388 placa2.dat
0 MLCAD BTG Cuerpo
1 77 -60 66.02 284.841 1 0 0 0 0.92388 0.382683 0 -0.382683 0.92388 tejado.dat
0 MLCAD BTG Cuerpo
1 77 -60 66.282 306.381 1 0 0 0 0.92388 0.382683 0 -0.382683 0.92388 tejado.dat
0 MLCAD BTG Cuerpo
1 77 -40 46.885 238.647 -1 0 0 0 0.92388 -0.382683 0 -0.382683 -0.92388 pastilla.dat
0 MLCAD BTG Cuerpo
1 77 -40 55.065 300.204 -1 0 0 0 0.92388 -0.382683 0 -0.382683 -0.92388 pastilla.dat
0 MLCAD BTG Cuerpo
1 77 -20 74.199 346.397 -1 0 0 0 0.92388 -0.382683 0 -0.382683 -0.92388 bald2x2r.dat
0 MLCAD BTG Cuerpo
1 77 -20 110.891 309.551 0 -1 0 -0.382683 0 0.92388 -0.92388 0 -0.382683 tejado8.dat
0 MLCAD BTG Cuerpo
1 77 -12 31.184 169.384 0 -1 0 0.92388 0 0.382683 -0.382683 0 0.92388 bald2r.dat
0 MLCAD BTG Cuerpo
1 77 -12 54.146 224.816 0 -1 0 0.92388 0 0.382683 -0.382683 0 0.92388 bald2.dat
0 MLCAD BTG Cuerpo
1 0 -12 46.492 206.339 0 -1 0 0.92388 0 0.382683 -0.382683 0 0.92388 enganc2.dat
0 MLCAD BTG Cuerpo
1 0 -84 46.492 206.339 0 -1 0 0.92388 0 0.382683 -0.382683 0 0.92388 enganc2.dat
0 MLCAD BTG Cuerpo
1 77 -12 69.452 261.772 0 -1 0 0.92388 0 0.382683 -0.382683 0 0.92388 bald2.dat
0 MLCAD BTG Cuerpo
1 77 -60 49.662 161.73 0 1 0 0.382683 0 0.92388 0.92388 0 -0.382683 tejado8.dat
0 MLCAD BTG Cuerpo
1 77 -68 49.662 161.73 0 1 0 -0.92388 0 0.382683 0.382683 0 0.92388 bald2r.dat
0 MLCAD BTG Cuerpo
1 77 -68 72.622 217.163 0 1 0 -0.92388 0 0.382683 0.382683 0 0.92388 bald2.dat
0 MLCAD BTG Cuerpo
1 77 -68 87.93 254.118 0 1 0 -0.92388 0 0.382683 0.382683 0 0.92388 bald2.dat
0 MLCAD BTG Cuerpo
1 77 -20 95.584 272.596 0 0 -1 0.382683 0.92388 0 0.92388 -0.382683 0 enganch2.dat
0 MLCAD BTG Cuerpo
1 77 -60 95.584 272.596 0 0 1 -0.382683 0.92388 0 -0.92388 -0.382683 0 enganch2.dat
0 MLCAD BTG Cuerpo
1 77 -60 103.238 291.073 0 0 1 -0.382683 0.92388 0 -0.92388 -0.382683 0 enganch2.dat
0 MLCAD BTG Cuerpo
1 77 -60 87.93 254.118 0 0 1 -0.382683 0.92388 0 -0.92388 -0.382683 0 enganch2.dat
0 MLCAD BTG Cuerpo
1 77 -60 80.276 235.64 0 0 1 -0.382683 0.92388 0 -0.92388 -0.382683 0 enganch2.dat
0 MLCAD BTG Cuerpo
1 77 -60 72.624 217.163 0 0 1 -0.382683 0.92388 0 -0.92388 -0.382683 0 enganch2.dat
0 MLCAD BTG Cuerpo
1 77 -60 64.97 198.685 0 0 1 -0.382683 0.92388 0 -0.92388 -0.382683 0 placa2x3.dat
0 MLCAD BTG Cuerpo
1 77 -60 125.936 324.967 0 0 1 -0.382683 0.92388 0 -0.92388 -0.382683 0 placa2x8.dat
0 MLCAD BTG Cuerpo
1 77 4 49.558 221.75 0 0 1 1 0 0 0 1 0 enganch2.dat
0 MLCAD BTG Cuerpo
1 0 14 119.557 205.75 1 0 0 0 1 0 0 0 1 mastilh.dat
0 MLCAD BTG Cuerpo
1 77 14 79.558 229.751 0 0 -1 -1 0 0 0 1 0 chimplac.dat
0 MLCAD BTG Cuerpo
1 77 14 99.558 221.751 0 0 -1 -1 0 0 0 1 0 chimplac.dat
0 MLCAD BTG Cuerpo
1 77 4 89.557 197.751 1 0 0 0 0 -1 0 1 0 bald2r.dat
0 MLCAD BTG Cuerpo
1 77 4 89.557 213.751 1 0 0 0 0 -1 0 1 0 placa1.dat
0 MLCAD BTG Cuerpo
1 77 4 89.558 205.751 1 0 0 0 0 -1 0 1 0 placa1.dat
0 GROUP 76 Cuerpo
0 MLCAD BTG BI2
1 0 14 119.557 205.75 1 0 0 0 0 1 0 -1 0 mastilm.dat
0 MLCAD BTG BI2
1 77 14 119.558 168.751 0 0 -1 1 0 0 0 -1 0 tubo.dat
0 MLCAD BTG BI2
1 77 14 119.557 144.75 0 0 -1 1 0 0 0 -1 0 cilindro.dat
0 MLCAD BTG BI2
1 77 14 119.557 120.751 0 0 -1 1 0 0 0 -1 0 cilindro.dat
0 MLCAD BTG BI2
1 0 14 119.557 136.751 0 0 1 1 0 0 0 1 0 engbarco.dat
0 GROUP 5 BI2
0 MLCAD BTG BD1
1 77 -84 64.968 224.817 0 0 -1 -0.92388 -0.382683 0 -0.382683 0.92388 0 enganch2.dat
0 MLCAD BTG BD1
1 0 -94 117.286 229.168 1 0 0 0 0.92388 -0.382683 0 0.382683 0.92388 mastilh.dat
0 MLCAD BTG BD1
1 77 -94 71.146 236.035 0 0 -1 -0.92388 -0.382683 0 -0.382683 0.92388 0 chimplac.dat
0 MLCAD BTG BD1
1 77 -94 92.686 236.298 0 0 -1 -0.92388 -0.382683 0 -0.382683 0.92388 0 chimplac.dat
0 MLCAD BTG BD1
1 77 -104 92.631 210.297 1 0 0 0 -0.382683 -0.92388 0 0.92388 -0.382683 bald2r.dat
0 MLCAD BTG BD1
1 77 -104 86.507 225.08 1 0 0 0 -0.382683 -0.92388 0 0.92388 -0.382683 placa1.dat
0 MLCAD BTG BD1
1 77 -104 89.57 217.688 1 0 0 0 -0.382683 -0.92388 0 0.92388 -0.382683 placa1.dat
0 GROUP 7 BD1
0 MLCAD BTG BD2
1 0 -94 117.286 229.168 1 0 0 0 0.382683 0.92388 0 -0.92388 0.382683 mastilm.dat
0 MLCAD BTG BD2
1 0 -94 143.691 165.422 0 0 1 0.92388 -0.382683 0 0.382683 0.92388 0 engbarco.dat
0 MLCAD BTG BD2
1 77 -94 149.813 150.639 0 0 -1 0.92388 0.382683 0 0.382683 -0.92388 0 cilindro.dat
0 MLCAD BTG BD2
1 77 -94 140.629 172.811 0 0 -1 0.92388 0.382683 0 0.382683 -0.92388 0 cilindro.dat
0 MLCAD BTG BD2
1 77 -94 131.446 194.986 0 0 -1 0.92388 0.382683 0 0.382683 -0.92388 0 tubo.dat
0 GROUP 5 BD2
0 MLCAD BTG PD3
1 77 -80 259.654 386.478 0 1 0 1 0 0 0 0 -1 chimtubo.dat
0 MLCAD BTG PD3
1 77 -80 299.654 386.478 0 1 0 1 0 0 0 0 -1 chimtubo.dat
0 MLCAD BTG PD3
1 77 -104 309.653 396.478 0 1 0 0 0 -1 -1 0 0 bald2r.dat
0 MLCAD BTG PD3
1 77 -72 309.654 376.477 0 1 0 -1 0 0 0 0 1 placa2.dat
0 MLCAD BTG PD4
1 77 -104 319.7 386.6 0 1 0 0 0 -1 -1 0 0 chimplac.dat
0 MLCAD BTG PD4
1 0 -62 300.253 341.932 0 -1 0 -0.678801 0 0.734323 -0.734323 0 -0.678801 chimplac.dat
0 MLCAD BTG PD4
1 0 -78 283.549 307.492 0 -1 0 0.85264 0 0.522499 -0.522499 0 0.85264 chimplac.dat
0 MLCAD BTG PD4
1 0 -70 286.677 327.246 0 -1 0 -0.156434 0 0.987688 -0.987688 0 -0.156434 chimplac.dat
0 MLCAD BTG PD4
1 0 -70 319.7 346.6 0 -1 0 -0.97237 0 0.233445 -0.233445 0 -0.97237 chimplac.dat
0 MLCAD BTG PD4
1 77 -110 309.7 336.6 1 0 0 0 1 0 0 0 1 bald2x2r.dat
0 MLCAD BTG PD4
1 77 -90 309.7 356.6 -1 0 0 0 0 1 0 1 0 enganch2.dat
0 MLCAD BTG PD4
1 0 -80 319.7 332.6 -1 0 0 0 0 1 0 1 0 chimplac.dat
0 MLCAD BTG PD4
1 0 -100 319.7 324.6 -1 0 0 0 0 1 0 1 0 piquito.dat
0 MLCAD BTG PD4
1 77 -80 309.7 356.6 0 1 0 0 0 1 1 0 0 enganch2.dat
0 MLCAD BTG PD4
1 77 -72 319.7 366.6 0 1 0 0 0 1 1 0 0 chimplac.dat
0 MLCAD BTG PD4
1 77 -70 329.7 356.6 0 0 -1 -1 0 0 0 1 0 enganch2.dat
0 MLCAD BTG PD4
1 0 -80 319.7 324.6 -1 0 0 0 0 1 0 1 0 piquito.dat
0 GROUP 13 PD4
0 GROUP 4 PD3
0 MLCAD BTG PD2
1 77 -80 202.908 301.743 0 1 0 0.92388 0 -0.382683 -0.382683 0 -0.92388 chimplac.dat
0 MLCAD BTG PD2
1 77 -96 195.254 283.265 0 1 0 0.382683 0 0.92388 0.92388 0 -0.382683 chimplac.dat
0 MLCAD BTG PD2
1 77 -88 202.908 301.743 0 1 0 0.92388 0 -0.382683 -0.382683 0 -0.92388 chimplac.dat
0 MLCAD BTG PD2
1 77 -104 242.104 317.979 0 1 0 -0.382683 0 -0.92388 -0.92388 0 0.382683 bald2x2.dat
0 MLCAD BTG PD2
1 77 -104 220.457 370.242 0 1 0 0.92388 0 -0.382683 -0.382683 0 -0.92388 bald2x2r.dat
0 MLCAD BTG PD2
1 77 -80 249.758 336.457 0 1 0 -0.382683 0 -0.92388 -0.92388 0 0.382683 jacen2x2.dat
0 MLCAD BTG PD2
1 77 -72 257.412 354.934 0 1 0 -0.382683 0 -0.92388 -0.92388 0 0.382683 placa4.dat
0 MLCAD BTG PD2
1 77 -72 238.934 362.588 0 1 0 -0.382683 0 -0.92388 -0.92388 0 0.382683 placa4.dat
0 MLCAD BTG PD2
1 77 -110 238.934 362.588 1 0 0 0 -0.382683 0.92388 0 -0.92388 -0.382683 pico.dat
0 MLCAD BTG PD2
1 77 -80 220.457 370.242 0 1 0 0.92388 0 -0.382683 -0.382683 0 -0.92388 enganch2.dat
0 MLCAD BTG PD2
1 77 -80 231.28 344.11 0 1 0 0.382683 0 0.92388 0.92388 0 -0.382683 jacena2.dat
0 MLCAD BTG PD2
1 77 -104 252 368 0 1 0 0.382683 0 0.92388 0.92388 0 -0.382683 chimplac.dat
0 MLCAD BTG PD2
1 77 -112 257.412 354.934 0 1 0 -0.92388 0 0.382683 0.382683 0 0.92388 bald2r.dat
0 MLCAD BTG PD2
1 77 -72 252 368 0 1 0 0.382683 0 0.92388 0.92388 0 -0.382683 chimplac.dat
0 GROUP 14 PD2
0 MLCAD BTG PD1
1 77 -112 145.233 293.161 0 -1 0 0.382683 0 -0.92388 0.92388 0 0.382683 popa4.dat
0 MLCAD BTG PD1
1 77 -88 156.056 267.031 0 -1 0 0.382683 0 -0.92388 0.92388 0 0.382683 bald2x2.dat
0 MLCAD BTG PD1
1 7 -97 195.254 283.265 -1 0 0 0 0.382683 0.92388 0 0.92388 -0.382683 eje15.dat
0 MLCAD BTG PD1
1 7 -97 187.6 264.789 -1 0 0 0 0.382683 0.92388 0 0.92388 -0.382683 eje15.dat
0 MLCAD BTG PD1
1 77 -104 156.056 267.031 0 1 0 -0.92388 0 0.382683 0.382683 0 0.92388 bisnrarr.dat
0 MLCAD BTG PD1
1 77 -104 195.254 283.265 0 1 0 -0.382683 0 -0.92388 -0.92388 0 0.382683 chimplac.dat
0 MLCAD BTG PD1
1 77 -104 156.056 267.031 0 -1 0 0.92388 0 0.382683 -0.382683 0 0.92388 bisnrarr.dat
0 MLCAD BTG PD1
1 77 -96 176.776 290.918 0 -1 0 0.92388 0 0.382683 -0.382683 0 0.92388 chimplac.dat
0 MLCAD BTG PD1
1 77 -96 169.123 272.441 0 -1 0 0.92388 0 0.382683 -0.382683 0 0.92388 chimplac.dat
0 MLCAD BTG PD1
1 77 -96 156.056 267.031 0 -1 0 0.382683 0 -0.92388 0.92388 0 0.382683 placa2.dat
0 MLCAD BTG PD1
1 77 -88 189.842 296.331 0 -1 0 -0.92388 0 -0.382683 0.382683 0 -0.92388 bald2.dat
0 MLCAD BTG PD1
1 77 -88 187.6 264.789 0 -1 0 0.382683 0 -0.92388 0.92388 0 0.382683 chimplac.dat
0 MLCAD BTG PD1
1 77 -104 156.056 267.031 0 -1 0 0.92388 0 0.382683 -0.382683 0 0.92388 bisnreje.dat
0 MLCAD BTG PD1
1 77 -88 74.492 279.167 0 -1 0 0.92388 0 0.382683 -0.382683 0 0.92388 bald2x2r.dat
0 MLCAD BTG PD1
1 77 -88 142.063 337.77 0 -1 0 -0.92388 0 -0.382683 0.382683 0 -0.92388 bald2r.dat
0 MLCAD BTG PD1
1 77 -88 160.541 330.116 0 -1 0 -0.92388 0 -0.382683 0.382683 0 -0.92388 bald1.dat
0 MLCAD BTG PD1
1 77 -88 137.579 274.683 0 -1 0 -0.92388 0 -0.382683 0.382683 0 -0.92388 bald1.dat
0 MLCAD BTG PD1
1 0 -112 126.755 300.815 0 1 0 0.382683 0 0.92388 0.92388 0 -0.382683 popa4p.dat
0 MLCAD BTG PD1
1 77 -120 100.625 289.991 0 1 0 0.382683 0 0.92388 0.92388 0 -0.382683 bald2x2r.dat
0 MLCAD BTG PD1
1 77 -120 189.842 296.331 0 1 0 -0.382683 0 -0.92388 -0.92388 0 0.382683 bald2x2r.dat
0 MLCAD BTG PD1
1 0 -112 126.755 300.815 0 1 0 -0.382683 0 -0.92388 -0.92388 0 0.382683 proa4p.dat
0 MLCAD BTG PD1
1 77 -96 221.386 294.09 0 1 0 -0.382683 0 -0.92388 -0.92388 0 0.382683 chimplac.dat
0 GROUP 22 PD1
0 MLCAD BTG PI4
1 77 -7 319.7 386.6 0 -1 0 0 0 1 -1 0 0 chimplac.dat
0 MLCAD BTG PI4
1 77 25 319.7 386.6 0 -1 0 0 0 1 -1 0 0 chimplac.dat
0 MLCAD BTG PI4
1 77 1 309.7 376.6 0 -1 0 0 0 1 -1 0 0 enganch2.dat
0 MLCAD BTG PI4
1 77 -9 309.7 356.6 0 0 1 1 0 0 0 1 0 enganch2.dat
0 MLCAD BTG PI4
1 0 21 319.7 332.601 -1 0 0 0 0 1 0 1 0 chimplac.dat
0 MLCAD BTG PI4
1 0 1 319.7 324.599 -1 0 0 0 0 1 0 1 0 piquito.dat
0 MLCAD BTG PI4
1 0 21 319.7 324.599 -1 0 0 0 0 1 0 1 0 piquito.dat
0 MLCAD BTG PI4
1 0 -9 319.7 346.602 0 1 0 -0.968148 0 -0.25038 -0.25038 0 0.968148 chimplac.dat
0 MLCAD BTG PI4
1 0 -17 300.337 341.595 0 1 0 -0.691514 0 -0.722364 -0.722364 0 0.691514 chimplac.dat
0 MLCAD BTG PI4
1 0 -9 286.506 327.15 0 1 0 -0.173649 0 -0.984807 -0.984807 0 0.173649 chimplac.dat
0 MLCAD BTG PI4
1 0 -1.001 283.036 307.453 0 1 0 0.85264 0 -0.522498 -0.522498 0 -0.85264 chimplac.dat
0 MLCAD BTG PI4
1 77 31 309.7 356.6 -1 0 0 0 0 1 0 1 0 enganch2.dat
0 MLCAD BTG PI4
1 77 -9 309.7 336.6 1 0 0 0 1 0 0 0 1 bald2x2r.dat
1 7 -40 102.866 321.534 -1 0 0 0 0.382683 0.92388 0 0.92388 -0.382683 eje5.dat
0 GROUP 13 PI4
0 MLCAD BTG PI3
1 77 1 259.654 386.479 0 -1 0 1 0 0 0 0 1 chimtubo.dat
0 MLCAD BTG PI3
1 77 1 299.653 386.479 0 -1 0 1 0 0 0 0 1 chimtubo.dat
0 MLCAD BTG PI3
1 77 -7 309.653 396.477 0 -1 0 -1 0 0 0 0 -1 placa2.dat
0 MLCAD BTG PI3
1 77 25 309.654 376.477 0 -1 0 0 0 -1 1 0 0 bald2r.dat
0 GROUP 4 PI3
0 MLCAD BTG PI2
1 77 17 195.254 283.265 0 -1 0 0.382683 0 -0.92388 0.92388 0 0.382683 chimplac.dat
0 MLCAD BTG PI2
1 77 9 202.908 301.743 0 -1 0 0.92388 0 0.382683 -0.382683 0 0.92388 chimplac.dat
0 MLCAD BTG PI2
1 77 1 202.908 301.743 0 -1 0 0.92388 0 0.382683 -0.382683 0 0.92388 chimplac.dat
0 MLCAD BTG PI2
1 77 25.001 242.104 317.979 0 -1 0 0.382683 0 -0.92388 0.92388 0 0.382683 bald2x2.dat
0 MLCAD BTG PI2
1 77 25 189.842 296.331 0 -1 0 0.92388 0 0.382683 -0.382683 0 0.92388 bald2x2r.dat
0 MLCAD BTG PI2
1 77 1 234.451 299.501 0 -1 0 0.382683 0 -0.92388 0.92388 0 0.382683 jacen2x2.dat
0 MLCAD BTG PI2
1 77 -7 226.797 281.024 0 -1 0 0.382683 0 -0.92388 0.92388 0 0.382683 placa4.dat
0 MLCAD BTG PI2
1 77 -7 208.32 288.677 0 -1 0 0.382683 0 -0.92388 0.92388 0 0.382683 placa4.dat
0 MLCAD BTG PI2
1 77 1 238.934 362.588 1 0 0 0 -0.382683 0.92388 0 -0.92388 -0.382683 pico.dat
0 MLCAD BTG PI2
1 77 1 238.934 362.588 0 -1 0 -0.92388 0 -0.382683 0.382683 0 -0.92388 enganch2.dat
0 MLCAD BTG PI2
1 77 1 246.588 381.066 0 -1 0 -0.382683 0 0.92388 -0.92388 0 -0.382683 jacena2.dat
0 MLCAD BTG PI2
1 77 25 259.654 386.478 0 -1 0 -0.382683 0 0.92388 -0.92388 0 -0.382683 chimplac.dat
0 MLCAD BTG PI2
1 77 33 238.934 362.588 0 -1 0 0.92388 0 0.382683 -0.382683 0 0.92388 bald2r.dat
0 MLCAD BTG PI2
1 77 -7 259.654 386.478 0 -1 0 -0.382683 0 0.92388 -0.92388 0 -0.382683 chimplac.dat
0 GROUP 14 PI2
0 MLCAD BTG PI1
1 0 33 126.755 300.815 0 -1 0 0.382683 0 -0.92388 0.92388 0 0.382683 proa4p.dat
0 MLCAD BTG PI1
1 77 33 145.233 293.161 0 1 0 -0.382683 0 -0.92388 -0.92388 0 0.382683 popa4.dat
0 MLCAD BTG PI1
1 77 9 171.365 303.986 0 1 0 -0.382683 0 -0.92388 -0.92388 0 0.382683 bald2x2.dat
0 MLCAD BTG PI1
1 77 25 156.056 267.031 0 -1 0 0.92388 0 0.382683 -0.382683 0 0.92388 bisnrarr.dat
0 MLCAD BTG PI1
1 77 25 187.6 264.789 0 -1 0 0.382683 0 -0.92388 0.92388 0 0.382683 chimplac.dat
0 MLCAD BTG PI1
1 77 25 156.056 267.031 0 1 0 -0.92388 0 0.382683 0.382683 0 0.92388 bisnrarr.dat
0 MLCAD BTG PI1
1 77 17 169.123 272.441 0 1 0 0.92388 0 -0.382683 -0.382683 0 -0.92388 chimplac.dat
0 MLCAD BTG PI1
1 77 17 176.777 290.919 0 1 0 0.92388 0 -0.382683 -0.382683 0 -0.92388 chimplac.dat
0 MLCAD BTG PI1
1 77 17 171.365 303.985 0 1 0 -0.382683 0 -0.92388 -0.92388 0 0.382683 placa2.dat
0 MLCAD BTG PI1
1 77 9 171.365 303.986 0 1 0 0.92388 0 -0.382683 -0.382683 0 -0.92388 bald2.dat
0 MLCAD BTG PI1
1 77 9 195.254 283.266 0 1 0 -0.382683 0 -0.92388 -0.92388 0 0.382683 chimplac.dat
0 MLCAD BTG PI1
1 77 25 156.056 267.031 0 1 0 -0.92388 0 0.382683 0.382683 0 0.92388 bisnreje.dat
0 MLCAD BTG PI1
1 77 9 111.448 263.859 0 1 0 -0.92388 0 0.382683 0.382683 0 0.92388 bald2x2r.dat
0 MLCAD BTG PI1
1 77 9 123.585 345.424 0 1 0 0.92388 0 -0.382683 -0.382683 0 -0.92388 bald2r.dat
0 MLCAD BTG PI1
1 77 9 129.926 256.206 0 1 0 -0.92388 0 0.382683 0.382683 0 0.92388 bald1.dat
0 MLCAD BTG PI1
1 77 9 152.887 311.64 0 1 0 -0.92388 0 0.382683 0.382683 0 0.92388 bald1.dat
0 MLCAD BTG PI1
1 0 33 126.755 300.815 0 -1 0 -0.382683 0 0.92388 -0.92388 0 -0.382683 popa4p.dat
0 MLCAD BTG PI1
1 77 41 115.931 326.946 0 -1 0 -0.382683 0 0.92388 -0.92388 0 -0.382683 bald2x2r.dat
0 MLCAD BTG PI1
1 77 41 174.535 259.376 0 -1 0 0.382683 0 -0.92388 0.92388 0 0.382683 bald2x2r.dat
0 MLCAD BTG PI1
1 383 15 195.254 283.265 -1 0 0 0 0.382683 0.92388 0 0.92388 -0.382683 eje15.dat
0 MLCAD BTG PI1
1 383 15 187.6 264.789 -1 0 0 0 0.382683 0.92388 0 0.92388 -0.382683 eje15.dat
0 GROUP 21 PI1
1 77 17 221.386 294.089 0 -1 0 -0.382683 0 0.92388 -0.92388 0 -0.382683 chimplac.dat
0
