0 Untitled
0 Name: Vespa.ldr
0 Author: MLCad
0 Unofficial Model
0 ROTATION CENTER 0 0 0 1 "Custom" 
0 ROTATION CONFIG 0 0
1 7 -40 -50 -32 -1 0 0 0 1 0 0 0 -1 llanrutt.dat
1 0 -40 -50 -32 -1 0 0 0 1 0 0 0 -1 ruta21nm.dat
1 7 -40 -53.068 -147.353 -1 0 0 0 0.932009 -0.362438 0 -0.362438 -0.932009 llanrutt.dat
1 0 -40 -53.068 -147.353 -1 0 0 0 0.932009 -0.362438 0 -0.362438 -0.932009 ruta21nm.dat
1 4 -13 -67 -12 0 -1 0 0 0 1 -1 0 0 popa4p.dat
1 4 -5 -67 8 0 -1 0 -1 0 0 0 0 -1 bald2r.dat
1 7 -21 -87 -22 0 -1 0 1 0 0 0 0 1 placa2.dat
1 7 -13 -47 -22 0 -1 0 0 0 -1 1 0 0 pistola.dat
1 4 -13 -107 -22 0 0 -1 1 0 0 0 -1 0 enganche.dat
1 0 -23 -117 -30 -1 0 0 0 0 -1 0 -1 0 chimtubo.dat
1 0 -23 -117 -6 -1 0 0 0 0 -1 0 -1 0 chimplac.dat
1 0 -23 -117 -46 -1 0 0 0 0 -1 0 -1 0 chimplac.dat
1 0 -43 -117 -38 0 0 -1 1 0 0 0 -1 0 chimplac.dat
1 0 -23 -117 -38 0 0 -1 1 0 0 0 -1 0 chimplac.dat
1 0 -43 -117 2 0 0 -1 1 0 0 0 -1 0 chimplac.dat
1 0 -23 -117 2 0 0 -1 1 0 0 0 -1 0 chimplac.dat
1 4 -13 -87 -30 -1 0 0 0 0 -1 0 -1 0 placa2.dat
1 4 -53 -107 10 1 0 0 0 0 1 0 -1 0 baldgord.dat
1 4 -13 -67 -62 -1 0 0 0 0 -1 0 -1 0 cuna.dat
1 4 -53 -67 -68 0 0 1 0 1 0 -1 0 0 pinzastr.dat
1 4 -13 -100.426 -131.072 0 -1 0 0.659346 0 0.75184 -0.75184 0 0.659346 bald2r.dat
1 4 -53 -87.1121 -146.804 0 1 0 -0.66262 0 0.748956 0.748956 0 0.66262 bald2r.dat
1 4 -21 -71.277 -118.815 0 -1 0 0.932009 0 0.362438 -0.362438 0 0.932009 chimplac.dat
1 15 -33 -143 -123 -1 0 0 0 -1 0 0 0 1 soprtmar.dat
1 4 -43 -123 -133 1 0 0 0 1 0 0 0 1 enganch2.dat
1 15 -43 -123 -133 1 0 0 0 0 -1 0 1 0 placa1.dat
1 4 10.473 -147 -128.315 -0.382683 0.92388 0 0 0 1 0.92388 0.382683 0 enganch2.dat
1 0 36.21 -137 -106.83 -0.382683 0.92388 0 0 0 1 0.92388 0.382683 0 ejealfa.dat
1 4 -68.914 -147 -109.929 -0.382683 -0.92388 0 0 0 1 -0.92388 0.382683 0 enganch2.dat
1 0 -102.304 -137 -106.922 -0.382683 -0.92388 0 0 0 1 -0.92388 0.382683 0 ejealfa.dat
1 4 -73 -147 -133 1 0 0 0 1 0 0 0 1 placa4.dat
1 47 -73 -155 -133 1 0 0 0 1 0 0 0 1 sillastr.dat
1 47 -33 -155 -133 1 0 0 0 1 0 0 0 1 sillastr.dat
1 15 -23 -81.632 -141.031 0 0 -1 0.906308 0.422618 0 0.422618 -0.906308 0 soprtmar.dat
1 4 -13 -81.022 -118.675 0 0 -1 -0.906308 -0.422618 0 -0.422618 0.906308 0 enganch2.dat
1 4 -13 -70.88 -140.427 -1 0 0 0 -0.422618 0.906308 0 0.906308 0.422618 pico.dat
1 15 -43 -81.632 -141.031 0 0 -1 0.906308 0.422618 0 0.422618 -0.906308 0 soprtmar.dat
1 4 -43 -90.085 -122.902 -1 0 0 0 -0.422618 0.906308 0 0.906308 0.422618 jacena1.dat
1 0 -13 -51 -98 0 0 -1 0 1 0 1 0 0 placa2x3.dat
1 4 -13 -59 -78 -1 0 0 0 1 0 0 0 -1 placa2.dat
1 4 -13 -59 -38 -1 0 0 0 1 0 0 0 -1 placa2.dat
1 4 -53 -59 -58 0 0 1 0 1 0 -1 0 0 bald2.dat
1 4 -53 -87 -22 0 0 1 -1 0 0 0 -1 0 enganche.dat
1 383 -54 -97 -12 -1 0 0 0 0 -1 0 -1 0 eje15.dat
1 383 -12 -97 -12 -1 0 0 0 0 -1 0 -1 0 eje15.dat
1 4 -53 -67 -12 0 1 0 0 0 1 1 0 0 popa4p.dat
1 4 -61 -87 8 0 1 0 1 0 0 0 0 -1 bald2r.dat
1 0 -13 -127 10 0 0 -1 1 0 0 0 -1 0 bald2.dat
0
