0 Untitled
0 Name: Zodiac.ldr
0 Author: MLCad
0 Unofficial Model
0 ROTATION CENTER 0 0 0 1 "Custom" 
0 ROTATION CONFIG 0 0
1 8 130 -1.169 6.88 0 -1 0 -0.9497 0 -0.313163 0.313163 0 -0.9497 popa4.dat
1 0 154 -13.695 -31.108 0 -1 0 0.9497 0 0.313163 -0.313163 0 0.9497 popa4p.dat
1 0 106 5.097 25.874 0 -1 0 -0.9497 0 -0.313163 0.313163 0 -0.9497 popa4.dat
1 8 234 -1.169 6.88 0 1 0 0.9497 0 -0.313163 -0.313163 0 -0.9497 popa4.dat
1 0 210 -13.694 -31.106 0 1 0 -0.9497 0 0.313163 0.313163 0 0.9497 popa4p.dat
1 0 210.001 -32.688 -24.845 0 1 0 -0.9497 0 0.313163 0.313163 0 0.9497 bald2.dat
1 0 182 -46.754 21.911 -1 0 0 0 0.9497 -0.313163 0 -0.313163 -0.9497 compuert.dat
1 383 182 -45.521 32.034 -1 0 0 0 0.9497 -0.313163 0 -0.313163 -0.9497 eje28.dat
1 0 182 -46.754 21.911 -1 0 0 0 0.9497 -0.313163 0 -0.313163 -0.9497 bispqaba.dat
1 0 162 47.866 54.028 1 0 0 0 0.999991 0.00436389 0 -0.00436389 0.999991 compuert.dat
1 0 202 47.866 54.028 1 0 0 0 0.999991 0.00436389 0 -0.00436389 0.999991 compuert.dat
1 0 202 32.302 154.027 1 0 0 0 0.999991 0.00436389 0 -0.00436389 0.999991 bisnraba.dat
1 0 202 32.302 154.027 1 0 0 0 0.999991 0.00436389 0 -0.00436389 0.999991 bisnreje.dat
1 0 162 32.302 154.027 1 0 0 0 0.999991 0.00436389 0 -0.00436389 0.999991 bisnreje.dat
1 0 202 31.866 154.027 -1 0 0 0 0.304865 -0.952396 0 -0.952396 -0.304865 bisnraba.dat
1 0 162 31.866 154.027 -1 0 0 0 0.304865 -0.952396 0 -0.952396 -0.304865 bisnraba.dat
1 0 162 32.302 154.027 1 0 0 0 0.999991 0.00436389 0 -0.00436389 0.999991 bisnraba.dat
1 0 202.035 30.047 -24.511 0 0.00436389 -0.999991 0.317305 0.948315 0.00413838 0.948324 -0.317302 -0.00138468 placa2x3.dat
1 8 202 -1.251 6.908 0 0.00436389 -0.999991 0.317305 0.948315 0.00413838 0.948324 -0.317302 -0.00138468 enganch2.dat
1 8 201.895 -17.747 33.517 -1 0 0 0 0.9497 -0.313163 0 -0.313163 -0.9497 placa2.dat
1 8 201.894 35.435 15.979 -1 0 0 0 0.9497 -0.313163 0 -0.313163 -0.9497 placa2.dat
1 0 201.894 35.435 15.979 -1 0 0 0 0.9497 -0.313163 0 -0.313163 -0.9497 pico.dat
1 8 201.894 27.838 18.485 -1 0 0 0 0.9497 -0.313163 0 -0.313163 -0.9497 jacena2.dat
1 8 201.895 -25.345 36.022 -1 0 0 0 0.9497 -0.313163 0 -0.313163 -0.9497 placa2.dat
1 8 162 5.014 25.902 0 -0.00436389 0.999991 -0.317305 0.948315 0.00413838 -0.948324 -0.317302 -0.00138468 enganch2.dat
1 8 162 -26.323 -37.47 0 -1 0 0.9497 0 0.313163 -0.313163 0 0.9497 tubo.dat
1 8 162 -7.328 -43.737 0 -1 0 0.9497 0 0.313163 -0.313163 0 0.9497 tubo.dat
1 8 162 -1.064 -24.743 0 -1 0 0.9497 0 0.313163 -0.313163 0 0.9497 tubo.dat
1 8 162 -20.061 -18.479 0 -1 0 0.9497 0 0.313163 -0.313163 0 0.9497 tubo.dat
1 8 154.001 -32.688 -24.845 0 -1 0 0.9497 0 0.313163 -0.313163 0 0.9497 placa2.dat
1 0 154 -51.682 -18.582 0 -1 0 0.9497 0 0.313163 -0.313163 0 0.9497 bald2.dat
1 0 210 24.292 -43.634 0 1 0 -0.9497 0 0.313163 0.313163 0 0.9497 bald2.dat
1 0 154 5.3 -37.371 0 -1 0 0.9497 0 0.313163 -0.313163 0 0.9497 bald2.dat
1 8 282 -4 93.76 0 1 0 0 0 1 1 0 0 jacen2x3.dat
1 8 282 -4 153.76 0 1 0 0 0 1 1 0 0 jacen2x8.dat
1 8 282 16 313.76 0 1 0 0 0 1 1 0 0 jacena2.dat
1 8 274 -4 313.76 0 1 0 0 0 1 1 0 0 pistola.dat
1 8 82 -4 133.76 0 -1 0 0 0 1 -1 0 0 jacen2x2.dat
1 8 250 -24 113.76 0 1 0 0 0 1 1 0 0 baldgord.dat
1 8 250 -24 73.76 0 1 0 0 0 1 1 0 0 bald2x2r.dat
1 8 242 -4 73.76 0 1 0 0 0 1 1 0 0 bald2x2r.dat
1 8 250 16 73.76 0 1 0 0 0 1 1 0 0 placa2.dat
1 8 250 -24 153.76 0 1 0 0 0 1 1 0 0 baldgord.dat
1 8 250 -24 193.76 0 1 0 0 0 1 1 0 0 baldgord.dat
1 8 250 -24 233.76 0 1 0 0 0 1 1 0 0 baldgord.dat
1 8 250 -24 273.76 0 1 0 0 0 1 1 0 0 baldgord.dat
1 8 250 -24 313.76 0 1 0 0 0 1 1 0 0 baldgord.dat
1 8 250 56 353.76 0 1 0 0 0 -1 -1 0 0 baldgord.dat
1 8 250 56 313.76 0 1 0 0 0 -1 -1 0 0 baldgord.dat
1 8 114 56 313.76 0 -1 0 0 0 -1 1 0 0 baldgord.dat
1 8 114 56 273.76 0 -1 0 0 0 -1 1 0 0 baldgord.dat
1 8 114 -24 153.76 0 -1 0 0 0 1 -1 0 0 baldgord.dat
1 8 114 -24 113.76 0 -1 0 0 0 1 -1 0 0 bald2x2r.dat
1 8 122.001 -4 113.76 0 -1 0 0 0 1 -1 0 0 bald2x2r.dat
1 8 114.001 16 113.76 0 -1 0 0 0 1 -1 0 0 placa2.dat
1 8 106.001 -4 73.76 0 -1 0 1 0 0 0 0 1 placa1.dat
1 8 106.001 -4 53.76 0 -1 0 1 0 0 0 0 1 bald1.dat
1 0 106.001 16 53.76 0 -1 0 1 0 0 0 0 1 bald2x2.dat
1 8 114.001 36 93.76 0 -1 0 1 0 0 0 0 1 bald2.dat
1 8 114.001 16 133.76 0 -1 0 1 0 0 0 0 1 bald2.dat
1 8 114.001 16 173.76 0 -1 0 1 0 0 0 0 1 bald2x2.dat
1 8 114.001 56 253.76 0 -1 0 0 0 -1 1 0 0 bald2.dat
1 8 114.001 16 113.76 0 -1 0 1 0 0 0 0 1 bald1.dat
1 8 114.001 16 213.76 0 -1 0 1 0 0 0 0 1 bald2.dat
1 8 114 -24 193.76 0 -1 0 0 0 1 -1 0 0 baldgord.dat
1 8 114 -24 233.76 0 -1 0 0 0 1 -1 0 0 baldgord.dat
1 8 114 -24 273.76 0 -1 0 0 0 1 -1 0 0 baldgord.dat
1 8 114 -24 313.76 0 -1 0 0 0 1 -1 0 0 baldgord.dat
1 8 114 -24 353.76 0 -1 0 0 0 1 -1 0 0 baldgord.dat
1 8 130 36.819 -5.646 0 -1 0 -0.9497 0 -0.313163 0.313163 0 -0.9497 tejado.dat
1 8 122 43.085 13.35 0 -1 0 -0.9497 0 -0.313163 0.313163 0 -0.9497 tejado.dat
1 8 130 -1.169 6.88 0 -1 0 -0.9497 0 -0.313163 0.313163 0 -0.9497 tejado.dat
1 8 122 5.097 25.874 0 -1 0 -0.9497 0 -0.313163 0.313163 0 -0.9497 tejado.dat
1 0 114 4.995 57.495 0 -1 0 -0.9497 0 -0.313163 0.313163 0 -0.9497 chimplac.dat
1 0 106 -14 63.76 0 -1 0 0 0 -1 1 0 0 chimplac.dat
1 0 114 55.612 51.335 0 -1 0 -0.9497 0 -0.313163 0.313163 0 -0.9497 placa2.dat
1 0 114 49.345 32.344 0 -1 0 -0.9497 0 -0.313163 0.313163 0 -0.9497 placa4.dat
1 0 106 -7.632 51.129 0 -1 0 -0.9497 0 -0.313163 0.313163 0 -0.9497 placa1.dat
1 8 234 -1.169 6.88 0 1 0 0.9497 0 -0.313163 -0.313163 0 -0.9497 tejado.dat
1 8 234 -39.155 19.409 0 1 0 0.9497 0 -0.313163 -0.313163 0 -0.9497 tejado.dat
1 8 242 -32.89 38.401 0 1 0 0.9497 0 -0.313163 -0.313163 0 -0.9497 tejado.dat
1 8 242 5.097 25.874 0 1 0 0.9497 0 -0.313163 -0.313163 0 -0.9497 tejado.dat
1 0 250 17.622 63.861 0 1 0 0.9497 0 -0.313163 -0.313163 0 -0.9497 placa2.dat
1 0 250 -26.631 57.392 0 1 0 0.9497 0 -0.313163 -0.313163 0 -0.9497 placa4.dat
1 0 258 -26.631 57.392 0 1 0 0.9497 0 -0.313163 -0.313163 0 -0.9497 placa1.dat
1 0 250 -14 63.76 0 1 0 0.9497 0 -0.313163 -0.313163 0 -0.9497 chimplac.dat
1 0 258 -14 63.76 0 1 0 0 0 1 1 0 0 chimplac.dat
1 0 258 16 53.76 0 1 0 0 0 1 1 0 0 bald2x2.dat
1 8 250 36 133.76 0 1 0 1 0 0 0 0 -1 bald2.dat
1 8 250 16 213.76 0 1 0 1 0 0 0 0 -1 bald2x2.dat
1 8 250 56 273.76 0 1 0 0 0 -1 -1 0 0 bald2.dat
1 8 250 16 173.76 0 1 0 1 0 0 0 0 -1 bald2.dat
1 8 250 16 253.76 0 1 0 1 0 0 0 0 -1 bald2.dat
1 8 250 16 133.76 0 1 0 1 0 0 0 0 -1 bald1.dat
1 8 258 16 73.76 0 1 0 -1 0 0 0 0 1 placa1.dat
1 8 258 16 53.76 0 1 0 -1 0 0 0 0 1 bald1.dat
1 0 258 -24 93.76 0 1 0 0 0 1 1 0 0 placa4x8.dat
1 0 258 -24 253.76 0 1 0 0 0 1 1 0 0 placa2x3.dat
1 0 258 16 293.76 0 1 0 0 0 1 1 0 0 placa2x3.dat
1 0 258 16 253.76 0 1 0 0 0 1 1 0 0 placa2x2.dat
1 0 258 -24 313.76 0 1 0 0 0 1 1 0 0 placa2.dat
1 8 282 -4 313.76 0 1 0 0 0 1 1 0 0 placa2.dat
1 0 242 64 53.76 0 0 -1 0 1 0 1 0 0 placa6x8.dat
1 0 242 64 293.76 -1 0 0 0 1 0 0 0 -1 placa4x6.dat
1 0 222 64 313.76 -1 0 0 0 1 0 0 0 -1 placa4.dat
1 0 162 56 273.76 0 0 -1 0 1 0 1 0 0 placa2.dat
1 0 222 56 273.76 0 0 -1 0 1 0 1 0 0 placa2.dat
1 8 222 48 293.76 -1 0 0 0 1 0 0 0 -1 placa4.dat
1 0 202 56 113.76 0 0 1 0 1 0 -1 0 0 bald2.dat
1 0 222 56 53.76 1 0 0 0 1 0 0 0 1 bald2.dat
1 0 122 56 53.76 1 0 0 0 1 0 0 0 1 bald2.dat
1 0 122 56 113.76 0 0 1 0 1 0 -1 0 0 bald2.dat
1 0 182 64 313.759 -1 0 0 0 1 0 0 0 -1 popa4p.dat
1 7 182 22.546 117.225 -1 0 0 0 0.300706 -0.953717 0 -0.953717 -0.300706 popa4.dat
1 7 172 -32.356 125.08 1 0 0 0 0.300706 0.953717 0 -0.953717 0.300706 chimplac.dat
1 7 182 -22.819 128.087 1 0 0 0 0.300706 0.953717 0 -0.953717 0.300706 baldc1.dat
1 7 162 -22.819 128.087 1 0 0 0 0.300706 0.953717 0 -0.953717 0.300706 baldc1.dat
1 0 172 -35.363 134.616 1 0 0 0 0.300706 0.953717 0 -0.953717 0.300706 cabnuevo.dat
1 7 182 5.878 103.583 1 0 0 0 0.300706 0.953717 0 -0.953717 0.300706 popa4p.dat
1 0 161.999 56 333.76 0 0 1 0 1 0 -1 0 0 placa2x8.dat
1 0 161.999 56 173.76 0 0 1 0 1 0 -1 0 0 placa2x3.dat
1 0 122 48 273.76 0 0 1 0 1 0 -1 0 0 placa6x8.dat
1 8 162 40 133.76 1 0 0 0 1 0 0 0 1 tejado.dat
1 8 202 32 113.76 0 0 -1 0 1 0 1 0 0 bald2.dat
1 0 162 56 93.76 1 0 0 0 1 0 0 0 1 placa2.dat
1 8 162 48 93.76 1 0 0 0 1 0 0 0 1 placa2.dat
1 8 142 40 213.76 1 0 0 0 1 0 0 0 1 placa4.dat
1 0 142 32 213.76 1 0 0 0 1 0 0 0 1 jacena4.dat
1 0 222 40 233.76 -1 0 0 0 1 0 0 0 -1 pico.dat
1 0 182 40 233.76 -1 0 0 0 1 0 0 0 -1 pico.dat
1 8 222 24 293.76 -1 0 0 0 1 0 0 0 -1 pico.dat
1 8 222 48 313.76 -1 0 0 0 1 0 0 0 -1 pico.dat
1 8 182 48 313.76 -1 0 0 0 1 0 0 0 -1 pico.dat
1 8 182 24 293.76 -1 0 0 0 1 0 0 0 -1 pico.dat
1 0 222 48 293.76 0 0 -1 0 1 0 1 0 0 enganch2.dat
1 8 230 24.13 306.519 0 -1 0 0.83147 0 -0.55557 0.55557 0 0.83147 bispqaba.dat
1 8 134 24.129 306.519 0 1 0 -0.83147 0 -0.55557 -0.55557 0 0.83147 bispqaba.dat
1 0 142 48 313.76 0 0 1 0 1 0 -1 0 0 enganch2.dat
1 0 162 48 293.76 1 0 0 0 1 0 0 0 1 jacena2.dat
1 7 222 8 203.76 0 0 -1 0 1 0 1 0 0 pinzastr.dat
1 7 182 8 203.76 0 0 -1 0 1 0 1 0 0 pinzastr.dat
1 0 222 40 113.76 1 0 0 0 1 0 0 0 1 bald2r.dat
1 0 222 40 153.76 1 0 0 0 1 0 0 0 1 bald2.dat
1 0 222 40 193.76 1 0 0 0 1 0 0 0 1 bald2.dat
1 0 122 40 153.76 1 0 0 0 1 0 0 0 1 bald2.dat
1 0 122 40 193.76 1 0 0 0 1 0 0 0 1 bald2.dat
1 0 222 40 233.76 1 0 0 0 1 0 0 0 1 bald2.dat
1 0 122 40 233.76 1 0 0 0 1 0 0 0 1 bald2.dat
1 0 142 40 253.76 1 0 0 0 1 0 0 0 1 bald2x2.dat
1 0 182 40 253.76 1 0 0 0 1 0 0 0 1 bald2x2.dat
1 0 182 40 193.76 0 0 -1 0 1 0 1 0 0 bald2.dat
1 0 222 40 193.76 0 0 -1 0 1 0 1 0 0 bald2.dat
1 0 122 40 113.76 1 0 0 0 1 0 0 0 1 bald2r.dat
1 8 142 40 113.76 1 0 0 0 1 0 0 0 1 bald1.dat
1 8 202 40 113.76 1 0 0 0 1 0 0 0 1 bald1.dat
1 7 222 24.954 109.596 -1 0 0 0 0.300706 -0.953717 0 -0.953717 -0.300706 placa4.dat
1 8 250 36 133.76 0 1 0 0 0 1 1 0 0 rejilla.dat
1 8 114 36 173.76 0 -1 0 0 0 1 -1 0 0 rejilla.dat
1 8 114 36 253.76 0 -1 0 0 0 1 -1 0 0 rejilla.dat
1 8 250 36 213.76 0 1 0 0 0 1 1 0 0 rejilla.dat
1 0 182 63.209 48.831 1 0 0 0 0.9497 0.313163 0 -0.313163 0.9497 popa6p.dat
1 0 162 48.013 53.842 1 0 0 0 0.9497 0.313163 0 -0.313163 0.9497 bispqaba.dat
1 0 202 48.013 53.842 1 0 0 0 0.9497 0.313163 0 -0.313163 0.9497 bispqaba.dat
1 8 226 -32.892 38.4 0 1 0 0.9497 0 -0.313163 -0.313163 0 -0.9497 placa4.dat
1 8 218 5.095 25.874 0 1 0 0.9497 0 -0.313163 -0.313163 0 -0.9497 placa2.dat
1 0 218 -45.522 32.034 0 1 0 0.9497 0 -0.313163 -0.313163 0 -0.9497 chimplac.dat
1 8 210.001 -32.891 38.4 0 1 0 0.9497 0 -0.313163 -0.313163 0 -0.9497 bald1.dat
1 8 210 43.085 13.348 0 1 0 -0.313163 0 -0.9497 -0.9497 0 0.313163 bald2.dat
1 8 218 -13.899 32.136 0 1 0 0.9497 0 -0.313163 -0.313163 0 -0.9497 enganc2.dat
1 8 162 -13.899 32.136 0 1 0 0.9497 0 -0.313163 -0.313163 0 -0.9497 enganc2.dat
1 8 138 -39.156 19.407 0 -1 0 0.9497 0 0.313163 -0.313163 0 0.9497 placa4.dat
1 8 146 -1.167 6.879 0 -1 0 0.9497 0 0.313163 -0.313163 0 0.9497 placa2.dat
1 8 154 5.096 25.874 0 -1 0 -0.313163 0 0.9497 -0.9497 0 -0.313163 bald2.dat
1 0 146 -45.521 32.034 0 -1 0 0.9497 0 0.313163 -0.313163 0 0.9497 chimplac.dat
1 8 154 -39.155 19.406 0 -1 0 0.9497 0 0.313163 -0.313163 0 0.9497 bald1.dat
1 0 106 -24 253.76 0 -1 0 0 0 1 -1 0 0 placa4x8.dat
1 0 106 -24 313.76 0 -1 0 0 0 1 -1 0 0 placa2x3.dat
1 0 106 -24 353.76 0 -1 0 0 0 1 -1 0 0 placa2.dat
1 8 82 -4 353.76 0 -1 0 0 0 1 -1 0 0 placa2.dat
1 0 106 16 293.76 0 -1 0 0 0 1 -1 0 0 placa2x2.dat
1 0 106 16 353.76 0 -1 0 0 0 1 -1 0 0 placa2x3.dat
1 8 202 -26.323 -37.471 0 1 0 0.9497 0 -0.313163 -0.313163 0 -0.9497 chimplac.dat
1 8 210 -20.061 -18.479 0 1 0 0.9497 0 -0.313163 -0.313163 0 -0.9497 chimtubo.dat
1 8 194 -26.323 -37.471 0 1 0 0.9497 0 -0.313163 -0.313163 0 -0.9497 chimplac.dat
1 0 258.001 5.097 25.874 0 1 0 0.9497 0 -0.313163 -0.313163 0 -0.9497 popa4.dat
1 0 136.001 -3.632 -13.365 -1 0 0 0 0.9497 -0.313163 0 -0.313163 -0.9497 alfaneum.dat
1 8 282.001 16 113.761 0 1 0 -1 0 0 0 0 1 proa4qui.dat
1 8 82.001 16 113.76 0 -1 0 1 0 0 0 0 1 proa4qui.dat
1 8 282 16 113.76 0 1 0 1 0 0 0 0 -1 quilla_4.dat
1 8 282 16 233.76 0 1 0 1 0 0 0 0 -1 quilla_4.dat
1 8 82.001 16 113.76 0 -1 0 -1 0 0 0 0 -1 quilla_4.dat
1 8 82.001 16 233.76 0 -1 0 -1 0 0 0 0 -1 quilla_4.dat
1 8 90.001 16 313.76 0 -1 0 0 0 -1 1 0 0 pistola.dat
1 8 82.001 36 313.76 0 -1 0 0 0 -1 1 0 0 jacena2.dat
1 8 82.001 36 153.76 0 -1 0 0 0 -1 1 0 0 jacen2x8.dat
1 0 104 6 393.76 0 0 1 -1 0 0 0 -1 0 toberast.dat
1 0 94 16 353.76 0 0 1 -1 0 0 0 -1 0 placa1.dat
1 0 94 16 361.76 0 0 1 -1 0 0 0 -1 0 placa1.dat
1 0 260 6 393.76 0 0 1 -1 0 0 0 -1 0 toberast.dat
1 0 250 16 353.76 0 0 1 -1 0 0 0 -1 0 placa1.dat
1 0 250 16 361.76 0 0 1 -1 0 0 0 -1 0 placa1.dat
1 0 182 56.163 343.86 0 0 1 0.00872664 0.999962 0 -0.999962 0.00872664 0 antnincl.dat
1 0 182 -22.092 308.537 0 0 -1 -0.422618 0.906308 0 0.906308 0.422618 0 chimplac.dat
1 0 162 -50.47 350.475 0 0 1 0.422618 0.906308 0 -0.906308 0.422618 0 placa2x3.dat
1 0 162 -32.367 292.712 1 0 0 0 0.906308 -0.422618 0 0.422618 0.906308 bald2x2r.dat
1 0 162 -57.723 347.09 0 0 1 0.422618 0.906308 0 -0.906308 0.422618 0 bald2.dat
1 0 162 -64.973 343.711 1 0 0 0 0.422618 0.906308 0 -0.906308 0.422618 baldgord.dat
1 0 192 27.764 364.886 -1 0 0 0 0.906308 0.422618 0 0.422618 -0.906308 vnt1x1.dat
1 0 202 -28.722 360.617 -1 0 0 0 0.906308 0.422618 0 0.422618 -0.906308 enganch2.dat
1 0 182 -28.722 360.617 -1 0 0 0 0.906308 0.422618 0 0.422618 -0.906308 enganch2.dat
1 0 202 -21.472 363.996 -1 0 0 0 0.906308 0.422618 0 0.422618 -0.906308 placa2.dat
1 0 161.999 17.001 331.182 0 0 -1 -0.906308 -0.422618 0 -0.422618 0.906308 0 ejeastr1.dat
1 0 161.999 79.535 360.342 0 0 -1 -0.906308 -0.422618 0 -0.422618 0.906308 0 ejeastr1.dat
1 0 192 91.208 394.47 -1 0 0 0 0.906308 0.422618 0 0.422618 -0.906308 enganche.dat
1 0 182 79.188 396.593 -1 0 0 0 0.422618 -0.906308 0 -0.906308 -0.422618 heliaspp.dat
1 8 182.001 16.705 353.11 0 0 -1 -0.906308 -0.422618 0 -0.422618 0.906308 0 soprtmar.dat
0 
0 WRITE Hombre
1 15 185.284 33.75 178.836 1 0 0 0 1 0 0 0 1 htittron.dat
1 15 185.284 -26.947 113.407 1 0 0 0 0.126199 0.992005 0 -0.992005 0.126199 htitbrzd.dat
1 19 157.464 -8.098 116.392 -0.55557 -0.0181384 -0.831272 0.826915 0.0924503 -0.554676 0.0869122 -0.995552 -0.0363637 htitmand.dat
1 15 185.284 4.699 125.124 1 0 0 0 0.55557 0.83147 0 -0.83147 0.555571 htitbrzi.dat
1 19 185.28 4.144 125.954 1 0 0 0 0.55557 0.83147 0 -0.83147 0.555571 htitmani.dat
1 15 185.284 33.75 178.836 1 0 0 0 1 0 0 0 1 htitpies.dat
1 19 185.284 -46.25 178.836 1 0 0 0 1 0 0 0 1 htitcab2.dat
0 

1 7 215 -35.021 343.209 0 0 1 0.2292 -0.973379 0 0.973379 0.2292 0 aduanabr.dat
1 0 194 -16.687 333.359 0 -1 0 -0.0348995 0 0.999391 -0.999391 0 -0.0348995 chimplac.dat
1 0 202 -20.303 364.775 0 -1 0 -0.906308 0 0.422618 -0.422618 0 -0.906308 bald2x2r.dat
1 0 162 -56.559 347.87 0 1 0 0.906308 0 0.422618 0.422618 0 -0.906308 bald2x2r.dat
1 0 170 -16.687 333.359 0 1 0 -0.0348995 0 -0.999391 -0.999391 0 0.0348995 chimplac.dat
1 383 183 -16.687 333.359 -1 0 0 0 0.0348995 0.999391 0 0.999391 -0.0348995 eje15.dat
0
