0 Sin_nombre
0 Name: patrulla_espacial_borras.ldr
0 Author: CPCBEGIN
0 Unofficial Model
0 ROTATION CENTER 0 0 0 1 "Custom" 
0 ROTATION CONFIG 0 0
1 15 -80 24 0 0 0 -1 0 1 0 1 0 0 jacen2x8.dat
1 4 -110 32 40 -1 0 0 0 1 0 0 0 -1 rueastro.dat
1 4 -110 32 160 -1 0 0 0 1 0 0 0 -1 rueastro.dat
1 4 -110 32 100 -1 0 0 0 1 0 0 0 -1 rueastro.dat
1 32 -100 -8 20 0 0 -1 0 1 0 1 0 0 semicupg.dat
1 32 -100 -8 20 0 0 1 0 1 0 -1 0 0 semicupg.dat
1 8 -130 24 150 0 0 1 0 1 0 -1 0 0 amortigu.dat
1 8 -130 24 130 0 0 1 0 1 0 -1 0 0 amortigu.dat
1 8 -70 24 130 0 0 1 0 1 0 -1 0 0 amortigu.dat
1 8 -70 24 150 0 0 1 0 1 0 -1 0 0 amortigu.dat
1 15 -100 0 140 0 0 1 0 1 0 -1 0 0 placa2x3.dat
1 15 -140 0 140 0 0 1 0 1 0 -1 0 0 placa2x3.dat
1 15 -120 0 40 0 0 1 0 1 0 -1 0 0 placa2x3.dat
1 15 -60 0 160 -1 0 0 0 1 0 0 0 -1 placa4.dat
1 15 -120 -8 160 0 0 1 0 1 0 -1 0 0 jacen2x4.dat
1 15 -160 -56 80 1 0 0 0 1 0 0 0 1 placa4x6.dat
1 15 -120 -32 160 0 0 1 0 1 0 -1 0 0 jacen2x4.dat
1 15 -100 -72 160 -1 0 0 0 1 0 0 0 -1 bisnraba.dat
0 MLCAD BTG lasers
1 15 -100 -72 160 -1 0 0 0 0.866025 -0.5 0 -0.5 -0.866025 bisnrarr.dat
1 0 -100 -72 160 -1 0 0 0 1 0 0 0 -1 bisnreje.dat
1 4 -80 -8 120 0 0 -1 0 1 0 1 0 0 pico.dat
1 8 -80 8 120 -1 0 0 0 1 0 0 0 -1 tbesctrp.dat
1 8 -120 8 80 1 0 0 0 1 0 0 0 1 tbesctrp.dat
1 4 -120 -8 160 0 0 1 0 1 0 -1 0 0 pico.dat
0 MLCAD BTG lasers
1 15 -120 -88.928 146.68 0 0 1 -0.5 0.866025 0 -0.866025 -0.5 0 pistola.dat
0 MLCAD BTG lasers
1 15 -100 -88.928 146.68 0 0 1 -0.5 0.866025 0 -0.866025 -0.5 0 pistola.dat
0 MLCAD BTG lasers
1 4 -90 -122.785 120.039 -1 0 0 0 0.5 0.866025 0 0.866025 -0.5 chimplac.dat
0 MLCAD BTG lasers
1 15 -90 -142.785 85.398 -1 0 0 0 0.5 0.866025 0 0.866025 -0.5 chimplac.dat
0 MLCAD BTG lasers
1 4 -90 -146.785 78.469 -1 0 0 0 0.5 0.866025 0 0.866025 -0.5 chimplac.dat
0 MLCAD BTG lasers
1 14 -90 -150.785 71.541 -1 0 0 0 0.5 0.866025 0 0.866025 -0.5 amortigu.dat
0 MLCAD BTG lasers
1 14 -110 -150.785 71.541 -1 0 0 0 0.5 0.866025 0 0.866025 -0.5 amortigu.dat
0 MLCAD BTG lasers
1 15 -90 -130.785 106.182 -1 0 0 0 0.5 0.866025 0 0.866025 -0.5 cilindro.dat
0 MLCAD BTG lasers
1 15 -110 -130.785 106.182 -1 0 0 0 0.5 0.866025 0 0.866025 -0.5 cilindro.dat
0 MLCAD BTG lasers
1 15 -90 -126.785 113.11 -1 0 0 0 0.5 0.866025 0 0.866025 -0.5 chimplac.dat
0 GROUP 11 lasers
1 15 -120 -64 120 -1 0 0 0 1 0 0 0 -1 semicumg.dat
1 15 -80 -61 119 1 0 0 0 1 0 0 0 1 semicumg.dat
0
