0 Untitled
0 Name: Aire0508_HelicopteroTurbo-Speed.ldr
0 Author: jasolo
0 Unofficial Model
0 ROTATION CENTER 0 0 0 1 "Custom" 
0 ROTATION CONFIG 0 1
1 7 0 0 0 0 0 1 0 1 0 -1 0 0 helpata.dat
1 7 120 0 0 0 0 -1 0 1 0 1 0 0 helpata.dat
1 7 -40 -8 -20 1 0 0 0 1 0 0 0 1 placa2x8.dat
1 14 80 -96 -20 1 0 0 0 1 0 0 0 1 placa2x8.dat
1 14 200 -104 20 0 0 1 0 1 0 -1 0 0 helcol.dat
1 0 470 -98 -16 0 0 1 0 1 0 -1 0 0 helirotr.dat
1 14 460 -128 0 0 0 1 0 1 0 -1 0 0 helala.dat
1 14 460 -99 10 0 0 1 -1 0 0 0 -1 0 helala.dat
1 14 40 -96 40 -1 0 0 0 1 0 0 0 -1 pico.dat
1 14 80 -96 40 -1 0 0 0 1 0 0 0 -1 pico.dat
1 14 40 -96 -40 1 0 0 0 1 0 0 0 1 pico.dat
1 14 0 -96 -40 1 0 0 0 1 0 0 0 1 pico.dat
1 14 0 -120 -20 0 0 1 0 1 0 -1 0 0 bald2.dat
1 14 40 -120 -20 0 0 1 0 1 0 -1 0 0 bald2.dat
1 14 0 -120 40 0 0 1 0 1 0 -1 0 0 bald2.dat
1 14 40 -120 40 0 0 1 0 1 0 -1 0 0 bald2.dat
1 14 240 -128 20 -1 0 0 0 1 0 0 0 -1 bald2.dat
1 14 220 -128 20 -1 0 0 0 1 0 0 0 -1 bald2x2.dat
1 14 180 -128 20 -1 0 0 0 1 0 0 0 -1 bald2x2.dat
1 14 0 -96 40 0 0 1 0 1 0 -1 0 0 jacen2x4.dat
1 14 40 -96 40 0 0 1 0 1 0 -1 0 0 jacen2x4.dat
1 14 200 -104 20 -1 0 0 0 1 0 0 0 -1 jacen2x3.dat
1 7 -40 16 20 0 0 1 0 1 0 -1 0 0 cuna.dat
1 7 100 -16 20 0 0 1 0 1 0 -1 0 0 cuna.dat
1 4 0 -16 60 0 0 1 0 1 0 -1 0 0 cuna.dat
1 4 0 -16 -20 0 0 1 0 1 0 -1 0 0 cuna.dat
1 0 20 -128 -20 0 0 -1 0 1 0 1 0 0 cuna.dat
1 0 -20 -152 20 0 0 1 0 1 0 -1 0 0 baldgord.dat
1 14 20 -40 60 0 0 1 0 1 0 -1 0 0 jacena6.dat
1 14 0 -64 60 0 0 1 0 1 0 -1 0 0 jacen2x3.dat
1 14 0 -64 0 0 0 1 0 1 0 -1 0 0 jacen2x3.dat
1 14 0 -88 60 0 0 1 0 1 0 -1 0 0 placa4x6.dat
1 14 80 -88 0 0 0 -1 0 1 0 1 0 0 proa6p.dat
1 7 60 -16 20 -1 0 0 0 1 0 0 0 -1 enganche.dat
1 7 40 -16 20 -1 0 0 0 1 0 0 0 -1 jacen2x2.dat
1 4 20 -40 0 0 0 -1 0 1 0 1 0 0 proa_6.dat
1 1 40 -64 0 0 0 -1 0 1 0 1 0 0 proa_6.dat
1 1 0 -24 0 0 0 1 0 1 0 -1 0 0 helcab.dat
1 40 0 -24 0 0 0 1 0 1 0 -1 0 0 helcabcr.dat
1 7 -60 -32 40 0 0 1 0 1 0 -1 0 0 airsillo.dat
1 7 -60 -32 0 0 0 1 0 1 0 -1 0 0 airsillo.dat
1 7 -60 -33 40 0 0 1 0 1 0 -1 0 0 helmando.dat
1 7 -60 -33 0 0 0 1 0 1 0 -1 0 0 helmando.dat
1 7 40 -16 -20 1 0 0 0 1 0 0 0 1 enganche.dat
1 0 100 -104 -20 1 0 0 0 1 0 0 0 1 enganche.dat
1 0 120 -104 -20 1 0 0 0 1 0 0 0 1 enganche.dat
1 7 130 -114 -20 1 0 0 0 0 -1 0 1 0 chimenea.dat
1 7 130 -114 20 1 0 0 0 0 1 0 -1 0 chimenea.dat
1 14 460 -88 -10 1 0 0 0 1 0 0 0 1 enganche.dat
1 14 460 -88 10 -1 0 0 0 1 0 0 0 -1 enganche.dat
1 0 140 -104 20 -1 0 0 0 1 0 0 0 -1 enganche.dat
1 0 120 -104 20 -1 0 0 0 1 0 0 0 -1 enganche.dat
1 0 100 -104 -20 0 0 -1 0 1 0 1 0 0 jacena2.dat
1 0 80 -128 0 1 0 0 0 1 0 0 0 1 pistola.dat
1 0 80 -128 -20 1 0 0 0 1 0 0 0 1 pistola.dat
1 4 50 -26 -20 -0.848048 0 0.529919 0.529919 0 0.848048 0 1 0 chimplac.dat
1 4 50 -26 20 -0.694658 0 -0.71934 0.71934 0 -0.694658 0 -1 0 chimplac.dat
1 0 70 -16 10 1 0 0 0 1 0 0 0 1 amortigu.dat
1 0 70 -16 -10 1 0 0 0 1 0 0 0 1 amortigu.dat
1 0 90 -16 10 1 0 0 0 1 0 0 0 1 amortigu.dat
1 0 90 -16 -10 1 0 0 0 1 0 0 0 1 amortigu.dat
1 0 30 -128 -10 1 0 0 0 1 0 0 0 1 amortigu.dat
1 0 50 -128 -10 1 0 0 0 1 0 0 0 1 amortigu.dat
1 0 30 -128 10 1 0 0 0 1 0 0 0 1 amortigu.dat
1 0 50 -128 10 1 0 0 0 1 0 0 0 1 amortigu.dat
1 0 20 -152 -20 1 0 0 0 1 0 0 0 1 placa2x2.dat
1 0 40 -160 0 1 0 0 0 1 0 0 0 1 rotorinf.dat
1 0 40 -160 0 1 0 0 0 1 0 0 0 1 rotorsup.dat
1 0 30 -176 10 0.707107 0 -0.707107 0 1 0 0.707107 0 0.707107 aspa.dat
1 0 50 -176 10 0.707107 0 0.707107 0 1 0 -0.707107 0 0.707107 aspa.dat
1 0 50 -176 -10 -0.707107 0 0.707107 0 1 0 -0.707107 0 -0.707107 aspa.dat
1 0 30 -176 -10 -0.707107 0 -0.707107 0 1 0 0.707107 0 -0.707107 aspa.dat
1 0 30 -184 10 1 0 0 0 1 0 0 0 1 chimplac.dat
1 4 120 -142 10 0 -1 0 0 0 1 -1 0 0 chimplac.dat
1 0 30 -184 -10 1 0 0 0 1 0 0 0 1 chimplac.dat
1 1 -40 -16 0 1 0 0 0 1 0 0 0 1 placa2x2.dat
1 1 -40 -16 -40 1 0 0 0 1 0 0 0 1 placa2x2.dat
1 4 -48 1 10 0 -1 0 0 0 1 -1 0 0 chimplac.dat
1 4 -72 1 10 0 -1 0 0 0 1 -1 0 0 cilindro.dat
1 4 -37.5 1 -10 0 1 0 0 0 1 1 0 0 laser.dat
1 7 109.846 -114 -29.614 0.981627 0.190809 0 0 0 -1 -0.190809 0.981627 0 chimplac.dat
1 7 98.502 -104 -35.559 0.981627 0.190809 0 0 0 -1 -0.190809 0.981627 0 pistola.dat
1 7 158.656 -114 -61.514 -0.190809 0.981627 0 0 0 -1 -0.981627 -0.190809 0 tubo.dat
1 7 109.846 -114 30.386 0.981627 0.190809 0 0 0 1 0.190809 -0.981627 0 chimplac.dat
1 7 98.502 -124 36.331 0.981627 0.190809 0 0 0 1 0.190809 -0.981627 0 pistola.dat
1 7 158.656 -114 62.286 -0.190809 0.981627 0 0 0 1 0.981627 0.190809 0 tubo.dat
0
