0 Unidad teledetectora
0 Name: Astro_0657_unidadteledetectora.ldr
0 Author: cpcbegin
0 Tente astro
0 ROTATION CENTER 0 0 0 1 "Custom" 
0 ROTATION CONFIG 0 0
1 383 40 16 100 -1 0 0 0 1 0 0 0 -1 amortigu.dat
1 383 -20 16 100 -1 0 0 0 1 0 0 0 -1 amortigu.dat
1 383 40 16 80 -1 0 0 0 1 0 0 0 -1 amortigu.dat
1 383 40 16 40 -1 0 0 0 1 0 0 0 -1 amortigu.dat
1 383 -20 16 40 -1 0 0 0 1 0 0 0 -1 amortigu.dat
1 383 -20 16 20 -1 0 0 0 1 0 0 0 -1 amortigu.dat
1 383 -20 16 -40 -1 0 0 0 1 0 0 0 -1 amortigu.dat
1 383 40 16 20 -1 0 0 0 1 0 0 0 -1 amortigu.dat
1 383 40 16 -20 -1 0 0 0 1 0 0 0 -1 amortigu.dat
1 383 -20 16 -20 -1 0 0 0 1 0 0 0 -1 amortigu.dat
1 383 40 16 -40 -1 0 0 0 1 0 0 0 -1 amortigu.dat
1 383 -20 16 80 -1 0 0 0 1 0 0 0 -1 amortigu.dat
1 4 0 24 -10 -1 0 0 0 1 0 0 0 -1 rueastro.dat
1 4 0 24 50 -1 0 0 0 1 0 0 0 -1 rueastro.dat
1 4 0 24 110 -1 0 0 0 1 0 0 0 -1 rueastro.dat
1 15 -10 16 110 0 0 1 0 1 0 -1 0 0 jacen2x8.dat
1 15 -50 -8 50 0 0 1 0 1 0 -1 0 0 bald2x2r.dat
1 15 -50 -8 110 0 0 1 0 1 0 -1 0 0 bald2x2r.dat
1 15 70 -8 70 0 0 -1 0 1 0 1 0 0 bald2x2r.dat
1 15 70 -8 10 0 0 -1 0 1 0 1 0 0 bald2x2r.dat
1 15 30 -40 -110 1 0 0 0 1 0 0 0 1 bald2x2r.dat
1 15 -50 -40 -110 1 0 0 0 1 0 0 0 1 bald2x2r.dat
1 15 -30 16 -110 1 0 0 0 1 0 0 0 1 jacen2x4.dat
1 0 -10 -8 70 1 0 0 0 1 0 0 0 1 bald2x2.dat
1 0 -10 -32 10 1 0 0 0 1 0 0 0 1 bald2x2.dat
1 15 -50 -8 -90 1 0 0 0 1 0 0 0 1 placa4x6.dat
1 4 10 -8 50 1 0 0 0 1 0 0 0 1 rotorinf.dat
1 4 10 -8 50 1 0 0 0 1 0 0 0 1 platfgir.dat
1 15 -50 -16 -70 1 0 0 0 1 0 0 0 1 jacena6.dat
1 0 -20 -24 50 0 0 -1 0 1 0 1 0 0 ancla1x2.dat
1 0 40 -24 50 0 0 -1 0 1 0 1 0 0 ancla1x2.dat
1 0 30 -32 50 0 0 -1 0 1 0 1 0 0 pinzastr.dat
1 0 30 -32 10 -1 0 0 0 1 0 0 0 -1 jacena2.dat
1 0 30 -56 10 -1 0 0 0 1 0 0 0 -1 jacena2.dat
1 0 30 -88 30 -1 0 0 0 1 0 0 0 -1 jacena2.dat
1 46 10 -40 -110 -1 0 0 0 1 0 0 0 -1 amortigu.dat
1 383 10 -113.935 -38.205 1 0 0 0 0.258819 -0.965926 0 0.965926 0.258819 amortigu.dat
1 4 10 -118.076 -53.66 1 0 0 0 0.258819 -0.965926 0 0.965926 0.258819 laser.dat
1 15 -10 -16 -70 -1 0 0 0 1 0 0 0 -1 pico.dat
1 0 30 -88 30 -1 0 0 0 1 0 0 0 -1 pico.dat
1 4 30 -24 30 -1 0 0 0 1 0 0 0 -1 placa2x2.dat
1 4 -10 -88.405 -20.199 1 0 0 0 0.258819 -0.965926 0 0.965926 0.258819 placa2x2.dat
1 4 -10 -92.546 -35.654 1 0 0 0 0.258819 -0.965926 0 0.965926 0.258819 placa2x2.dat
1 4 10 -109.794 -22.75 0 0 -1 -0.965926 0.258819 0 0.258819 0.965926 0 popa6p.dat
1 4 10 -109.794 -22.75 0 0 1 0.965926 0.258819 0 -0.258819 0.965926 0 popa6p.dat
1 4 10 -96 -10 -1 0 0 0 1 0 0 0 -1 bispqaba.dat
1 4 10 -95.994 -9.884 -1 0 0 0 0.258819 0.965926 0 0.965926 -0.258819 bispqarr.dat
1 15 70 -16 -70 -1 0 0 0 1 0 0 0 -1 pico.dat
1 4 -10 -24 90 0 0 1 0 1 0 -1 0 0 placa2x3.dat
1 4 -10 -80 50 0 0 1 0 1 0 -1 0 0 placa2x3.dat
1 15 10 32 -90 1 0 0 0 1 0 0 0 1 cirrevor.dat
1 0 10 32 -90 -1 0 0 0 1 0 0 0 -1 cirrevoc.dat
1 14 20 -4.76 65.442 1 0 0 0 0.965926 0.258819 0 -0.258819 0.965926 astcuerp.dat
1 14 10 -55 66 1 0 0 0 0 1 0 -1 0 astpiern.dat
0
