0 Untitled
0 Name: Astro_0552_nave_interceptora.ldr
0 Author: MLCad
0 Unofficial Model
0 ROTATION CENTER 0 0 0 1 "Custom" 
0 ROTATION CONFIG 0 0
1 1 0 64 -180 -1 0 0 0 1 0 0 0 -1 jacena8.dat
1 1 0 64 -80 -1 0 0 0 1 0 0 0 -1 jacena8.dat
1 1 0 64 -200 -1 0 0 0 1 0 0 0 -1 intgalax.dat
1 1 -160 64 -80 1 0 0 0 1 0 0 0 1 intgalax.dat
1 15 60 64 -80 0 0 1 0 1 0 -1 0 0 jacena6.dat
1 15 40 64 -100 -1 0 0 0 1 0 0 0 -1 rallado2.dat
1 15 0 64 -180 1 0 0 0 1 0 0 0 1 rallado2.dat
1 15 0 32 -180 1 0 0 0 1 0 0 0 1 bald2x2.dat
1 15 0 32 -140 1 0 0 0 1 0 0 0 1 bald2x2.dat
1 15 80 32 -180 0 0 -1 0 1 0 1 0 0 bald2x2r.dat
1 15 80 32 -140 0 0 -1 0 1 0 1 0 0 bald2x2r.dat
1 15 60 104 -140 0 0 -1 0 1 0 1 0 0 cirrevol.dat
1 0 60 96 -110 -1 0 0 0 1 0 0 0 -1 jacena2.dat
1 4 10 96 -140 -1 0 0 0 1 0 0 0 -1 cilindro.dat
1 4 -10 96 -140 -1 0 0 0 1 0 0 0 -1 cilindro.dat
1 0 60 96 -90 -1 0 0 0 1 0 0 0 -1 jacena4.dat
1 0 60 96 -170 -1 0 0 0 1 0 0 0 -1 jacena4.dat
1 0 60 104 -150 -1 0 0 0 1 0 0 0 -1 placa2x2.dat
1 0 60 104 -90 -1 0 0 0 1 0 0 0 -1 placa2x2.dat
1 0 20 104 -90 -1 0 0 0 1 0 0 0 -1 placa2.dat
1 0 20 104 -170 -1 0 0 0 1 0 0 0 -1 placa2.dat
1 0 80 112 -90 -1 0 0 0 1 0 0 0 -1 placa2x8.dat
1 0 80 112 -150 -1 0 0 0 1 0 0 0 -1 placa2x8.dat
1 1 30 72 -222 1 0 0 0 0 1 0 -1 0 enganch2.dat
1 1 50 72 -61 -1 0 0 0 0 1 0 1 0 enganch2.dat
1 1 30 72 -61 0 -1 0 1 0 0 0 0 1 enganch2.dat
1 14 6 82 -51 0 -1 0 1 0 0 0 0 1 cilindro.dat
1 14 -18 82 -51 0 -1 0 1 0 0 0 0 1 cilindro.dat
1 14 54 82 -51 0 -1 0 1 0 0 0 0 1 cilindro.dat
1 46 123 82 -51 0 -1 0 1 0 0 0 0 1 amortigu.dat
1 14 78 82 -51 0 -1 0 1 0 0 0 0 1 ejeastr2.dat
0 MLCAD BTG laser
1 1 30 92 -222 0 -1 0 -1 0 0 0 0 -1 enganch2.dat
0 MLCAD BTG laser
1 14 6 82 -232 0 -1 0 -1 0 0 0 0 -1 cilindro.dat
0 MLCAD BTG laser
1 14 -18 82 -232 0 -1 0 -1 0 0 0 0 -1 cilindro.dat
0 MLCAD BTG laser
1 14 54 82 -232 0 -1 0 -1 0 0 0 0 -1 cilindro.dat
0 MLCAD BTG laser
1 46 123 82 -232 0 -1 0 -1 0 0 0 0 -1 amortigu.dat
0 MLCAD BTG laser
1 14 78 82 -232 0 -1 0 -1 0 0 0 0 -1 ejeastr2.dat
0 GROUP 6 laser
1 0 60 96 -150 -1 0 0 0 1 0 0 0 -1 jacena2.dat
1 15 -20 40 -80 0 0 1 0 1 0 -1 0 0 placa4x6.dat
1 1 -20 72 -60 0 0 1 0 1 0 -1 0 0 placa4x8.dat
1 1 -140 40 -220 0 0 -1 0 1 0 1 0 0 placa2x8.dat
1 0 -180 32 -80 1 0 0 0 1 0 0 0 1 sillastr.dat
1 0 -140 32 -200 -1 0 0 0 1 0 0 0 -1 sillastr.dat
1 0 -180 40 -130 0 -1 0 0 0 1 -1 0 0 enganch2.dat
1 4 -155 50 -140 0 -1 0 0 0 1 -1 0 0 cilindro.dat
1 4 -131 50 -140 0 -1 0 0 0 1 -1 0 0 cilindro.dat
1 4 -107 50 -140 0 -1 0 0 0 1 -1 0 0 cilindro.dat
1 4 -83 50 -140 0 -1 0 0 0 1 -1 0 0 cilindro.dat
1 4 -59 50 -140 0 -1 0 0 0 1 -1 0 0 cilindro.dat
1 4 -35 50 -140 0 -1 0 0 0 1 -1 0 0 cilindro.dat
1 4 -211 50 -140 0 -1 0 0 0 1 -1 0 0 cilindro.dat
1 4 -211 50 -120 0 -1 0 0 0 1 -1 0 0 cilindro.dat
1 4 -211 50 -160 0 -1 0 0 0 1 -1 0 0 cilindro.dat
1 4 -211 70 -140 0 -1 0 0 0 1 -1 0 0 cilindro.dat
1 4 -211 70 -120 0 -1 0 0 0 1 -1 0 0 cilindro.dat
1 4 -211 70 -160 0 -1 0 0 0 1 -1 0 0 cilindro.dat
1 0 -187 40 -110 0 -1 0 0 0 1 -1 0 0 placa2x3.dat
0 MLCAD BTG izquierdo
1 15 62 112 -100 -0.173648 -0.984808 0 0 0 1 -0.984808 0.173648 0 enganch2.dat
1 1 -70 112 -108 1 0 0 0 0 1 0 -1 0 enganch2.dat
1 1 -10 112 -108 1 0 0 0 0 1 0 -1 0 enganch2.dat
1 1 -30 153.408 15.049 1 0 0 0 0.422618 -0.906308 0 0.906308 0.422618 paracq21.dat
1 1 -30 152.386 -294.052 -1 0 0 0 0.422618 -0.906308 0 -0.906308 -0.422618 paracq21.dat
1 15 181.518 174.977 -119.687 0 0.906308 0.422618 0 0.422618 -0.906308 -1 0 0 placa2.dat
1 1 -50 112 -172 -1 0 0 0 0 1 0 1 0 enganch2.dat
1 1 10 112 -172 -1 0 0 0 0 1 0 1 0 enganch2.dat
1 15 0 122 -200 0 0 1 1 0 0 0 1 0 antincv.dat
1 15 -60 122 -200 0 0 1 1 0 0 0 1 0 antincv.dat
1 15 -60 122 -80 0 0 -1 1 0 0 0 -1 0 antincv.dat
1 15 0 122 -80 0 0 -1 1 0 0 0 -1 0 antincv.dat
0 MLCAD BTG izquierdo
1 15 88.823 122 -114.883 0 -0.984808 0.173648 1 0 0 0 0.173648 0.984808 antincv.dat
0 GROUP 2 izquierdo
0 MLCAD BTG derecho
1 15 89.747 122 -164.754 0 -0.984808 -0.173648 1 0 0 0 -0.173648 0.984808 antincv.dat
0 MLCAD BTG derecho
1 15 59.451 112 -159.942 0.173648 -0.984808 0 0 0 1 -0.984808 -0.173648 0 enganch2.dat
0 GROUP 2 derecho
0
