0 Sin_nombre
0 Name: Astro0552_basealertagalactica.ldr
0 Author: jasolo
0 Unofficial Model
0 ROTATION CENTER 0 0 0 1 "Custom" 
0 ROTATION CONFIG 0 0
1 0 0 0 -180 0 0 -1 0 1 0 1 0 0 placa6x8.dat
1 0 120 0 -180 0 0 -1 0 1 0 1 0 0 placa6x8.dat
1 0 0 0 -20 0 0 -1 0 1 0 1 0 0 placa6x8.dat
1 0 120 0 -20 0 0 -1 0 1 0 1 0 0 placa6x8.dat
1 4 -120 0 -100 0 0 -1 0 1 0 1 0 0 placa4x8.dat
1 4 200 0 -100 0 0 -1 0 1 0 1 0 0 placa4x8.dat
1 15 -40 -8 0 -1 0 0 0 1 0 0 0 -1 placa2x8.dat
1 15 200 -8 0 -1 0 0 0 1 0 0 0 -1 placa2x8.dat
1 15 -40 -8 40 0 0 1 0 1 0 -1 0 0 placa4x6.dat
1 15 -20 -16 0 0 0 1 0 1 0 -1 0 0 jacen2x2.dat
1 0 0 -40 -20 0 0 1 0 1 0 -1 0 0 popa4p.dat
1 0 0 -40 -20 0 0 -1 0 1 0 1 0 0 popa4p.dat
1 15 -20 -48 0 0 0 1 0 1 0 -1 0 0 jacen2x2.dat
1 0 0 -72 -20 0 0 1 0 1 0 -1 0 0 popa4p.dat
1 0 0 -72 -20 0 0 -1 0 1 0 1 0 0 popa4p.dat
1 15 -20 -80 0 0 0 1 0 1 0 -1 0 0 jacen2x2.dat
1 0 0 -104 -20 0 0 1 0 1 0 -1 0 0 popa4p.dat
1 0 0 -104 -20 0 0 -1 0 1 0 1 0 0 popa4p.dat
1 15 -20 -112 0 0 0 1 0 1 0 -1 0 0 jacen2x2.dat
1 0 0 -136 -20 0 0 1 0 1 0 -1 0 0 popa4p.dat
1 0 0 -136 -20 0 0 -1 0 1 0 1 0 0 popa4p.dat
1 15 -20 -144 0 0 0 1 0 1 0 -1 0 0 jacen2x2.dat
1 15 -20 -176 0 0 0 1 0 1 0 -1 0 0 jacen2x2.dat
1 0 0 -168 -20 0 0 1 0 1 0 -1 0 0 popa4p.dat
1 0 0 -168 -20 0 0 -1 0 1 0 1 0 0 popa4p.dat
1 0 60 -200 20 -1 0 0 0 1 0 0 0 -1 placa4x6.dat
1 15 0 -208 -20 -1 0 0 0 1 0 0 0 -1 cirrevol.dat
1 15 0 -208 -20 1 0 0 0 1 0 0 0 1 cirrevol.dat
1 0 -20 -280 -40 1 0 0 0 1 0 0 0 1 jacen2x2.dat
1 0 0 -304 -20 1 0 0 0 1 0 0 0 1 rotorinf.dat
1 0 0 -304 -20 0.866025 0 0.5 0 1 0 -0.5 0 0.866025 rotorsup.dat
1 0 -180 -16 -20 1 0 0 0 1 0 0 0 1 rotorinf.dat
1 0 -180 -16 -20 1 0 0 0 1 0 0 0 1 rotorsup.dat
1 15 -10 -320 -37.32 0.866025 0 0.5 0 1 0 -0.5 0 0.866025 placa2x3.dat
1 15 -61.961 -320 -7.32 0.866025 0 0.5 0 1 0 -0.5 0 0.866025 placa2x3.dat
1 0 -38.301 -328 13.66 0.866025 0 0.5 0 1 0 -0.5 0 0.866025 amortigu.dat
1 0 48.301 -328 -36.34 0.866025 0 0.5 0 1 0 -0.5 0 0.866025 amortigu.dat
1 100663296 -10 -328 -37.32 0.866025 0 0.5 0 1 0 -0.5 0 0.866025 semicupp.dat
1 15 48.301 -352 -36.34 0.258819 0 0.965926 0 1 0 -0.965926 0 0.258819 panelast.dat
1 15 -172.929 -32 -51.213 0.707107 0 -0.707107 0 1 0 0.707107 0 0.707107 jacen2x4.dat
1 0 -180 -56 -86.569 0.707107 0 -0.707107 0 1 0 0.707107 0 0.707107 placa4x6.dat
1 100663296 -180 -56 -30 -0.707107 0 -0.707107 0 1 0 0.707107 0 -0.707107 semicupg.dat
1 15 -180 -56 -30 0.707107 0 0.707107 0 1 0 -0.707107 0 0.707107 semicupg.dat
1 15 -109.289 -56 -1.716 0.707107 0 -0.707107 0 1 0 0.707107 0 0.707107 antnincl.dat
1 15 -151.716 -56 40.711 0.707107 0 -0.707107 0 1 0 0.707107 0 0.707107 antnincl.dat
1 15 -187.778 -55 -9.494 -0.707107 0.707107 0 0 0 1 0.707107 0.707107 0 enganche.dat
1 14 -208.991 -45 11.719 -0.707107 0.707107 0 0 0 1 0.707107 0.707107 0 cilindro.dat
1 14 -192.021 -45 28.69 -0.707107 0.707107 0 0 0 1 0.707107 0.707107 0 cilindro.dat
1 14 -175.05 -45 45.66 -0.707107 0.707107 0 0 0 1 0.707107 0.707107 0 cilindro.dat
1 14 -138.281 -45 -58.991 -0.707107 0.707107 0 0 0 1 0.707107 0.707107 0 cilindro.dat
1 14 -121.31 -45 -42.021 -0.707107 0.707107 0 0 0 1 0.707107 0.707107 0 cilindro.dat
1 14 -104.34 -45 -25.05 -0.707107 0.707107 0 0 0 1 0.707107 0.707107 0 cilindro.dat
1 15 -145.352 -55 -51.92 -0.707107 0.707107 0 0 0 1 0.707107 0.707107 0 enganche.dat
1 14 -172.222 -45 -92.933 -0.707107 0.707107 0 0 0 1 0.707107 0.707107 0 ejeastr2.dat
1 14 -204.042 -45 -124.752 -0.707107 0.707107 0 0 0 1 0.707107 0.707107 0 amortigu.dat
1 14 -242.933 -45 -22.222 -0.707107 0.707107 0 0 0 1 0.707107 0.707107 0 ejeastr2.dat
1 14 -274.752 -45 -54.042 -0.707107 0.707107 0 0 0 1 0.707107 0.707107 0 amortigu.dat
1 15 -148.18 -35 -83.033 -0.707107 0.707107 0 0 0 1 0.707107 0.707107 0 jacena6.dat
1 0 180 -16 -20 1 0 0 0 1 0 0 0 1 rotorinf.dat
1 0 181 -16 -17 0 0 -1 0 1 0 1 0 0 rotorsup.dat
1 15 201 -32 3 -1 0 0 0 1 0 0 0 -1 jacen2x4.dat
1 0 231 -56 23 -1 0 0 0 1 0 0 0 -1 placa4x6.dat
1 100663296 191 -56 -17 0 0 1 0 1 0 -1 0 0 semicupg.dat
1 15 191 -56 -17 0 0 -1 0 1 0 1 0 0 semicupg.dat
1 15 121 -56 13 -1 0 0 0 1 0 0 0 -1 antnincl.dat
1 15 121 -56 -47 -1 0 0 0 1 0 0 0 -1 antnincl.dat
1 14 230 -45 33 0 -1 0 0 0 1 -1 0 0 ejeastr2.dat
1 14 275 -45 33 0 -1 0 0 0 1 -1 0 0 amortigu.dat
1 14 230 -45 -67 0 -1 0 0 0 1 -1 0 0 ejeastr2.dat
1 14 275 -45 -67 0 -1 0 0 0 1 -1 0 0 amortigu.dat
1 14 134 -45 33 0 -1 0 0 0 1 -1 0 0 cilindro.dat
1 14 182 -45 -67 0 -1 0 0 0 1 -1 0 0 cilindro.dat
1 14 158 -45 -67 0 -1 0 0 0 1 -1 0 0 cilindro.dat
1 14 134 -45 -67 0 -1 0 0 0 1 -1 0 0 cilindro.dat
1 14 182 -45 33 0 -1 0 0 0 1 -1 0 0 cilindro.dat
1 14 158 -45 33 0 -1 0 0 0 1 -1 0 0 cilindro.dat
1 15 240 -35 -45 -1 0 0 0 0 1 0 1 0 jacena6.dat
0
