0 Explorador detector
0 Name: Astro0552_exploradordetector.ldr
0 Author: cpcbegin
0 Tente astro: Los vehiculos de las galaxias
0 ROTATION CENTER 0 0 0 1 "Custom" 
0 ROTATION CONFIG 0 0
1 0 30 0 -50 0 0 -1 0 1 0 1 0 0 placa2x8.dat
1 4 0 8 -10 -1 0 0 0 1 0 0 0 -1 rueastro.dat
1 4 0 8 110 -1 0 0 0 1 0 0 0 -1 rueastro.dat
1 4 0 8 50 -1 0 0 0 1 0 0 0 -1 rueastro.dat
1 0 -30 -8 150 0 0 1 0 1 0 -1 0 0 placa4x8.dat
1 0 -50 -16 150 0 0 1 0 1 0 -1 0 0 placa6x8.dat
1 15 -50 -24 150 0 0 1 0 1 0 -1 0 0 jacena8.dat
1 15 50 -24 150 0 0 1 0 1 0 -1 0 0 jacena8.dat
1 15 -30 -48 150 0 0 1 0 1 0 -1 0 0 rallado2.dat
1 0 10 -24 130 -1 0 0 0 1 0 0 0 -1 rallado2.dat
1 0 50 -24 130 -1 0 0 0 1 0 0 0 -1 rallado2.dat
1 0 10 -48 130 -1 0 0 0 1 0 0 0 -1 rallado2.dat
1 0 50 -48 130 -1 0 0 0 1 0 0 0 -1 rallado2.dat
1 15 50 -48 110 0 0 -1 0 1 0 1 0 0 rallado2.dat
1 15 50 -24 10 -1 0 0 0 1 0 0 0 -1 jacena4.dat
1 15 50 -48 10 -1 0 0 0 1 0 0 0 -1 jacena4.dat
1 0 70 -48 110 0 0 1 0 1 0 -1 0 0 jacena6.dat
1 0 -30 -48 110 0 0 1 0 1 0 -1 0 0 jacena6.dat
1 0 -10 -72 150 0 0 1 0 1 0 -1 0 0 placa2x8.dat
1 15 -50 -72 30 0 0 1 0 1 0 -1 0 0 bald2x2r.dat
1 15 -50 -72 70 0 0 1 0 1 0 -1 0 0 bald2x2r.dat
1 15 -50 -72 110 0 0 1 0 1 0 -1 0 0 bald2x2r.dat
1 15 -50 -72 150 0 0 1 0 1 0 -1 0 0 bald2x2r.dat
1 15 70 -72 110 0 0 -1 0 1 0 1 0 0 bald2x2r.dat
1 15 70 -72 70 0 0 -1 0 1 0 1 0 0 bald2x2r.dat
1 15 70 -72 30 0 0 -1 0 1 0 1 0 0 bald2x2r.dat
1 15 70 -72 -10 0 0 -1 0 1 0 1 0 0 bald2x2r.dat
1 15 -10 -80 -30 1 0 0 0 1 0 0 0 1 bald2x2r.dat
1 15 20 -6 -54 -1 0 0 0 0 1 0 1 0 enganche.dat
1 15 30 -6 -78 -1 0 0 0 0 1 0 1 0 placa2.dat
1 15 10 -8 -10 1 0 0 0 1 0 0 0 1 cirrevor.dat
1 0 10 -8 -10 -1 0 0 0 1 0 0 0 -1 cirrevoc.dat
1 40 10 -80 70 -1 0 0 0 1 0 0 0 -1 semicupp.dat
1 40 10 -80 70 1 0 0 0 1 0 0 0 1 semicupp.dat
1 15 0 -88 140 1 0 0 0 1 0 0 0 1 panelast.dat
1 0 -30 -80 -30 1 0 0 0 1 0 0 0 1 enganche.dat
1 0 30 -80 -30 1 0 0 0 1 0 0 0 1 enganche.dat
1 0 40 -90 -30 1 0 0 0 0 -1 0 1 0 amortigu.dat
1 0 -20 -90 -30 1 0 0 0 0 -1 0 1 0 amortigu.dat
1 15 20 3 -89 1 0 0 0 -0.5 -0.866025 0 0.866025 -0.5 antnincl.dat
1 15 -1 3 -89 -1 0 0 0 -0.5 0.866025 0 0.866025 0.5 antnincl.dat
1 4 -48.652 54.332 -182.405 0.866025 -0.433013 -0.25 0.433013 0.399519 0.808013 -0.25 -0.808013 0.533493 cilindro.dat
1 4 70.463 54.519 -184.932 0.649519 0.483253 -0.587019 0.433013 0.399519 0.808013 0.625 -0.779006 0.0502403 cilindro.dat
0
