0 Unidad teledetectora
0 Name: Astro_0657_unidadteledetectora.ldr
0 Author: cpcbegin
0 Tente astro
0 ROTATION CENTER 0 0 0 1 "Custom" 
0 ROTATION CONFIG 0 0
1 383 40 16 100 -1 0 0 0 1 0 0 0 -1 amortigu.dat
1 383 -20 16 100 -1 0 0 0 1 0 0 0 -1 amortigu.dat
1 383 40 16 80 -1 0 0 0 1 0 0 0 -1 amortigu.dat
1 383 40 16 40 -1 0 0 0 1 0 0 0 -1 amortigu.dat
1 383 -20 16 40 -1 0 0 0 1 0 0 0 -1 amortigu.dat
1 383 -20 16 20 -1 0 0 0 1 0 0 0 -1 amortigu.dat
1 383 40 16 20 -1 0 0 0 1 0 0 0 -1 amortigu.dat
1 383 -20 16 80 -1 0 0 0 1 0 0 0 -1 amortigu.dat
1 4 0 24 -10 -1 0 0 0 1 0 0 0 -1 rueastro.dat
1 4 0 24 50 -1 0 0 0 1 0 0 0 -1 rueastro.dat
1 4 0 24 110 -1 0 0 0 1 0 0 0 -1 rueastro.dat
1 15 -10 16 110 0 0 1 0 1 0 -1 0 0 jacen2x8.dat
1 15 -50 -8 50 0 0 1 0 1 0 -1 0 0 bald2x2r.dat
1 15 -50 -8 110 0 0 1 0 1 0 -1 0 0 bald2x2r.dat
1 15 70 -8 70 0 0 -1 0 1 0 1 0 0 bald2x2r.dat
1 15 70 -8 10 0 0 -1 0 1 0 1 0 0 bald2x2r.dat
1 15 30 -40 -90 1 0 0 0 1 0 0 0 1 bald2x2r.dat
1 15 -50 -40 -90 1 0 0 0 1 0 0 0 1 bald2x2r.dat
1 15 -30 16 -90 1 0 0 0 1 0 0 0 1 jacen2x4.dat
1 0 -10 -8 70 1 0 0 0 1 0 0 0 1 bald2x2.dat
1 0 -10 -32 30 1 0 0 0 1 0 0 0 1 bald2x2.dat
1 15 -50 -8 -70 1 0 0 0 1 0 0 0 1 placa4x6.dat
1 4 10 -8 50 1 0 0 0 1 0 0 0 1 rotorinf.dat
1 4 10 -8 50 1 0 0 0 1 0 0 0 1 platfgir.dat
1 15 -50 -16 -50 1 0 0 0 1 0 0 0 1 jacena6.dat
1 0 -20 -24 50 0 0 -1 0 1 0 1 0 0 ancla1x2.dat
1 0 40 -24 50 0 0 -1 0 1 0 1 0 0 ancla1x2.dat
1 0 30 -32 70 0 0 -1 0 1 0 1 0 0 pinzastr.dat
1 0 30 -24 30 -1 0 0 0 1 0 0 0 -1 jacena2.dat
1 0 30 -48 30 -1 0 0 0 1 0 0 0 -1 jacena2.dat
1 0 30 -80 50 -1 0 0 0 1 0 0 0 -1 jacena2.dat
1 46 10 -40 -90 -1 0 0 0 1 0 0 0 -1 amortigu.dat
1 383 10 -103.994 -17.596 1 0 0 0 0.5 -0.866026 0 0.866026 0.5 amortigu.dat
1 4 10 -111.994 -31.453 1 0 0 0 0.5 -0.866026 0 0.866026 0.5 laser.dat
1 15 -10 -16 -50 -1 0 0 0 1 0 0 0 -1 pico.dat
1 0 30 -80 50 -1 0 0 0 1 0 0 0 -1 pico.dat
1 4 30 -24 50 -1 0 0 0 1 0 0 0 -1 placa2.dat
1 4 -10 -74.673 -6.811 1 0 0 0 0.5 -0.866026 0 0.866026 0.5 placa2x2.dat
1 4 -10 -82.673 -20.669 1 0 0 0 0.5 -0.866026 0 0.866026 0.5 placa2x2.dat
1 4 10 -95.994 -3.74 0 0 -1 -0.866026 0.5 0 0.5 0.866026 0 popa6p.dat
1 4 10 -95.994 -3.74 0 0 1 0.866026 0.5 0 -0.5 0.866026 0 popa6p.dat
1 4 10 -88 10 -1 0 0 0 1 0 0 0 -1 bispqaba.dat
1 4 10 -87.994 10.116 -1 0 0 0 0.5 0.866026 0 0.866026 -0.5 bispqarr.dat
1 15 70 -16 -50 -1 0 0 0 1 0 0 0 -1 pico.dat
1 4 -10 -24 110 0 0 1 0 1 0 -1 0 0 placa2x3.dat
1 4 -10 -72 70 0 0 1 0 1 0 -1 0 0 placa2x3.dat
1 15 10 32 -70 1 0 0 0 1 0 0 0 1 cirrevor.dat
1 0 10 32 -70 -1 0 0 0 1 0 0 0 -1 cirrevoc.dat
1 0 9.929 -92 5.4 0.642788 0 0.766045 0 1 0 -0.766045 0 0.642788 tbcb1_8.dat
1 15 10 -48 85 1 0 0 0 0 1 0 -1 0 astpierv.dat
1 15 10 -48 85 1 0 0 0 0.965926 0.258819 0 -0.258819 0.965926 astcuerv.dat
0
