0 Untitled
0 Name: 401_helicoptero.ldr
0 Author: jasolo & abeldb
0 Unofficial Model
0 ROTATION CENTER 0 0 0 1 "Custom" 
0 ROTATION CONFIG 0 0
1 15 -20 -24 80 0 0 1 0 1 0 -1 0 0 placa2x8.dat
1 15 -69.282 -144 32.679 0.866025 0 0.5 0 1 0 -0.5 0 0.866025 placa2x8.dat
1 4 -190.526 -152 102.679 0.866025 0 0.5 0 1 0 -0.5 0 0.866025 placa2x8.dat
1 4 51.962 -152 -37.32 0.866025 0 0.5 0 1 0 -0.5 0 0.866025 placa2x8.dat
1 4 40 0 100 -1 0 0 0 1 0 0 0 -1 jacen2x4.dat
1 4 40 0 -60 -1 0 0 0 1 0 0 0 -1 jacen2x4.dat
1 4 -200 -168 30 -1 0 0 0 1 0 0 0 -1 jacena2.dat
1 14 40 -96 20 -1 0 0 0 1 0 0 0 -1 jacen2x4.dat
1 14 10 -120 10 -0.5 0 0.866025 0 1 0 -0.866025 0 -0.5 cilindro.dat
1 15 40 -32 -40 0 0 -1 0 1 0 1 0 0 jacen2x4.dat
1 15 0 -32 -40 0 0 -1 0 1 0 1 0 0 jacen2x4.dat
1 15 -200 -144 -30 0 0 -1 0 1 0 1 0 0 jacen2x3.dat
1 15 -40 -40 -40 0 0 -1 0 1 0 1 0 0 jacen2x4.dat
1 15 0 -64 -40 0 0 -1 0 1 0 1 0 0 jacena2.dat
1 15 0 -64 0 0 0 -1 0 1 0 1 0 0 jacena2.dat
1 15 -60 -64 -40 0 0 -1 0 1 0 1 0 0 jacena2.dat
1 15 -60 -64 0 0 0 -1 0 1 0 1 0 0 jacena2.dat
1 15 60 -64 -40 0 0 -1 0 1 0 1 0 0 jacena2.dat
1 15 60 -64 0 0 0 -1 0 1 0 1 0 0 jacena2.dat
1 15 -179.035 -120 -12.351 -0.997564 0 -0.0697565 0 1 0 0.0697565 0 -0.997564 jacena2.dat
1 15 -180.43 -120 32.302 -0.997564 0 0.0697565 0 1 0 -0.0697565 0 -0.997564 jacena2.dat
1 1 -20 -64 -40 0 0 -1 0 1 0 1 0 0 jacen2x4.dat
1 1 100 -64 -40 0 0 -1 0 1 0 1 0 0 jacen2x4.dat
1 1 40 -64 -40 0 0 -1 0 1 0 1 0 0 jacen2x4.dat
1 15 120 -32 -40 0 0 -1 0 1 0 1 0 0 jacen2x4.dat
1 15 80 -32 -40 0 0 -1 0 1 0 1 0 0 jacen2x4.dat
1 15 120 -56 40 -1 0 0 0 1 0 0 0 -1 placa4x8.dat
1 15 80 -88 40 -1 0 0 0 1 0 0 0 -1 placa4x8.dat
1 15 -60.722 -96 40.674 -0.997564 0 0.0697565 0 1 0 -0.0697565 0 -0.997564 jacena8.dat
1 15 -59.326 -96 -20.722 -0.997564 0 -0.0697565 0 1 0 0.0697565 0 -0.997564 jacena8.dat
0
