0 Untitled
0 Name: 404-Gallinero.ldr
0 Author: jasolo & abeldb
0 Unofficial Model
0 WRITE Gallina
0 ROTATION CENTER 0 0 0 1 "Custom" 
0 ROTATION CONFIG 0 0
1 1 10 8 -50 0 0 -1 0 1 0 1 0 0 jacen2x4.dat
1 1 10 32 -10 0 0 -1 0 1 0 1 0 0 jacen2x4.dat
1 1 -30 32 -10 0 0 -1 0 1 0 1 0 0 jacen2x4.dat
1 1 -30 56 -10 0 0 -1 0 1 0 1 0 0 jacen2x4.dat
1 1 -70 32 10 0 0 -1 0 1 0 1 0 0 jacen2x2.dat
1 1 -130 32 10 0 0 -1 0 1 0 1 0 0 jacen2x2.dat
1 15 10 56 -10 0 0 -1 0 1 0 1 0 0 jacen2x4.dat
1 15 50 56 -50 0 0 -1 0 1 0 1 0 0 jacen2x4.dat
1 15 30 80 -10 0 0 -1 0 1 0 1 0 0 jacen2x4.dat
1 15 10 104 -10 0 0 -1 0 1 0 1 0 0 jacen2x4.dat
1 15 -90 80 -10 0 0 -1 0 1 0 1 0 0 jacen2x4.dat
1 15 -90 80 -10 1 0 0 0 1 0 0 0 1 jacen2x4.dat
1 15 -150 56 10 1 0 0 0 1 0 0 0 1 jacen2x4.dat
1 15 -110 104 -10 1 0 0 0 1 0 0 0 1 jacen2x4.dat
1 15 -110 104 30 1 0 0 0 1 0 0 0 1 jacen2x4.dat
1 15 -90 80 30 1 0 0 0 1 0 0 0 1 jacen2x4.dat
1 0 -10 128 0 0.707107 0 0.707107 0 1 0 -0.707107 0 0.707107 cilindro.dat
1 0 -10 128 60 0.707107 0 -0.707107 0 1 0 0.707107 0 0.707107 cilindro.dat
1 15 50 56 30 0 0 -1 0 1 0 1 0 0 jacen2x4.dat
1 15 50 32 -10 0 0 -1 0 1 0 1 0 0 jacen2x4.dat
1 15 50 8 10 0 0 -1 0 1 0 1 0 0 jacen2x2.dat
1 15 50 -16 10 0 0 -1 0 1 0 1 0 0 jacen2x2.dat
1 15 30 -64 10 0 0 -1 0 1 0 1 0 0 jacen2x2.dat
1 15 -10 -88 10 1 0 0 0 1 0 0 0 1 jacen2x4.dat
1 1 10 8 30 0 0 -1 0 1 0 1 0 0 jacen2x4.dat
1 1 -70 32 70 1 0 0 0 1 0 0 0 1 jacen2x4.dat
1 14 10 -40 10 1 0 0 0 1 0 0 0 1 jacen2x4.dat
1 14 -38.285 152 -14.142 0.707107 0 0.707107 0 1 0 -0.707107 0 0.707107 jacen2x2.dat
1 14 -10 152 45.858 0.707107 0 -0.707107 0 1 0 0.707107 0 0.707107 jacen2x2.dat
1 4 70 -16 30 1 0 0 0 1 0 0 0 1 jacena1.dat
1 4 20 -136 20 1 0 0 0 1 0 0 0 1 jacena1.dat
1 4 50 -112 30 1 0 0 0 1 0 0 0 1 jacena2.dat
1 4 -30 -112 10 1 0 0 0 1 0 0 0 1 jacena2.dat
1 4 30 -112 50 0 0 1 0 1 0 -1 0 0 jacena2.dat
1 4 10 -112 30 0 0 1 0 1 0 -1 0 0 jacena2.dat
1 14 30 -64 10 1 0 0 0 1 0 0 0 1 jacen2x4.dat
1 1 -110 56 70 1 0 0 0 1 0 0 0 1 jacen2x4.dat
1 1 -110 56 -50 1 0 0 0 1 0 0 0 1 jacen2x4.dat
1 1 -70 32 -50 1 0 0 0 1 0 0 0 1 jacen2x4.dat
0 WRITE comedero
1 15 230 152 30 0 0 -1 0 1 0 1 0 0 placa4x8.dat
1 15 230 152 -130 0 0 -1 0 1 0 1 0 0 placa4x8.dat
1 15 170 144 10 1 0 0 0 1 0 0 0 1 jacena2.dat
1 15 150 144 -130 1 0 0 0 1 0 0 0 1 jacena2.dat
1 14 170 110 -70 1 0 0 0 -1 0 0 0 -1 jacen2x2.dat
1 14 170 110 70 0 0 1 0 -1 0 1 0 0 jacen2x4.dat
1 15 190 144 -130 1 0 0 0 1 0 0 0 1 jacena2.dat
1 15 150 144 170 1 0 0 0 1 0 0 0 1 jacena2.dat
1 15 190 144 170 1 0 0 0 1 0 0 0 1 jacena2.dat
1 47 150 120 10 1 0 0 0 1 0 0 0 1 jacena2.dat
1 47 190 120 10 1 0 0 0 1 0 0 0 1 jacena2.dat
1 15 150 144 50 0 0 1 0 1 0 -1 0 0 jacena8.dat
1 15 210 144 50 0 0 1 0 1 0 -1 0 0 jacena8.dat
1 15 230 144 170 0 0 1 0 1 0 -1 0 0 jacena6.dat
1 15 170 144 170 0 0 1 0 1 0 -1 0 0 jacena6.dat
0 WRITE Pollo1
1 15 79.858 152 -208.285 0 0 1 0 1 0 -1 0 0 jacen2x2.dat
1 15 89.858 104 -195.857 -0.707107 0 0.707107 0 1 0 -0.707107 0 -0.707107 jacen2x4.dat
1 15 118.142 80 -195.858 -0.707107 0 0.707107 0 1 0 -0.707107 0 -0.707107 jacen2x4.dat
1 15 61.572 80 -139.288 -0.707107 0 0.707107 0 1 0 -0.707107 0 -0.707107 jacen2x4.dat
1 15 104 80 -153.431 -0.707107 0 0.707107 0 1 0 -0.707107 0 -0.707107 jacen2x4.dat
1 15 118.143 56 -195.858 -0.707107 0 -0.707107 0 1 0 0.707107 0 -0.707107 jacena2.dat
1 1 33.29 80 -224.142 -0.707107 0 0.707107 0 1 0 -0.707107 0 -0.707107 jacen2x2.dat
1 4 118.143 56 -139.289 -0.707107 0 0.707107 0 1 0 -0.707107 0 -0.707107 jacen2x2.dat
1 15 104 32 -153.431 -0.707107 0 0.707107 0 1 0 -0.707107 0 -0.707107 jacen2x2.dat
1 15 61.573 104 -167.573 -0.707107 0 0.707107 0 1 0 -0.707107 0 -0.707107 jacen2x4.dat
1 15 89.859 128 -238.285 0 0 1 0 1 0 -1 0 0 cilindro.dat
1 15 47.432 128 -195.858 -1 0 0 0 1 0 0 0 -1 cilindro.dat
1 15 77.431 152 -165.857 -1 0 0 0 1 0 0 0 -1 jacen2x2.dat
0 WRITE Pollo2
1 14 82.285 152 255.858 -1 0 0 0 1 0 0 0 -1 jacen2x2.dat
1 15 94.711 104 245.857 -0.707107 0 -0.707107 0 1 0 0.707107 0 -0.707107 jacen2x4.dat
1 15 80.568 80 231.715 -0.707107 0 -0.707107 0 1 0 0.707107 0 -0.707107 jacen2x3.dat
1 15 137.137 80 288.284 -0.707107 0 -0.707107 0 1 0 0.707107 0 -0.707107 jacen2x3.dat
1 15 137.137 80 231.715 -0.707107 0 -0.707107 0 1 0 0.707107 0 -0.707107 jacen2x4.dat
1 15 94.711 56 217.573 0.707107 0 -0.707107 0 1 0 0.707107 0 0.707107 jacena2.dat
1 1 66.427 80 302.425 -0.707107 0 -0.707107 0 1 0 0.707107 0 -0.707107 jacen2x2.dat
1 4 151.28 56 217.574 -0.707107 0 -0.707107 0 1 0 0.707107 0 -0.707107 jacen2x2.dat
1 15 137.137 32 231.715 -0.707107 0 -0.707107 0 1 0 0.707107 0 -0.707107 jacen2x2.dat
1 15 122.995 104 274.142 -0.707107 0 -0.707107 0 1 0 0.707107 0 -0.707107 jacen2x4.dat
1 0 52.285 128 245.858 -1 0 0 0 1 0 0 0 -1 cilindro.dat
1 0 94.711 128 288.284 0 0 -1 0 1 0 1 0 0 cilindro.dat
1 14 124.711 152 258.284 0 0 -1 0 1 0 1 0 0 jacen2x2.dat
0 WRITE Pollo3
1 0 338.285 152 15.858 0.707107 0 -0.707107 0 1 0 0.707107 0 0.707107 jacen2x2.dat
1 15 322.427 104 14.143 1 0 0 0 1 0 0 0 1 jacen2x4.dat
1 15 322.427 80 34.143 1 0 0 0 1 0 0 0 1 jacen2x3.dat
1 15 322.427 80 -45.857 1 0 0 0 1 0 0 0 1 jacen2x3.dat
1 15 282.427 80 -5.857 1 0 0 0 1 0 0 0 1 jacen2x4.dat
1 15 302.427 56 34.143 0 0 1 0 1 0 -1 0 0 jacena2.dat
1 0 382.427 80 -5.857 1 0 0 0 1 0 0 0 1 jacen2x2.dat
1 4 262.427 56 -5.857 1 0 0 0 1 0 0 0 1 jacen2x2.dat
1 15 282.427 32 -5.857 1 0 0 0 1 0 0 0 1 jacen2x2.dat
1 15 322.427 104 -25.857 1 0 0 0 1 0 0 0 1 jacen2x4.dat
1 15 352.427 128 44.143 0.707107 0 -0.707107 0 1 0 0.707107 0 0.707107 cilindro.dat
1 15 352.427 128 -15.857 0.707107 0 0.707107 0 1 0 -0.707107 0 0.707107 cilindro.dat
1 0 310.001 152 -15.857 0.707107 0 0.707107 0 1 0 -0.707107 0 0.707107 jacen2x2.dat
0
