0 Sin_nombre
0 Name: Combi_0302_trnspAnfibio.ldr
0 Author: jasolo
0 Unofficial Model
0 ROTATION CENTER 0 -40.1612 67.8336 1 "barcas" 
0 ROTATION CONFIG 0 1
1 4 0 0 -90 1 0 0 0 1 0 0 0 1 proa4p.dat
1 4 40 0 -90 0 0 -1 0 1 0 1 0 0 placa4x6.dat
1 4 0 0 30 -1 0 0 0 1 0 0 0 -1 popa4p.dat
1 7 0 -8 -70 1 0 0 0 1 0 0 0 1 proa4.dat
1 7 0 -8 10 1 0 0 0 1 0 0 0 1 popa4.dat
1 2 0 -32 50 -1 0 0 0 1 0 0 0 -1 popa4p.dat
1 2 0 -32 50 -1 0 0 0 1 0 0 0 -1 placa2x2.dat
1 2 0 -32 -70 -1 0 0 0 1 0 0 0 -1 placa2x2.dat
1 2 40 -32 50 -1 0 0 0 1 0 0 0 -1 placa2x2.dat
1 2 40 -32 -70 -1 0 0 0 1 0 0 0 -1 placa2x2.dat
0 STEP
1 7 0 -32 -110 1 0 0 0 1 0 0 0 1 proa4rmt.dat
1 15 0 -32 -110 1 0 0 0 1 0 0 0 1 pocean.dat
1 7 -30 -64 30 1 0 0 0 1 0 0 0 1 placa2x3.dat
1 7 0 -40 -100 1 0 0 0 1 0 0 0 1 ancla1x2.dat
1 7 -40 -8 10 0 0 1 0 1 0 -1 0 0 placa2x2.dat
1 7 0 -8 10 0 0 1 0 1 0 -1 0 0 placa2x2.dat
1 7 -40 -8 -30 0 0 1 0 1 0 -1 0 0 placa2x2.dat
1 7 0 -8 -30 0 0 1 0 1 0 -1 0 0 placa2x2.dat
1 7 8 -64 -105 0.707107 0 0.707107 0 1 0 -0.707107 0 0.707107 antincv.dat
1 7 -6.142 -64 -105 -0.707107 0 0.707107 0 1 0 -0.707107 0 -0.707107 antincv.dat
1 7 -6.142 -64 -94.858 -0.707107 0 -0.707107 0 1 0 0.707107 0 -0.707107 antincv.dat
1 7 8 -64 -94.858 0.707107 0 -0.707107 0 1 0 0.707107 0 0.707107 antincv.dat
0 STEP
1 4 -20 -40 -110 0 0 1 0 1 0 -1 0 0 baldc2x2.dat
1 7 0 -64 -100 1 0 0 0 1 0 0 0 1 antncruz.dat
1 7 0 -72 40 1 0 0 0 1 0 0 0 1 antncruz.dat
1 7 0 -72 60 1 0 0 0 1 0 0 0 1 tubo.dat
1 0 0 -96 60 1 0 0 0 1 0 0 0 1 tubo.dat
1 7 -20 -40 10 1 0 0 0 1 0 0 0 1 venta2bi.dat
1 7 20 -40 30 0 0 -1 0 1 0 1 0 0 venta2bi.dat
1 7 -20 -40 70 0 0 1 0 1 0 -1 0 0 venta2bi.dat
1 7 -20 -64 10 1 0 0 0 1 0 0 0 1 venta2bu.dat
0 STEP
1 14 -30 -42 40 0 0 1 0 1 0 -1 0 0 barca.dat
1 14 30 -42 40 0 0 1 0 1 0 -1 0 0 barca.dat
1 4 0 -40 80 0 0 -1 0 1 0 1 0 0 bandera.dat
1 4 -40 -16 -30 0 0 -1 0 1 0 1 0 0 landes.dat
1 4 40 -16 -30 0 0 1 0 1 0 -1 0 0 landes.dat
1 0 30 -40 -100 0.707107 0 -0.707107 0 1 0 0.707107 0 0.707107 canonpeq.dat
1 0 -26.569 -40 -100 0.707107 0 0.707107 0 1 0 -0.707107 0 0.707107 canonpeq.dat
1 0 -20 -72 40 -0.707107 0 0.707107 0 1 0 -0.707107 0 -0.707107 canonpeq.dat
1 0 20 -72 40 -0.707107 0 -0.707107 0 1 0 0.707107 0 -0.707107 canonpeq.dat
1 2 0 -40 -160 1 0 0 0 1 0 0 0 1 pastilla.dat
0
