0 Untitled
0 Name: Compact_0352_Karpan.ldr
0 Author: Cpcbegin
0 Unofficial Model
0 ROTATION CENTER 0 0 0 1 "Custom" 
0 ROTATION CONFIG 0 0
1 8 -390 141 40 1 0 0 0 1 0 0 0 1 alfamotr.dat
1 8 -210 141 110 1 0 0 0 1 0 0 0 1 alfamotr.dat
1 8 -210 141 -30 1 0 0 0 1 0 0 0 1 alfamotr.dat
1 8 -250 72 30 0 0 -1 0 1 0 1 0 0 alfaplac.dat
1 1 -210 149 10 1 0 0 0 1 0 0 0 1 popa6p.dat
1 1 -210 149 90 -1 0 0 0 1 0 0 0 -1 popa6p.dat
1 1 -330 141 40 0 0 -1 0 1 0 1 0 0 bald2r.dat
1 1 -450 141 60 0 0 1 0 1 0 -1 0 0 bald2r.dat
1 1 -430 149 40 1 0 0 0 1 0 0 0 1 placa4.dat
1 1 -410 112 30 1 0 0 0 1 0 0 0 1 placa2x3.dat
1 1 -230 112 130 0 0 1 0 1 0 -1 0 0 placa2x3.dat
1 1 -230 112 30 0 0 1 0 1 0 -1 0 0 placa2x3.dat
1 1 -350 112 30 1 0 0 0 1 0 0 0 1 placa2x8.dat
1 1 -370 104 30 1 0 0 0 1 0 0 0 1 jacen2x8.dat
1 1 -390 104 30 1 0 0 0 1 0 0 0 1 engbarco.dat
1 1 -370 104 70 -1 0 0 0 1 0 0 0 -1 engbarco.dat
1 1 -390 104 70 0 0 1 0 1 0 -1 0 0 pico.dat
1 1 -230 104 -10 1 0 0 0 1 0 0 0 1 pico.dat
1 1 -190 80 10 1 0 0 0 1 0 0 0 1 alfapico.dat
1 1 -230 80 90 -1 0 0 0 1 0 0 0 -1 alfapico.dat
1 1 -230 72 90 0 0 1 0 1 0 -1 0 0 bald2.dat
1 1 -230 72 30 0 0 1 0 1 0 -1 0 0 bald2.dat
1 1 -170 64 50 0 0 1 0 1 0 -1 0 0 bispqaba.dat
1 1 -210 80 30 1 0 0 0 1 0 0 0 1 placa2x2.dat
1 1 -210 80 70 1 0 0 0 1 0 0 0 1 placa1.dat
1 1 -210 80 10 1 0 0 0 1 0 0 0 1 placa1.dat
1 1 -250 72 30 1 0 0 0 1 0 0 0 1 placa2x3.dat
1 1 -210 80 50 -1 0 0 0 1 0 0 0 -1 alaastro.dat
1 1 -320 71.99 68 0 -1 0 0 0 1 -1 0 0 p_galdev.dat
1 1 -190 104 110 -1 0 0 0 1 0 0 0 -1 pico.dat
1 1 -210 104 -10 0 0 -1 0 1 0 1 0 0 jacena6.dat
1 1 -210 104 70 0 0 -1 0 1 0 1 0 0 jacena2.dat
1 1 -210 104 -10 0 0 -1 0 1 0 1 0 0 jacena2.dat
1 4 -379.964 94.134 30 0.5 0 0.866025 0.866025 0 -0.5 0 1 0 helala.dat
1 4 -379.964 94.134 70 -0.5 0 0.866025 -0.866025 0 -0.5 0 -1 0 helala.dat
1 8 -250 64 70 0 0 1 0 1 0 -1 0 0 helmando.dat
1 8 -250 64 70 0 0 1 0 1 0 -1 0 0 airsillo.dat
0 MLCAD BTG piloto
1 14 -269 23 50 0 -1 0 0 0 1 -1 0 0 htitbrzi.dat
0 MLCAD BTG piloto
1 25 -200 88 50 0 0 1 0 1 0 -1 0 0 htitcab1.dat
0 MLCAD BTG piloto
1 14 -202 88 50 0 0 1 0 1 0 -1 0 0 htittron.dat
0 MLCAD BTG piloto
1 14 -269 23 50 0 -1 0 0 0 1 -1 0 0 htitbrzd.dat
0 MLCAD BTG piloto
1 14 -269 23 50 0 -1 0 0 0 1 -1 0 0 htitmand.dat
0 MLCAD BTG piloto
1 14 -268 23 50 0 -1 0 0 0 1 -1 0 0 htitmani.dat
0 MLCAD BTG piloto
1 14 -238 50 50 0 -1 0 0 0 1 -1 0 0 htitpies.dat
0 GROUP 7 piloto
0 MLCAD BTG bateria
1 1 -169.9 64.652 50 0 -0.5 0.866026 0 0.866026 0.5 -1 0 0 bispqarr.dat
0 MLCAD BTG bateria
1 15 -183.22 47.722 30 0.866026 -0.5 0 0.5 0.866026 0 0 0 1 enganche.dat
0 MLCAD BTG bateria
1 15 -165.899 57.722 70 -0.866026 -0.5 0 -0.5 0.866026 0 0 0 -1 enganche.dat
0 MLCAD BTG bateria
1 15 -171.22 26.938 70 0 -0.5 0.866026 0 0.866026 0.5 -1 0 0 rejilla.dat
0 MLCAD BTG bateria
1 15 -183.22 47.722 30 0.866026 0 0.5 0.5 0 -0.866026 0 1 0 pistola.dat
0 MLCAD BTG bateria
1 15 -173.892 41.56 16 0 0.866026 0.5 0 0.5 -0.866026 -1 0 0 laser.dat
0 MLCAD BTG bateria
1 15 -173.892 41.56 84 0 0.866026 0.5 0 0.5 -0.866026 -1 0 0 laser.dat
0 MLCAD BTG bateria
1 15 -143.579 59.062 16 0.5 -0.866026 0 -0.866026 -0.5 0 0 0 -1 chimenea.dat
0 MLCAD BTG bateria
1 7 -174.364 64.381 16 0.5 -0.866026 0 -0.866026 -0.5 0 0 0 -1 amortigu.dat
0 MLCAD BTG bateria
1 7 -174.364 64.381 84 0.5 -0.866026 0 -0.866026 -0.5 0 0 0 -1 amortigu.dat
0 MLCAD BTG bateria
1 15 -143.579 59.062 84 0.5 -0.866026 0 -0.866026 -0.5 0 0 0 -1 chimenea.dat
0 MLCAD BTG bateria
1 15 -173.22 30.402 70 0.866026 0 -0.5 0.5 0 0.866026 0 -1 0 pistola.dat
0 GROUP 12 bateria
0
