0 Name: Compact 0342 Krang
0 Author: jasolo
1 14 -80 0 -20 1 0 0 0 1 0 0 0 1 placa2x8.dat
1 14 80 -8 -20 0 0 1 0 1 0 -1 0 0 ejecadpq.dat
1 14 -40 -8 -20 0 0 1 0 1 0 -1 0 0 ejecadpq.dat
1 0 -40 -8 -20 0 0 1 0 1 0 -1 0 0 llantqab.dat
1 0 80 -8 -20 0 0 1 0 1 0 -1 0 0 llantqab.dat
1 0 40 -8 20 0 0 -1 0 1 0 1 0 0 llantqab.dat
1 0 -80 -8 20 0 0 -1 0 1 0 1 0 0 llantqab.dat
0 STEP
1 14 -80 -32 -20 1 0 0 0 1 0 0 0 1 placa2x8.dat
1 14 -60 -48 0 0 0 1 0 1 0 -1 0 0 bisnraba.dat
1 14 -60 -48 0 0 0 1 0 1 0 -1 0 0 bisnreje.dat
1 14 -60 -48 0 0 0.5 0.866 0 0.866 -0.5 -1 0 0 bisnrarr.dat
1 14 -64 -54.928 20 0 0.5 0.866 0 0.866 -0.5 -1 0 0 jacena2.dat
1 0 -38.019 -69.928 10 0 0.5 0.866 0 0.866 -0.5 -1 0 0 cilindro.dat
0 STEP
1 0 -38.019 -69.928 -10 0 0.5 0.866 0 0.866 -0.5 -1 0 0 cilindro.dat
1 14 -80 -82.641 0 0 0.5 0.866 0 0.866 -0.5 -1 0 0 bisnraba.dat
1 14 -80 -82.641 0 0 0.5 0.866 0 0.866 -0.5 -1 0 0 bisnreje.dat
1 14 -74.377 -82.572 0 0 0.966 0.259 0 0.259 -0.966 -1 0 0 bisnrarr.dat
1 0 -74.34 -113.621 10 0 0.966 0.259 0 0.259 -0.966 -1 0 0 tubo.dat
1 14 -76.928 -103.962 20 0 0.966 0.259 0 0.259 -0.966 -1 0 0 pico.dat
1 14 0 -40 60 0 0 1 0 1 0 -1 0 0 placa4x6.dat
1 14 60 -48 60 -1 0 0 0 1 0 0 0 -1 jacen2x3.dat
1 14 60 -48 60 0 0 1 0 1 0 -1 0 0 cuna.dat
0 STEP
1 0 -74.34 -113.621 -10 0 0.966 0.259 0 0.259 -0.966 -1 0 0 tubo.dat
1 14 -118.116 -135.703 20 0 -0.966 -0.259 0 -0.259 0.966 -1 0 0 jacena2.dat
1 14 -141.298 -141.915 20 0 -0.966 -0.259 0 -0.259 0.966 -1 0 0 enganche.dat
1 14 -146.475 -122.596 -20 0 -0.966 0.259 0 -0.259 -0.966 1 0 0 enganche.dat
1 14 40 -72 60 -1 0 0 0 1 0 0 0 -1 placa2x2.dat
1 14 80 -48 20 -1 0 0 0 1 0 0 0 -1 jacena4.dat
1 14 60 -48 -20 1 0 0 0 1 0 0 0 1 pistola.dat
1 14 60 -48 -40 1 0 0 0 1 0 0 0 1 pistola.dat
1 8 10 -48 -10 1 0 0 0 1 0 0 0 1 amortigu.dat
1 8 10 -48 -30 1 0 0 0 1 0 0 0 1 amortigu.dat
0 STEP
1 14 80 -48 -40 -1 0 0 0 1 0 0 0 -1 jacena4.dat
1 8 40 -72 60 0 0 1 0 1 0 -1 0 0 airsillo.dat
1 0 100 -62 -10 0 -1 0 0 0 1 -1 0 0 tubo.dat
1 14 80 -72 0 0 0 -1 0 1 0 1 0 0 enganche.dat
1 14 40 -72 20 -1 0 0 0 1 0 0 0 -1 bald2x2.dat
1 14 60 -72 20 -1 0 0 0 1 0 0 0 -1 bald2.dat
1 14 -139.228 -149.642 0 0 -0.259 -0.966 0 0.966 -0.259 1 0 0 bispqaba.dat
1 14 -148.545 -114.869 0 0 0.259 -0.966 0 -0.966 -0.259 -1 0 0 bispqaba.dat
1 14 -139.228 -149.642 0 0 1 0 0 0 1 1 0 0 bispqarr.dat
1 14 -148.545 -114.869 0 0 0.866 0.5 0 0.5 -0.866 -1 0 0 bispqarr.dat
0 STEP
1 0 100 -62 -30 0 -1 0 0 0 1 -1 0 0 tubo.dat
1 4 -155.474 -118.869 20 0 0.866 0.5 0 0.5 -0.866 -1 0 0 pico.dat
1 4 -147.228 -149.642 -20 0 1 0 0 0 1 1 0 0 pico.dat
1 14 70 -96 10 0 0 -1 0 1 0 1 0 0 laser.dat
1 14 80 -82 10 0 -1 0 1 0 0 0 0 1 amortigu.dat
1 8 40 -72 60 0 0 1 0 1 0 -1 0 0 helmando.dat
1 40 30 -80 40 0 0 -1 0 1 0 1 0 0 semicupp.dat
1 256 0 -16 20 0 0 1 0 1 0 -1 0 0 cadcombi.dat
1 256 0 -16 110 0 0 1 0 1 0 -1 0 0 cadcombi.dat
0 STEP
1 4 50 -86 40 0 -1 0 0 0 1 -1 0 0 htitpies.dat
1 4 87 -49 40 0 0 1 0 1 0 -1 0 0 htittron.dat
1 4 20 -114 40 0 -1 0 0 0 1 -1 0 0 htitbrzi.dat
1 4 20 -114 40 0 -1 0 0 0 1 -1 0 0 htitbrzd.dat
1 4 20 -114 40 0 -1 0 0 0 1 -1 0 0 htitmani.dat
1 4 20 -114 40 0 -1 0 0 0 1 -1 0 0 htitmand.dat
