0 Untitled
0 Name: Compact_0353_Condor.ldr
0 Author: MLCad
0 Unofficial Model
0 ROTATION CENTER 0 0 0 1 "Custom" 
0 ROTATION CONFIG 0 0
0 MLCAD BTG pilotaje
1 8 -290 -8 0 0 0 1 0 1 0 -1 0 0 airsillo.dat
1 8 -190 32 40 1 0 0 0 1 0 0 0 1 alfamotr.dat
1 8 -130 32 40 0 0 -1 0 1 0 1 0 0 bald2r.dat
1 8 -250 32 60 0 0 1 0 1 0 -1 0 0 bald2r.dat
1 8 -230 40 40 1 0 0 0 1 0 0 0 1 placa4.dat
1 8 -190 32 -100 1 0 0 0 1 0 0 0 1 alfamotr.dat
1 8 -130 32 -100 0 0 -1 0 1 0 1 0 0 bald2r.dat
1 8 -250 32 -80 0 0 1 0 1 0 -1 0 0 bald2r.dat
1 8 -230 40 -100 1 0 0 0 1 0 0 0 1 placa4.dat
1 8 -210 0 -100 1 0 0 0 1 0 0 0 1 baldgord.dat
1 8 -210 -8 -40 1 0 0 0 1 0 0 0 1 pico.dat
1 8 -170 -8 0 -1 0 0 0 1 0 0 0 -1 pico.dat
1 1 -170 -32 -20 0 0 1 0 1 0 -1 0 0 pistola.dat
1 1 -230 -32 -20 0 0 1 0 1 0 -1 0 0 pistola.dat
1 1 -210 -32 -20 0 0 -1 0 1 0 1 0 0 pistola.dat
1 1 -150 -32 -20 0 0 -1 0 1 0 1 0 0 pistola.dat
1 15 -150 -24 -40 0 0 -1 0 1 0 1 0 0 pico.dat
1 15 -330 -8 0 0 0 1 0 1 0 -1 0 0 pico.dat
1 15 -290 -32 -40 0 0 -1 0 1 0 1 0 0 alfaplac.dat
1 8 -170 0 60 -1 0 0 0 1 0 0 0 -1 baldgord.dat
1 8 -170 0 20 -1 0 0 0 1 0 0 0 -1 placa2.dat
1 8 -170 0 -40 -1 0 0 0 1 0 0 0 -1 placa2.dat
1 8 -210 8 60 0 0 1 0 1 0 -1 0 0 placa2x8.dat
1 15 -350 0 -40 1 0 0 0 1 0 0 0 1 placa2x8.dat
1 15 -320 0 -50 1 0 0 0 1 0 0 0 1 chimenea.dat
1 15 -350 0 -20 0 0 -1 0 1 0 1 0 0 paracq21.dat
1 15 -320 0 10 1 0 0 0 1 0 0 0 1 chimenea.dat
1 4 -320 24 10 1 0 0 0 1 0 0 0 1 cilindro.dat
1 4 -320 24 -50 1 0 0 0 1 0 0 0 1 cilindro.dat
1 15 -190 0 -40 1 0 0 0 1 0 0 0 1 placa2x3.dat
1 15 -230 -8 -40 1 0 0 0 1 0 0 0 1 jacen2x4.dat
1 15 -210 -32 -40 1 0 0 0 1 0 0 0 1 jacen2x2.dat
1 15 -210 -56 -40 1 0 0 0 1 0 0 0 1 bald2.dat
1 15 -170 -64 -20 0 0 1 0 1 0 -1 0 0 bispqaba.dat
0 MLCAD BTG canonazo
1 15 -141.515 -91.798 -59.999 0 0.707107 -0.707107 0 0.707107 0.707107 1 0 0 placa4.dat
0 MLCAD BTG canonazo
1 4 -131.615 -67.756 -30 0 0.707107 -0.707107 0 0.707107 0.707107 1 0 0 cilindro.dat
0 MLCAD BTG canonazo
1 4 -131.616 -67.757 -10 0 0.707107 -0.707107 0 0.707107 0.707107 1 0 0 cilindro.dat
0 MLCAD BTG canonazo
1 15 -169.798 -63.514 -19.999 0 0.707107 -0.707107 0 0.707107 0.707107 1 0 0 bispqarr.dat
0 MLCAD BTG canonazo
1 4 -178.283 -100.283 -20 0 0.707107 -0.707107 0 0.707107 0.707107 1 0 0 amortigu.dat
0 MLCAD BTG canonazo
1 4 -154.242 -90.384 -50 -0.707107 0.707107 0 0.707107 0.707107 0 0 0 -1 piquito.dat
0 MLCAD BTG canonazo
1 4 -154.242 -90.384 10 -0.707107 0.707107 0 0.707107 0.707107 0 0 0 -1 piquito.dat
0 MLCAD BTG canonazo
1 4 -157.777 -100.992 -20 0 0.707107 -0.707107 0 0.707107 0.707107 1 0 0 antnradr.dat
0 MLCAD BTG canonazo
1 4 -161.313 -83.313 -20 -0.707107 0 0.707107 0.707107 0 0.707107 0 1 0 conotanq.dat
0 GROUP 9 canonazo
1 15 -330 -8 -40 1 0 0 0 1 0 0 0 1 jacen2x2.dat
1 15 -190 -56 -60 0 0 -1 -1 0 0 0 1 0 alaafpeq.dat
1 15 -190 -56 20 0 0 1 -1 0 0 0 -1 0 alaafpeq.dat
1 36 -130 -8 0 0 0 -1 0 1 0 1 0 0 alfaturb.dat
0 MLCAD BTG pilotaje
1 8 -290 -8 0 0 0 1 0 1 0 -1 0 0 helmando.dat
0 MLCAD BTG pilotaje
1 4 -248 16 -20 0 0 1 0 1 0 -1 0 0 htitcab1.dat
0 MLCAD BTG pilotaje
1 14 -249 16 -20 0 0 1 0 1 0 -1 0 0 htittron.dat
0 MLCAD BTG pilotaje
1 14 -316 -49 -20 0 -1 0 0 0 1 -1 0 0 htitbrzd.dat
0 MLCAD BTG pilotaje
1 14 -316 -49 -20 0 -1 0 0 0 1 -1 0 0 htitbrzi.dat
0 MLCAD BTG pilotaje
1 14 -316 -49 -20 0 -1 0 0 0 1 -1 0 0 htitmand.dat
0 MLCAD BTG pilotaje
1 14 -315 -49 -20 0 -1 0 0 0 1 -1 0 0 htitmani.dat
0 MLCAD BTG pilotaje
1 14 -285 -22 -20 0 -1 0 0 0 1 -1 0 0 htitpies.dat
0 GROUP 9 pilotaje
0
