0 Untitled
0 Name: 353_karpan.ldr
0 Author: MLCad
0 Unofficial Model
0 ROTATION CENTER 0 0 0 1 "Custom" 
0 ROTATION CONFIG 0 0
1 1 0 8 510 1 0 0 0 1 0 0 0 1 placa2x3.dat
1 1 100 8 510 1 0 0 0 1 0 0 0 1 placa2x3.dat
1 1 100 8 330 0 0 -1 0 1 0 1 0 0 placa2x3.dat
1 1 100 8 390 0 0 -1 0 1 0 1 0 0 placa2x8.dat
1 1 100 0 370 0 0 -1 0 1 0 1 0 0 jacen2x8.dat
1 1 60 0 350 1 0 0 0 1 0 0 0 1 pico.dat
1 1 140 0 510 0 0 -1 0 1 0 1 0 0 pico.dat
1 1 20 0 550 0 0 1 0 1 0 -1 0 0 pico.dat
1 1 140 0 530 -1 0 0 0 1 0 0 0 -1 jacena6.dat
1 1 60 0 530 -1 0 0 0 1 0 0 0 -1 jacena2.dat
1 1 140 0 530 -1 0 0 0 1 0 0 0 -1 jacena2.dat
1 1 60 0 370 0 0 1 0 1 0 -1 0 0 enganch2.dat
0 MLCAD BTG fasers
1 15 100 -64.928 556.68 0 0 -1 0.5 0.866025 0 0.866025 -0.5 0 enganch2.dat
0 MLCAD BTG fasers
1 15 60 -82.249 566.68 0 1 0 0.5 0 0.866025 0.866025 0 -0.5 pistola.dat
0 MLCAD BTG fasers
1 15 46 -55.32 597.321 0 0 1 -0.866025 -0.5 0 0.5 -0.866025 0 chimenea.dat
0 MLCAD BTG fasers
1 7 46 -51 564.804 0 0 1 -0.866025 -0.5 0 0.5 -0.866025 0 amortigu.dat
0 MLCAD BTG fasers
1 15 114 -55.32 597.321 0 0 1 -0.866025 -0.5 0 0.5 -0.866025 0 chimenea.dat
0 MLCAD BTG fasers
1 7 114 -51 564.804 0 0 1 -0.866025 -0.5 0 0.5 -0.866025 0 amortigu.dat
0 MLCAD BTG fasers
1 15 114 -71.954 566.51 0 0 -1 -0.866025 0.5 0 0.5 0.866025 0 laser.dat
0 MLCAD BTG fasers
1 15 44 -71.954 566.51 0 0 -1 -0.866025 0.5 0 0.5 0.866025 0 laser.dat
0 MLCAD BTG fasers
1 15 100 -64.928 556.68 0 -1 0 0.5 0 -0.866025 0.866025 0 0.5 pistola.dat
0 MLCAD BTG fasers
1 15 60 -54.928 574.001 0 0 1 -0.5 0.866025 0 -0.866025 -0.5 0 enganch2.dat
0 MLCAD BTG fasers
1 15 60 -85.712 568.68 1 0 0 0 0.866025 0.5 0 -0.5 0.866025 rejilla.dat
1 1 100 0 350 0 0 -1 0 1 0 1 0 0 enganch2.dat
1 7 60 -32 490 1 0 0 0 1 0 0 0 1 airsillo.dat
1 7 160 32 530 0 0 -1 0 1 0 1 0 0 alfamotr.dat
1 7 20 32 530 0 0 -1 0 1 0 1 0 0 alfamotr.dat
1 7 90 32 350 0 0 -1 0 1 0 1 0 0 alfamotr.dat
1 1 90 40 310 0 0 -1 0 1 0 1 0 0 placa4.dat
1 1 90 32 410 -1 0 0 0 1 0 0 0 -1 bald2r.dat
1 1 70 32 290 1 0 0 0 1 0 0 0 1 bald2r.dat
1 1 100 -32 510 1 0 0 0 1 0 0 0 1 bald2r.dat
1 1 40 -32 510 1 0 0 0 1 0 0 0 1 bald2r.dat
1 1 40 -24 510 0 0 1 0 1 0 -1 0 0 alfapico.dat
1 1 120 -24 550 0 0 -1 0 1 0 1 0 0 alfapico.dat
1 1 120 40 530 0 0 -1 0 1 0 1 0 0 popa6p.dat
1 1 40 40 530 0 0 1 0 1 0 -1 0 0 popa6p.dat
1 1 80 -24 530 0 0 1 0 1 0 -1 0 0 alaastro.dat
1 1 40 -24 550 0 0 1 0 1 0 -1 0 0 placa1.dat
1 1 100 -24 550 0 0 1 0 1 0 -1 0 0 placa1.dat
1 1 60 -24 570 0 0 1 0 1 0 -1 0 0 placa2x2.dat
1 1 80 -40 570 1 0 0 0 1 0 0 0 1 bispqaba.dat
0 MLCAD BTG fasers
1 1 80 -48 570 1 0 0 0 0.866025 0.5 0 -0.5 0.866025 bispqarr.dat
0 GROUP 12 fasers
1 7 100 -32 490 -1 0 0 0 1 0 0 0 -1 alfaplac.dat
1 7 60 -32 490 1 0 0 0 1 0 0 0 1 helmando.dat
1 4 60 -12 360 0 1 0 -0.866025 0 -0.5 -0.5 0 0.866025 helala.dat
1 4 100 -12 360 0 -1 0 0.866025 0 -0.5 0.5 0 0.866025 helala.dat
0 MLCAD BTG piloto
1 14 80 -45 500 1 0 0 0 0 1 0 -1 0 htitpies.dat
0 MLCAD BTG piloto
1 14 80 -8 535 1 0 0 0 1 0 0 0 1 htittron.dat
0 MLCAD BTG piloto
1 14 80 -74 468 1 0 0 0 0 1 0 -1 0 htitbrzi.dat
0 MLCAD BTG piloto
1 14 80 -74 468 1 0 0 0 0 1 0 -1 0 htitbrzd.dat
0 MLCAD BTG piloto
1 14 81 -74 469 1 0 0 0 0 1 0 -1 0 htitmand.dat
0 MLCAD BTG piloto
1 14 80 -74 469 1 0 0 0 0 1 0 -1 0 htitmani.dat
0 MLCAD BTG piloto
1 4 80 -8 535 1 0 0 0 1 0 0 0 1 htitcab1.dat
0 GROUP 7 piloto
0
