0 Untitled
0 Name: Escorpion_0543_misil_autotransportado.ldr
0 Author: MLCad
0 Unofficial Model
0 ROTATION CENTER 0 0 0 1 "Custom" 
0 ROTATION CONFIG 0 0
1 8 290 16 -40 0 0 -1 0 1 0 1 0 0 jacen2x4.dat
1 8 90 16 0 1 0 0 0 1 0 0 0 1 jacen2x8.dat
1 8 350 -8 80 -1 0 0 0 1 0 0 0 -1 placa4x8.dat
1 8 350 -8 0 -1 0 0 0 1 0 0 0 -1 placa4x8.dat
1 8 190 -8 -80 0 0 -1 0 1 0 1 0 0 placa6x8.dat
1 8 70 -8 80 0 0 1 0 1 0 -1 0 0 tejado8.dat
1 8 290 16 40 0 0 1 0 1 0 -1 0 0 jacena4.dat
1 8 350 8 0 0 0 -1 0 1 0 1 0 0 deposito.dat
1 8 350 8 -40 0 0 -1 0 1 0 1 0 0 deposito.dat
1 8 350 0 -40 0 0 -1 0 1 0 1 0 0 placa2.dat
1 8 350 0 0 0 0 -1 0 1 0 1 0 0 placa2.dat
1 8 150 -16 -20 0 0 -1 0 1 0 1 0 0 placa2.dat
1 8 270 -40 40 0 0 -1 0 1 0 1 0 0 placa2.dat
1 8 230 -16 -20 0 0 -1 0 1 0 1 0 0 placa2.dat
1 8 210 -32 0 0 0 -1 0 1 0 1 0 0 bispqaba.dat
0 MLCAD BTG sosten
1 8 210.859 -30.801 0 0 0.34202 -0.939693 0 0.939693 0.34202 1 0 0 bispqarr.dat
0 MLCAD BTG sosten
1 8 220.256 -34.221 10 0 0.34202 -0.939693 0 0.939693 0.34202 1 0 0 laser.dat
0 MLCAD BTG sosten
1 8 220.256 -34.221 -10 0 0.34202 -0.939693 0 0.939693 0.34202 1 0 0 laser.dat
0 GROUP 3 sosten
1 8 350 -16 -20 -1 0 0 0 1 0 0 0 -1 placa2.dat
1 8 210 -40 -80 0 0 -1 0 1 0 1 0 0 deposito.dat
1 0 200 -48 -50 0 0 1 0 1 0 -1 0 0 antena.dat
1 8 250 -40 -20 1 0 0 0 1 0 0 0 1 deposito.dat
1 8 170 -40 -40 0 0 1 0 1 0 -1 0 0 deposito.dat
1 8 350 -16 20 -1 0 0 0 1 0 0 0 -1 jacen2x4.dat
1 8 250 -16 20 0 0 1 0 1 0 -1 0 0 jacena2.dat
1 8 250 -16 80 0 0 1 0 1 0 -1 0 0 jacena2.dat
1 8 170 -16 -60 1 0 0 0 1 0 0 0 1 jacena2.dat
1 8 170 -16 -60 1 0 0 0 1 0 0 0 1 rallado2.dat
1 8 310 -24 -40 1 0 0 0 1 0 0 0 1 enganch2.dat
1 8 300 -24 -40 0 0 -1 0 1 0 1 0 0 llantrut.dat
1 8 396 -28 -50 -1 0 0 0 1 0 0 0 -1 llantrut.dat
1 8 350 -24 -40 0 0 -1 0 1 0 1 0 0 enganch2.dat
1 8 351 -55 -46 1 0 0 0 0 -1 0 1 0 ejeastr1.dat
1 8 330 -16 -80 0 0 -1 0 1 0 1 0 0 baldc2.dat
1 8 90 -16 -40 0 0 -1 0 1 0 1 0 0 baldc2.dat
1 8 90 -16 20 0 0 -1 0 1 0 1 0 0 baldc2.dat
1 8 130 -16 20 0 0 -1 0 1 0 1 0 0 baldc2.dat
1 8 190 -16 20 0 0 -1 0 1 0 1 0 0 baldc2.dat
1 8 230 -16 20 0 0 -1 0 1 0 1 0 0 baldc2.dat
1 8 270 -16 20 0 0 -1 0 1 0 1 0 0 baldc2.dat
1 8 310 -16 20 0 0 -1 0 1 0 1 0 0 baldc2.dat
1 8 350 -16 20 0 0 -1 0 1 0 1 0 0 baldc2.dat
1 8 90 -16 -80 0 0 -1 0 1 0 1 0 0 baldc2x2.dat
1 8 270 -16 -80 0 0 -1 0 1 0 1 0 0 baldc2x2.dat
1 8 130 -16 -80 0 0 -1 0 1 0 1 0 0 baldc2x2.dat
1 8 90 -16 40 0 0 -1 0 1 0 1 0 0 baldc2x2.dat
1 15 60 -24 70 1 0 0 0 0 -1 0 1 0 205.dat
1 4 57 -24 -34 1 0 0 0 0 -1 0 1 0 trialfa.dat
1 8 150 -16 40 0 0 -1 0 1 0 1 0 0 baldc2x2.dat
1 8 130 -16 -40 0 0 -1 0 1 0 1 0 0 baldc2.dat
1 8 170 -16 -40 0 0 -1 0 1 0 1 0 0 baldc2.dat
1 8 210 -16 -40 0 0 -1 0 1 0 1 0 0 baldc2.dat
1 8 250 -16 -40 0 0 -1 0 1 0 1 0 0 baldc2.dat
1 8 290 -16 -40 0 0 -1 0 1 0 1 0 0 baldc2.dat
1 8 350 -16 -40 -1 0 0 0 1 0 0 0 -1 baldc2.dat
1 8 150 -16 -40 -1 0 0 0 1 0 0 0 -1 baldc2.dat
1 8 110 -16 80 -1 0 0 0 1 0 0 0 -1 baldc2.dat
1 8 330 -16 80 -1 0 0 0 1 0 0 0 -1 baldc2.dat
1 8 290 -16 -40 -1 0 0 0 1 0 0 0 -1 baldc2.dat
1 8 310 -16 -20 -1 0 0 0 1 0 0 0 -1 baldc2.dat
1 8 190 -16 80 0 0 1 0 1 0 -1 0 0 tejado.dat
1 8 270 -16 40 0 0 -1 0 1 0 1 0 0 tejado.dat
1 8 270 -24 40 0 0 -1 0 1 0 1 0 0 pico.dat
1 8 190 -24 80 0 0 1 0 1 0 -1 0 0 pico.dat
1 8 250 -16 20 0 0 1 0 1 0 -1 0 0 pico.dat
1 8 200 -48 60 0 0 1 0 1 0 -1 0 0 pastilla.dat
1 8 330 -48 -30 1 0 0 0 1 0 0 0 1 pastilla.dat
1 8 250 -56 60 0 0 -1 0 1 0 1 0 0 bispqaba.dat
1 8 250 -56 60 0 -0.866025 -0.5 0 0.5 -0.866025 1 0 0 compuert.dat
1 8 350 -24 60 0 0 1 0 1 0 -1 0 0 bispqaba.dat
1 8 350 -48 0 0 0 1 0 1 0 -1 0 0 bispqaba.dat
1 8 250 -16 40 0 0 1 0 1 0 -1 0 0 asiescor.dat
1 8 90 -16 20 0 0 1 0 1 0 -1 0 0 bald2x2.dat
1 8 170 -16 20 0 0 1 0 1 0 -1 0 0 bald2x2.dat
1 8 290 -40 20 0 0 1 0 1 0 -1 0 0 bald2x2.dat
0 MLCAD BTG pepinaco
1 8 77.371 -214.429 -20 0.866025 -0.5 0 0.5 0.866025 0 0 0 1 placa2x8.dat
0 MLCAD BTG pepinaco
1 0 26.088 -285.606 0 0.5 0.866025 0 -0.866025 0.5 0 0 0 1 remtcoht.dat
0 MLCAD BTG pepinaco
1 8 133.331 -191.357 -30 0 -0.5 -0.866025 0 0.866025 -0.5 1 0 0 placa2x3.dat
0 MLCAD BTG pepinaco
1 8 202.614 -151.358 -30 0 -0.5 -0.866025 0 0.866025 -0.5 1 0 0 placa2x3.dat
0 MLCAD BTG pepinaco
1 8 341.178 -71.358 -30 0 -0.5 -0.866025 0 0.866025 -0.5 1 0 0 placa2x3.dat
0 MLCAD BTG pepinaco
1 4 120.011 -208.285 0 0 -0.5 0.866025 0 0.866025 0.5 -1 0 0 cilindab.dat
0 MLCAD BTG pepinaco
1 4 327.858 -88.286 0 0 -0.5 0.866025 0 0.866025 0.5 -1 0 0 cilindab.dat
0 MLCAD BTG pepinaco
1 15 126.01 -218.678 0 0 -0.5 0.866025 0 0.866025 0.5 -1 0 0 cilindar.dat
0 MLCAD BTG pepinaco
1 15 50.729 -248.286 0 0 -0.5 0.866025 0 0.866025 0.5 -1 0 0 cilindab.dat
0 MLCAD BTG pepinaco
1 4 56.73 -258.678 0 0 -0.5 0.866025 0 0.866025 0.5 -1 0 0 cilindar.dat
0 MLCAD BTG pepinaco
1 4 195.294 -178.678 0 0 -0.5 0.866025 0 0.866025 0.5 -1 0 0 cilindar.dat
0 MLCAD BTG pepinaco
1 15 333.858 -98.678 0 0 -0.5 0.866025 0 0.866025 0.5 -1 0 0 cilindar.dat
0 MLCAD BTG pepinaco
1 0 370.767 -86.606 0 0 0.866025 0.5 0 0.5 -0.866025 -1 0 0 toberast.dat
0 MLCAD BTG pepinaco
1 15 189.294 -168.286 0 0 -0.5 0.866025 0 0.866025 0.5 -1 0 0 cilindab.dat
0 MLCAD BTG pepinaco
1 8 215.935 -134.429 -20 0.866025 -0.5 0 0.5 0.866025 0 0 0 1 placa2x8.dat
0 MLCAD BTG pepinaco
1 8 350.5 -47.501 0 0 -0.5 0.866025 0 0.866025 0.5 -1 0 0 bispqarr.dat
0 MLCAD BTG pepinaco
1 8 142.653 -167.501 -20 0.866025 -0.5 0 0.5 0.866025 0 0 0 1 placa2x8.dat
1 8 170 -16 20 -1 0 0 0 1 0 0 0 -1 bald2.dat
1 8 90 -16 -20 0 0 -1 0 1 0 1 0 0 placa2x2.dat
1 7 70 -24 0 0 0 -1 0 1 0 1 0 0 amortigu.dat
1 8 70 -48 0 -1 0 0 0 1 0 0 0 -1 piquito.dat
1 8 130 -16 40 0 0 1 0 1 0 -1 0 0 pistola.dat
1 8 90 16 0 0 0 -1 0 1 0 1 0 0 cuna.dat
1 8 90 16 -40 0 0 -1 0 1 0 1 0 0 cuna.dat
1 8 210 40 40 0 0 -1 0 1 0 1 0 0 ejecaden.dat
1 8 170 40 40 0 0 -1 0 1 0 1 0 0 ejecaden.dat
1 8 130 40 40 0 0 -1 0 1 0 1 0 0 ejecaden.dat
1 8 250 16 40 0 0 -1 0 1 0 1 0 0 ejetnqex.dat
1 8 250 40 40 0 0 -1 0 1 0 1 0 0 llantqab.dat
1 8 210 40 40 0 0 -1 0 1 0 1 0 0 llantqab.dat
1 8 170 40 40 0 0 -1 0 1 0 1 0 0 llantqab.dat
1 8 130 40 40 0 0 -1 0 1 0 1 0 0 llantqab.dat
1 8 90 40 40 0 0 -1 0 1 0 1 0 0 llantqab.dat
1 8 50 26 40 0 0 -1 0 1 0 1 0 0 llantqab.dat
1 8 290 26 40 0 0 -1 0 1 0 1 0 0 llantqab.dat
1 8 130 40 -40 0 0 1 0 1 0 -1 0 0 llantqab.dat
1 8 170 40 -40 0 0 1 0 1 0 -1 0 0 llantqab.dat
1 8 210 40 -40 0 0 1 0 1 0 -1 0 0 llantqab.dat
1 8 250 40 -40 0 0 1 0 1 0 -1 0 0 llantqab.dat
1 8 290 40 -40 0 0 1 0 1 0 -1 0 0 llantqab.dat
1 8 330 26 -40 0 0 1 0 1 0 -1 0 0 llantqab.dat
1 8 90 26 -40 0 0 1 0 1 0 -1 0 0 llantqab.dat
1 8 130 16 -40 0 0 1 0 1 0 -1 0 0 ejetnqex.dat
1 0 130 16 0 0 0 1 0 1 0 -1 0 0 cadlarga.dat
1 0 250 16 0 0 0 -1 0 1 0 1 0 0 cadlarga.dat
0 MLCAD BTG pepinaco
1 15 233.763 -165.308 0 -0.353553 0.866025 -0.353553 0.612372 0.5 0.612372 0.707107 0 -0.707107 alercoh2.dat
0 GROUP 18 pepinaco
0
