0 Untitled
0 Name: Mar_0602_Barco_Faro.ldr
0 Author: jasolo
0 Unofficial Model
0 ROTATION CENTER 0 0 0 1 "Custom" 
0 ROTATION CONFIG 0 0
1 14 55 -96 6.25 0 0 -1 0 1 0 1 0 0 antncruz.dat
1 14 170 -77 -10 0.866025 0 0.5 0 1 0 -0.5 0 0.866025 antincv.dat
1 14 170 -77 10 0.866025 0 -0.5 0 1 0 0.5 0 0.866025 antincv.dat
1 15 50 -72 0 0 0 -1 0 1 0 1 0 0 ancl1x2.dat
1 4 -40 -8 0 0 0 1 0 1 0 -1 0 0 proa4.dat
1 4 160 -8 0 0 0 1 0 1 0 -1 0 0 popa4.dat
1 4 -60 -32 0 0 0 1 0 1 0 -1 0 0 proa4.dat
1 4 -60 -40 20 0 0 1 0 1 0 -1 0 0 jacen2x2.dat
1 4 -40 -8 20 1 0 0 0 1 0 0 0 1 jacena8.dat
1 4 -40 -8 -40 1 0 0 0 1 0 0 0 1 jacena8.dat
1 4 160 -8 -40 0 0 -1 0 1 0 1 0 0 jacen2x4.dat
1 15 100 -40 20 -1 0 0 0 1 0 0 0 -1 jacen2x4.dat
1 15 100 -40 -20 1 0 0 0 1 0 0 0 1 venta4ci.dat
1 15 180 -40 20 -1 0 0 0 1 0 0 0 -1 venta4ci.dat
1 15 80 -40 40 -1 0 0 0 1 0 0 0 -1 venta2cu.dat
1 15 40 -40 -40 1 0 0 0 1 0 0 0 1 venta2cu.dat
1 15 20 -72 20 0 0 1 0 1 0 -1 0 0 venta2cu.dat
1 15 -62 -72 0 0.5 0 0.866025 0 1 0 -0.866025 0 0.5 helicop1.dat
1 15 10 -96 20 0 0 1 0 1 0 -1 0 0 bald2x2r.dat
1 4 90 -72 0 1 0 0 0 1 0 0 0 1 cilindro.dat
1 15 90 -96 0 1 0 0 0 1 0 0 0 1 cilindro.dat
1 4 90 -120 0 1 0 0 0 1 0 0 0 1 cilindro.dat
1 4 82.5 -168 20 0 -1 0 1 0 0 0 0 1 llanrutt.dat
1 15 90 -144 0 0.707107 0 -0.707107 0 1 0 0.707107 0 0.707107 cilindro.dat
1 0 -60 -56 0 0 0 -1 0 1 0 1 0 0 placa2x2.dat
1 0 -60 -56 -40 0 0 -1 0 1 0 1 0 0 placa2x2.dat
1 15 80 -64 -40 0 0 -1 0 1 0 1 0 0 placa2x2.dat
1 4 118.285 -187 0.001 -0.707107 0 -0.707107 0 1 0 0.707107 0 -0.707107 placa2x2.dat
1 4 118.285 -219 0.001 -0.707107 0 -0.707107 0 1 0 0.707107 0 -0.707107 bald2x2.dat
1 46 90 -195 -14.142 -0.707107 0 -0.707107 0 1 0 0.707107 0 -0.707107 amortigu.dat
1 46 75.858 -195 0 -0.707107 0 -0.707107 0 1 0 0.707107 0 -0.707107 amortigu.dat
1 46 90 -195 14.142 -0.707107 0 -0.707107 0 1 0 0.707107 0 -0.707107 amortigu.dat
1 46 104.142 -195 0 -0.707107 0 -0.707107 0 1 0 0.707107 0 -0.707107 amortigu.dat
1 15 80 -64 0 0 0 -1 0 1 0 1 0 0 placa2x2.dat
1 15 120 -64 -30 0 0 -1 0 1 0 1 0 0 placa2x3.dat
1 15 160 -64 -30 0 0 -1 0 1 0 1 0 0 placa2x3.dat
1 4 150 -72 0 -1 0 0 0 1 0 0 0 -1 chimtubo.dat
1 14 150 -96 0 -1 0 0 0 1 0 0 0 -1 chimplac.dat
1 0 130 -104 0 -1 0 0 0 1 0 0 0 -1 chimenea.dat
1 0 200 -32 0 0 0 -1 0 1 0 1 0 0 placa2.dat
1 0 200 -32 -40 0 0 -1 0 1 0 1 0 0 placa2.dat
1 0 -60 0 -40 1 0 0 0 1 0 0 0 1 placa4x6.dat
1 0 -60 0 0 0 0 1 0 1 0 -1 0 0 proa4p.dat
1 0 60 0 -40 1 0 0 0 1 0 0 0 1 placa4x6.dat
1 0 -60 -32 -40 1 0 0 0 1 0 0 0 1 placa4x6.dat
1 0 60 -32 -40 1 0 0 0 1 0 0 0 1 placa4x6.dat
1 0 180 0 0 0 0 -1 0 1 0 1 0 0 popa4p.dat
1 0 200 -32 0 0 0 -1 0 1 0 1 0 0 popa4p.dat
1 15 40 -64 0 0 0 1 0 1 0 -1 0 0 popa4p.dat
1 15 160 -64 0 0 0 -1 0 1 0 1 0 0 popa4p.dat
1 14 230 -40 0 1 0 0 0 1 0 0 0 1 bandera.dat
1 2 210 -40 0 0 0 1 0 1 0 -1 0 0 pastilla.dat
1 2 -150 -64 0 0 0 1 0 1 0 -1 0 0 pastilla.dat
1 4 -140 -64 20 0 0 1 0 1 0 -1 0 0 baldc2x2.dat
1 8 -60 -64 0 0 0 1 0 1 0 -1 0 0 heliprto.dat
1 14 70 -74 30 -1 0 0 0 1 0 0 0 -1 barca.dat
1 14 70 -74 -30 -1 0 0 0 1 0 0 0 -1 barca.dat
1 0 -100 -56 0 0 0 1 0 1 0 -1 0 0 proa4rmt.dat
0
