0 Untitled
0 Name: Mar_0540_Carguero_Frigorifico.ldr
0 Author: jasolo
0 Unofficial Model
0 ROTATION CENTER 0 0 0 1 "Custom" 
0 ROTATION CONFIG -2 1
1 2 -60 0 -40 1 0 0 0 1 0 0 0 1 placa4x6.dat
1 1 -20 -32 -40 1 0 0 0 1 0 0 0 1 placa4x6.dat
1 15 100 -56 -40 1 0 0 0 1 0 0 0 1 placa4x6.dat
1 1 100 -32 -40 1 0 0 0 1 0 0 0 1 jacena4.dat
1 1 100 -32 20 1 0 0 0 1 0 0 0 1 jacena4.dat
1 2 60 0 -40 1 0 0 0 1 0 0 0 1 placa4x6.dat
1 2 -180 0 -40 1 0 0 0 1 0 0 0 1 placa4x6.dat
1 2 -180 0 0 0 0 1 0 1 0 -1 0 0 proa4p.dat
1 2 180 0 0 0 0 -1 0 1 0 1 0 0 popa4p.dat
1 15 220 -56 0 0 0 -1 0 1 0 1 0 0 popa4p.dat
1 15 -160 -8 0 0 0 1 0 1 0 -1 0 0 proa4.dat
1 15 -160 -8 20 1 0 0 0 1 0 0 0 1 jacena8.dat
1 15 0 -8 20 1 0 0 0 1 0 0 0 1 jacena8.dat
1 15 -160 -8 -40 1 0 0 0 1 0 0 0 1 jacena8.dat
1 15 0 -8 -40 1 0 0 0 1 0 0 0 1 jacena8.dat
1 1 -180 -32 0 0 0 1 0 1 0 -1 0 0 proa4.dat
1 1 180 -32 0 0 0 1 0 1 0 -1 0 0 popa4.dat
1 15 160 -8 0 0 0 1 0 1 0 -1 0 0 popa4.dat
1 1 -180 -32 -40 1 0 0 0 1 0 0 0 1 placa4x8.dat
1 15 -90 -40 0 0 0 -1 0 1 0 1 0 0 ancl1x2.dat
1 15 -190 -64 0 0 0 -1 0 1 0 1 0 0 ancl1x2.dat
1 15 -195 -88 7 -0.965926 0 -0.258819 0 1 0 0.258819 0 -0.965926 antincv.dat
1 15 -195 -88 -7 -0.965926 0 0.258819 0 1 0 -0.258819 0 -0.965926 antincv.dat
1 15 10 -40 0 0 0 -1 0 1 0 1 0 0 ancl1x2.dat
1 15 130 -96 0 0 0 -1 0 1 0 1 0 0 ancl1x2.dat
1 15 -190 -88 0 0 0 1 0 1 0 -1 0 0 antncruz.dat
1 15 130 -120 0 0 0 -1 0 1 0 1 0 0 antncruz.dat
1 15 200 -64 -20 0 0 -1 0 1 0 1 0 0 jacen2x2.dat
1 15 -180 -56 0 0 0 -1 0 1 0 1 0 0 placa2x2.dat
1 15 -180 -56 -40 0 0 -1 0 1 0 1 0 0 placa2x2.dat
1 15 -220 -56 0 0 0 1 0 1 0 -1 0 0 proa4rmt.dat
1 15 -180 -40 0 1 0 0 0 1 0 0 0 1 rallado2.dat
1 15 -140 -40 0 -1 0 0 0 1 0 0 0 -1 rallado2.dat
1 15 60 -40 0 1 0 0 0 1 0 0 0 1 rallado2.dat
1 15 100 -40 0 -1 0 0 0 1 0 0 0 -1 rallado2.dat
1 15 -140 -64 20 -1 0 0 0 1 0 0 0 -1 bald2x2.dat
1 15 100 -64 20 -1 0 0 0 1 0 0 0 -1 bald2x2.dat
1 15 100 -64 40 0 0 1 0 1 0 -1 0 0 venta4cu.dat
1 15 100 -96 40 0 0 1 0 1 0 -1 0 0 venta4cu.dat
1 15 110 -120 30 -1 0 0 0 1 0 0 0 -1 piquito.dat
1 15 110 -120 10 -1 0 0 0 1 0 0 0 -1 piquito.dat
1 15 110 -120 -10 -1 0 0 0 1 0 0 0 -1 piquito.dat
1 15 110 -120 -30 -1 0 0 0 1 0 0 0 -1 piquito.dat
1 15 200 -64 20 0 0 1 0 1 0 -1 0 0 jacena2.dat
1 15 240 -88 -20 0 0 -1 0 1 0 1 0 0 bald2x2r.dat
1 15 120 -64 -40 1 0 0 0 1 0 0 0 1 venta2cu.dat
1 15 160 -64 40 -1 0 0 0 1 0 0 0 -1 venta2cu.dat
1 15 160 -88 40 -1 0 0 0 1 0 0 0 -1 placa2x3.dat
1 15 160 -88 0 -1 0 0 0 1 0 0 0 -1 placa2x3.dat
1 15 140 -96 -60 0 0 -1 0 1 0 1 0 0 placa2.dat
1 15 140 -96 20 0 0 -1 0 1 0 1 0 0 placa2.dat
1 15 160 -88 30 0 0 1 0 1 0 -1 0 0 placa2x3.dat
1 1 170 -96 0 -1 0 0 0 1 0 0 0 -1 chimenea.dat
1 1 190.144 -105.486 0 -0.981627 -0.190809 0 -0.190809 0.981627 0 0 0 -1 chimtubo.dat
1 4 194.722 -129.046 0 -0.981627 -0.190809 0 -0.190809 0.981627 0 0 0 -1 chimplac.dat
1 0 176.616 -140.715 0 -0.981627 -0.190809 0 -0.190809 0.981627 0 0 0 -1 chimenea.dat
1 14 190 -66 -30 1 0 0 0 1 0 0 0 1 barca.dat
1 14 170 -98 -20 1 0 0 0 1 0 0 0 1 barca.dat
1 14 250 -64 0 1 0 0 0 1 0 0 0 1 bandera.dat
1 4 -109.633 -64 3.816 -0.981627 0 -0.190809 0 1 0 0.190809 0 -0.981627 gruab.dat
1 4 -111.443 -87.546 4.168 -0.694115 -0.694115 -0.190809 -0.707107 0.707107 0 0.134922 0.134922 -0.981627 gruap.dat
1 4 29.632 -64 -3.817 0.981627 0 0.190809 0 1 0 -0.190809 0 0.981627 gruab.dat
1 4 31.442 -87.546 -4.169 0.694115 0.694115 0.190809 -0.707107 0.707107 0 -0.134922 -0.134922 0.981627 gruap.dat
1 14 170 -98 20 1 0 0 0 1 0 0 0 1 barca.dat
1 14 190 -66 30 1 0 0 0 1 0 0 0 1 barca.dat
1 4 -100 -40 20 -1 0 0 0 1 0 0 0 -1 baldc2x2.dat
1 4 -200 -64 20 -1 0 0 0 1 0 0 0 -1 baldc2x2.dat
1 2 -270 -64 0 0 0 -1 0 1 0 1 0 0 pastilla.dat
1 4 -40 -40 20 -1 0 0 0 1 0 0 0 -1 baldc2x2.dat
1 4 0 -40 20 -1 0 0 0 1 0 0 0 -1 baldc2x2.dat
1 4 60 -40 20 -1 0 0 0 1 0 0 0 -1 baldc2x2.dat
0
