0 Untitled
0 Name: Mar_0642_Transbordador_Hovercraft.ldr
0 Author: jasolo
0 Unofficial Model
1 1 -80 0 -40 0 0 -1 0 1 0 1 0 0 popa4.dat
1 1 -80 0 40 0 0 -1 0 1 0 1 0 0 popa4.dat
1 1 80 0 -40 -1 0 0 0 1 0 0 0 -1 jacen2x8.dat
1 1 80 0 80 -1 0 0 0 1 0 0 0 -1 jacen2x8.dat
1 1 160 0 80 -1 0 0 0 1 0 0 0 -1 jacen2x4.dat
1 1 160 0 -40 -1 0 0 0 1 0 0 0 -1 jacen2x4.dat
1 1 160 0 0 0 0 1 0 1 0 -1 0 0 jacen2x4.dat
1 1 160 0 80 0 0 1 0 1 0 -1 0 0 jacen2x4.dat
0 STEP
1 15 -40 -24 60 0 0 1 0 1 0 -1 0 0 placa4x6.dat
1 15 -120 -24 60 0 0 1 0 1 0 -1 0 0 placa4x6.dat
1 15 40 -24 60 0 0 1 0 1 0 -1 0 0 placa4x6.dat
1 15 120 -24 60 0 0 1 0 1 0 -1 0 0 placa4x6.dat
1 4 -120 -24 40 0 0 1 0 1 0 -1 0 0 popa4p.dat
1 4 -120 -24 80 0 0 1 0 1 0 -1 0 0 bald2.dat
1 4 -80 -24 80 0 0 1 0 1 0 -1 0 0 bald2.dat
1 4 -40 -24 80 0 0 1 0 1 0 -1 0 0 bald2.dat
0 STEP
1 15 -100 -32 -60 1 0 0 0 1 0 0 0 1 venta4cu.dat
1 15 -20 -32 -60 1 0 0 0 1 0 0 0 1 venta4cu.dat
1 15 60 -32 60 -1 0 0 0 1 0 0 0 -1 venta4cu.dat
1 15 -20 -32 60 -1 0 0 0 1 0 0 0 -1 venta4cu.dat
1 15 100 -32 -40 -1 0 0 0 1 0 0 0 -1 cuna.dat
1 15 60 -32 40 1 0 0 0 1 0 0 0 1 cuna.dat
1 15 140 -32 40 -1 0 0 0 1 0 0 0 -1 rallado2.dat
1 15 180 -32 40 -1 0 0 0 1 0 0 0 -1 rallado2.dat
1 15 200 -32 40 0 0 -1 0 1 0 1 0 0 enganch2.dat
1 15 100 -32 -40 1 0 0 0 1 0 0 0 1 rallado2.dat
1 15 140 -32 -40 1 0 0 0 1 0 0 0 1 rallado2.dat
1 15 200 -32 -60 0 0 -1 0 1 0 1 0 0 enganch2.dat
1 4 -120 -24 -40 0 0 1 0 1 0 -1 0 0 popa4p.dat
1 4 -120 -24 -60 0 0 1 0 1 0 -1 0 0 bald2.dat
1 4 -80 -24 -60 0 0 1 0 1 0 -1 0 0 bald2.dat
1 4 -40 -24 -60 0 0 1 0 1 0 -1 0 0 bald2.dat
1 4 0 -24 -60 0 0 1 0 1 0 -1 0 0 bald2.dat
1 4 40 -24 -60 0 0 1 0 1 0 -1 0 0 bald2.dat
1 4 80 -24 -60 0 0 1 0 1 0 -1 0 0 bald2.dat
1 4 120 -24 -60 0 0 1 0 1 0 -1 0 0 bald2.dat
1 4 160 -24 -60 0 0 1 0 1 0 -1 0 0 bald2.dat
1 4 0 -24 80 0 0 1 0 1 0 -1 0 0 bald2.dat
1 4 40 -24 80 0 0 1 0 1 0 -1 0 0 bald2.dat
1 4 80 -24 80 0 0 1 0 1 0 -1 0 0 bald2.dat
1 4 120 -24 80 0 0 1 0 1 0 -1 0 0 bald2.dat
1 4 160 -24 80 0 0 1 0 1 0 -1 0 0 bald2.dat
1 15 100 -32 40 -1 0 0 0 1 0 0 0 -1 jacena2.dat
1 15 100 -32 -20 -1 0 0 0 1 0 0 0 -1 jacena2.dat
1 15 -80 -32 -40 0 0 -1 0 1 0 1 0 0 jacena4.dat
1 15 0 -32 40 -1 0 0 0 1 0 0 0 -1 jacena4.dat
1 15 0 -32 -20 -1 0 0 0 1 0 0 0 -1 jacena4.dat
0 STEP
1 15 100 -56 40 -1 0 0 0 1 0 0 0 -1 jacena2.dat
1 15 100 -56 -20 -1 0 0 0 1 0 0 0 -1 jacena2.dat
1 15 -60 -32 -20 1 0 0 0 1 0 0 0 1 motor.dat
1 1 70 -56 -50 0 0 -1 0 1 0 1 0 0 chimenea.dat
1 1 90 -56 -50 0 0 -1 0 1 0 1 0 0 chimenea.dat
1 1 90 -56 50 0 0 1 0 1 0 -1 0 0 chimenea.dat
1 1 70 -56 50 0 0 1 0 1 0 -1 0 0 chimenea.dat
1 15 160 -56 40 1 0 0 0 1 0 0 0 1 placa2x2.dat
1 15 160 -56 -80 1 0 0 0 1 0 0 0 1 placa2x2.dat
0 STEP
1 15 100 -63.966 -80.029 0 0 -1 -0.208 0.978 0 0.978 0.208 0 placa2x2.dat
1 15 100 -71.211 40.694 0 0 -1 0.191 0.982 0 0.982 -0.191 0 placa2x2.dat
1 1 70 -73.34 71.669 1 0 0 0 0.982 0.191 0 -0.191 0.982 chimtubo.dat
1 1 180 -72 40 -1 0 0 0 1 0 0 0 -1 bispqaba.dat
1 1 208 -42 -40 0 -1 0 1 0 0 0 0 1 bispqaba.dat
1 1 208 -42 40 0 -1 0 -1 0 0 0 0 -1 bispqaba.dat
1 1 180 -72 -40 1 0 0 0 1 0 0 0 1 bispqaba.dat
1 15 208 -42 -40 0 -1 0 1 0 0 0 0 1 compuert.dat
1 15 208 -42 40 0 -1 0 -1 0 0 0 0 -1 compuert.dat
1 15 -100 -56 -60 1 0 0 0 1 0 0 0 1 venta2cu.dat
1 15 -60 -56 60 -1 0 0 0 1 0 0 0 -1 venta2cu.dat
1 15 -60 -56 -40 1 0 0 0 1 0 0 0 1 venta4cu.dat
1 15 20 -56 40 -1 0 0 0 1 0 0 0 -1 venta4cu.dat
1 15 -100 -56 40 0 0 1 0 1 0 -1 0 0 venta4cu.dat
1 1 -60 -56 -40 0 0 1 0 1 0 -1 0 0 bald2.dat
1 1 -20 -56 -40 0 0 1 0 1 0 -1 0 0 bald2.dat
1 1 -60 -56 60 0 0 1 0 1 0 -1 0 0 bald2.dat
1 1 -20 -56 60 0 0 1 0 1 0 -1 0 0 bald2.dat
1 1 20 -56 -60 1 0 0 0 1 0 0 0 1 bald2x2r.dat
1 1 100 -56 -60 1 0 0 0 1 0 0 0 1 bald2r.dat
1 1 60 -56 60 -1 0 0 0 1 0 0 0 -1 bald2x2r.dat
1 1 120 -56 -60 1 0 0 0 1 0 0 0 1 bald2x2r.dat
1 1 160 -56 60 -1 0 0 0 1 0 0 0 -1 bald2x2r.dat
1 1 120 -56 60 -1 0 0 0 1 0 0 0 -1 bald2r.dat
0 STEP
1 15 -100 -32 -20 0 0 1 0 1 0 -1 0 0 pico.dat
1 15 -100 -32 20 0 0 1 0 1 0 -1 0 0 pico.dat
1 15 -100 -32 60 0 0 1 0 1 0 -1 0 0 pico.dat
1 15 180 -72 40 -1 0 0 0 1 0 0 0 -1 compuert.dat
1 15 180 -72 -40 1 0 0 0 1 0 0 0 1 compuert.dat
1 1 70 -73.87 -71.909 1 0 0 0 0.978 -0.208 0 0.208 0.978 chimtubo.dat
1 1 80 -94.993 86.065 0 0 1 -0.191 0.982 0 -0.982 -0.191 0 rallado1.dat
1 1 100 -98.808 66.434 0 0 -1 0.191 0.982 0 0.982 -0.191 0 enganch2.dat
1 15 -100 -80 -20 0 0 1 0 1 0 -1 0 0 bald2x2r.dat
1 15 -100 -80 20 0 0 1 0 1 0 -1 0 0 bald2x2r.dat
1 15 -100 -80 60 0 0 1 0 1 0 -1 0 0 bald2x2r.dat
0 STEP
1 15 -20 -16 -20 1 0 0 0 1 0 0 0 1 placa2x3.dat
1 15 100 -16 -20 1 0 0 0 1 0 0 0 1 placa2x3.dat
1 0 160 -8 -20 0 0 -1 0 1 0 1 0 0 escobill.dat
1 0 0 -8 -20 0 0 -1 0 1 0 1 0 0 escobill.dat
0 STEP
1 15 100 -80 40 -1 0 0 0 1 0 0 0 -1 bald2x2r.dat
1 15 60 -80 -40 1 0 0 0 1 0 0 0 1 bald2x2r.dat
1 1 80 -99.425 -67.119 0 0 1 0.208 0.978 0 -0.978 0.208 0 rallado1.dat
1 1 100 -95.268 -86.681 0 0 -1 -0.208 0.978 0 0.978 0.208 0 enganch2.dat
1 15 -60 -80 -20 0 0 1 0 1 0 -1 0 0 bald2.dat
1 15 -60 -80 40 0 0 1 0 1 0 -1 0 0 bald2.dat
1 15 20 -80 20 0 0 -1 0 1 0 1 0 0 bald2r.dat
1 15 20 -80 -40 0 0 -1 0 1 0 1 0 0 bald2r.dat
1 0 160 -64 -80 1 0 0 0 1 0 0 0 1 sillastr.dat
1 0 200 -64 80 -1 0 0 0 1 0 0 0 -1 sillastr.dat
1 0 -50 -88 -10 0.707 0 0.707 0 1 0 -0.707 0 0.707 radarneg.dat
1 0 20 8 -20 0 0 -1 0 1 0 1 0 0 jacena2.dat
1 0 140 8 -20 0 0 -1 0 1 0 1 0 0 jacena2.dat
1 15 100 -118.742 -91.67 0 0 -1 -0.208 0.978 0 0.978 0.208 0 bald2r.dat
1 15 106 -107.127 -78.978 0 -1 0 -0.208 0 -0.978 0.978 0 -0.208 heliaspa.dat
1 15 100 -122.366 71.012 0 0 -1 0.191 0.982 0 0.982 -0.191 0 bald2r.dat
1 15 106 -106.715 78.156 0 -1 0 0.191 0 -0.982 0.982 0 0.191 heliaspa.dat
1 15 196 -4 -80.1 -0.8 0 0 0 0.8 0 0 0 -0.8 hovcraft.dat
1 15 -70 -13 -80.1 -0.5 0 0 0 0.5 0 0 0 -0.5 baleares.dat
1 15 66 -4 80.1 0.8 0 0 0 0.8 0 0 0 0.8 hovcraft.dat
1 15 -110 -13 80.1 0.5 0 0 0 0.5 0 0 0 0.5 baleares.dat