0 Mar 0657 patrullera
0 Name: Mar_0657_patrullera.ldr
0 Author: jasolo
0 Unofficial Model
1 8 -40 0 0 0 0 1 0 1 0 -1 0 0 proa4qui.dat
1 8 80 0 0 0 0 1 0 1 0 -1 0 0 quilla_4.dat
1 8 200 0 0 0 0 1 0 1 0 -1 0 0 quilla_4.dat
1 4 60 0 20 0 0 1 0 1 0 -1 0 0 jacen2x2.dat
1 4 -60 0 20 0 0 1 0 1 0 -1 0 0 jacen2x2.dat
1 8 180 0 20 0 0 1 0 1 0 -1 0 0 jacena2.dat
0 STEP
1 8 -80 -24 0 0 0 1 0 1 0 -1 0 0 proa4rmt.dat
1 8 -80 -24 0 0 0 1 0 1 0 -1 0 0 remate62.dat
1 8 40 -24 0 0 0 1 0 1 0 -1 0 0 remate62.dat
1 8 40 -24 0 0 0 -1 0 1 0 1 0 0 remate62.dat
1 8 160 -24 0 0 0 -1 0 1 0 1 0 0 remate62.dat
1 8 200 -24 0 0 0 -1 0 1 0 1 0 0 remate_2.dat
1 8 160 -24 0 0 0 1 0 1 0 -1 0 0 remate_2.dat
1 8 100 -32 -20 1 0 0 0 1 0 0 0 1 enganche.dat
1 8 120 -32 20 -1 0 0 0 1 0 0 0 -1 enganche.dat
1 0 180 -40 0 0 0 -1 0 1 0 1 0 0 bisnraba.dat
1 0 180 -40 0 0 -0.391 -0.921 0 0.921 -0.391 1 0 0 bisnreje.dat
1 0 180 -41 0 0 -0.191 -0.982 0 0.982 -0.191 1 0 0 bisnrarr.dat
0 STEP
1 8 100 -32 -20 0 0 -1 0 1 0 1 0 0 jacena2.dat
1 8 140 -32 -20 0 0 -1 0 1 0 1 0 0 jacena2.dat
1 8 80 -32 -30 0 0 -1 0 1 0 1 0 0 jacen2x3.dat
1 8 40 -32 -30 0 0 -1 0 1 0 1 0 0 jacen2x3.dat
1 8 0 -32 -20 0 0 -1 0 1 0 1 0 0 placa2x2.dat
1 0 158.841 -36.963 -40 0 -0.191 -0.982 0 0.982 -0.191 1 0 0 placa4.dat
1 4 110 -42 -22 -1 0 0 0 0 1 0 1 0 barca.dat
1 4 110 -42 22 1 0 0 0 0 1 0 -1 0 barca.dat
0 STEP
1 8 111.286 -54.357 20 0.982 -0.191 0 0.191 0.982 0 0 0 1 placa4.dat
1 8 111.286 -54.357 -40 0.982 -0.191 0 0.191 0.982 0 0 0 1 placa4.dat
1 8 40 -56 -30 0 0 -1 0 1 0 1 0 0 bald2.dat
1 8 80 -56 -30 0 0 -1 0 1 0 1 0 0 bald2.dat
1 8 80 -56 10 0 0 -1 0 1 0 1 0 0 bald2.dat
1 8 40 -56 10 0 0 -1 0 1 0 1 0 0 bald2.dat
1 8 0 -56 -10 1 0 0 0 1 0 0 0 1 placa4.dat
1 8 0 -40 -20 0 0 -1 0 1 0 1 0 0 jacen2x2.dat
0 STEP
1 8 112.813 -62.21 -40 0.982 -0.191 0 0.191 0.982 0 0 0 1 placa4.dat
1 8 112.813 -62.21 20 0.982 -0.191 0 0.191 0.982 0 0 0 1 placa4.dat
1 0 183.053 -56.706 -20 0 -0.191 -0.982 0 0.982 -0.191 1 0 0 baldc2x2.dat
1 8 100 -56 -20 1 0 0 0 1 0 0 0 1 respirad.dat
1 8 60 -64 -20 0 0 -1 0 1 0 1 0 0 jacen2x2.dat
1 8 20 -64 20 0 0 1 0 1 0 -1 0 0 pico.dat
1 8 20 -88 20 0 0 1 0 1 0 -1 0 0 placa2x2.dat
1 8 -40 -32 20 -1 0 0 0 1 0 0 0 -1 placa2x3.dat
0 STEP
1 7 -80 -40 0 0 0 1 0 1 0 -1 0 0 canonmed.dat
1 8 -40 -64 20 0 0 1 0 1 0 -1 0 0 bald2x2r.dat
1 7 40 -96 0 0 0 1 0 1 0 -1 0 0 radar.dat
1 0 70 -64 0 0 0 -1 0 1 0 1 0 0 pastilla.dat
1 8 114.339 -70.063 -20 0 -0.191 0.982 0 0.982 0.191 -1 0 0 bald2.dat
1 8 153.604 -62.43 -20 0 -0.191 0.982 0 0.982 0.191 -1 0 0 bald2.dat
1 8 153.604 -62.43 40 0 -0.191 0.982 0 0.982 0.191 -1 0 0 bald2.dat
1 8 114.339 -70.063 40 0 -0.191 0.982 0 0.982 0.191 -1 0 0 bald2.dat
1 14 190 -37 10 1 0 0 0 1 0 0 0 1 bandera.dat
1 0 181.526 -48.853 -20 0 -0.191 -0.982 0 0.982 -0.191 1 0 0 placa2x2.dat
0
