0 Untitled
0 Name: Mar_0551_Porta_Helicopteros.ldr
0 Author: jasolo
0 Unofficial Model
0 ROTATION CENTER 0 0 0 1 "Custom" 
0 ROTATION CONFIG 0 0
1 7 140 -56 -40 1 0 0 0 1 0 0 0 1 placa4x8.dat
1 7 -180 -56 -40 1 0 0 0 1 0 0 0 1 placa4x8.dat
1 7 -340 -56 -40 1 0 0 0 1 0 0 0 1 placa4x8.dat
1 0 280 0 0 0 0 -1 0 1 0 1 0 0 popa4p.dat
1 7 300 -32 0 0 0 -1 0 1 0 1 0 0 popa4p.dat
1 0 -200 0 -40 1 0 0 0 1 0 0 0 1 placa4x6.dat
1 0 -80 0 -40 1 0 0 0 1 0 0 0 1 placa4x6.dat
1 0 40 0 -40 1 0 0 0 1 0 0 0 1 placa4x6.dat
1 0 160 0 -40 1 0 0 0 1 0 0 0 1 placa4x6.dat
1 8 -320 -64 -60 1 0 0 0 1 0 0 0 1 baldc2x2.dat
1 8 40 -32 -60 1 0 0 0 1 0 0 0 1 baldc4.dat
1 8 -40 -64 -20 1 0 0 0 1 0 0 0 1 baldc4.dat
1 8 -280 -64 -60 1 0 0 0 1 0 0 0 1 baldc2x2.dat
1 8 -160 -64 -60 1 0 0 0 1 0 0 0 1 baldc2x2.dat
1 8 -120 -64 -60 1 0 0 0 1 0 0 0 1 baldc2x2.dat
1 8 120 -64 20 1 0 0 0 1 0 0 0 1 baldc2x2.dat
1 8 0 -64 -20 1 0 0 0 1 0 0 0 1 baldc2x2.dat
1 8 40 -64 -20 1 0 0 0 1 0 0 0 1 baldc2x2.dat
1 8 -240 -64 20 1 0 0 0 1 0 0 0 1 baldc2x2.dat
1 8 -200 -64 20 1 0 0 0 1 0 0 0 1 baldc2x2.dat
1 8 -280 -64 20 0 0 -1 0 1 0 1 0 0 heliprto.dat
1 8 -200 -64 -20 0 0 -1 0 1 0 1 0 0 heliprto.dat
1 8 240 -64 20 1 0 0 0 1 0 0 0 1 baldc2x2.dat
1 8 280 -64 20 1 0 0 0 1 0 0 0 1 baldc2x2.dat
1 8 280 -64 -20 0 0 -1 0 1 0 1 0 0 heliprto.dat
1 8 120 -64 -20 0 0 -1 0 1 0 1 0 0 heliprto.dat
1 8 -120 -64 20 0 0 -1 0 1 0 1 0 0 heliprto.dat
1 8 160 -64 -60 1 0 0 0 1 0 0 0 1 baldc2x2.dat
1 8 200 -64 -60 1 0 0 0 1 0 0 0 1 baldc2x2.dat
1 8 200 -64 20 0 0 -1 0 1 0 1 0 0 heliprto.dat
1 15 -124.737 -72 15.718 0.707107 0 0.707106 0 1 0 -0.707106 0 0.707107 helicop1.dat
1 15 195.263 -72 15.718 0.707107 0 0.707106 0 1 0 -0.707106 0 0.707107 helicop1.dat
1 15 275.263 -72 -14.282 -0.707106 0 0.707107 0 1 0 -0.707107 0 -0.707106 helicop1.dat
1 15 45.263 -40 -64.282 -0.866025 0 0.5 0 1 0 -0.5 0 -0.866025 helicop1.dat
1 0 -200 0 0 0 0 1 0 1 0 -1 0 0 proa4p.dat
1 14 330 -41 0 1 0 0 0 1 0 0 0 1 bandera.dat
1 7 -20 -56 0 0 0 1 0 1 0 -1 0 0 placa2.dat
1 8 -50 -72 50 -0.5 0 0.866025 0 1 0 -0.866025 0 -0.5 canonpeq.dat
1 8 -50 -72 30 0.5 0 0.866025 0 1 0 -0.866025 0 0.5 canonpeq.dat
1 8 50 -104 20 0.5 0 -0.866025 0 1 0 0.866025 0 0.5 canonpeq.dat
1 8 110 -72 30 0 0 -1 0 1 0 1 0 0 canonpeq.dat
1 8 50 -104 60 -0.5 0 -0.866025 0 1 0 0.866025 0 -0.5 canonpeq.dat
1 7 30 -128 40 1 0 0 0 1 0 0 0 1 chimtubo.dat
1 7 30 -104 40 1 0 0 0 1 0 0 0 1 jacena1.dat
1 7 40 -104 30 0 0 -1 0 1 0 1 0 0 rallado1.dat
1 14 30 -152 40 1 0 0 0 1 0 0 0 1 chimplac.dat
1 0 30 -160 40 -1 0 0 0 1 0 0 0 -1 chimenea.dat
1 7 0 -128 40 0 0 1 0 1 0 -1 0 0 antnradr.dat
1 7 30 -109 20 -1 0 0 0 1 0 0 0 -1 antincv.dat
1 7 30 -109 60 -1 0 0 0 1 0 0 0 -1 antincv.dat
1 7 -180 -8 0 0 0 1 0 1 0 -1 0 0 proa4.dat
1 7 260 -8 0 0 0 1 0 1 0 -1 0 0 popa4.dat
1 7 -200 -32 0 0 0 1 0 1 0 -1 0 0 proa4.dat
1 7 80 -8 20 -1 0 0 0 1 0 0 0 -1 jacen2x4.dat
1 7 -20 -72 20 1 0 0 0 1 0 0 0 1 venta4bi.dat
1 7 60 -72 60 -1 0 0 0 1 0 0 0 -1 venta4bi.dat
1 7 -20 -72 20 0 0 -1 0 1 0 1 0 0 jacena2.dat
1 7 -20 -96 20 0 0 -1 0 1 0 1 0 0 placa2.dat
1 7 20 -96 10 0 0 -1 0 1 0 1 0 0 placa2x3.dat
1 7 60 -96 10 0 0 -1 0 1 0 1 0 0 placa2x3.dat
1 7 140 -56 0 -1 0 0 0 1 0 0 0 -1 placa2x3.dat
1 7 120 -64 60 -1 0 0 0 1 0 0 0 -1 placa2x2.dat
1 7 140 -56 40 -1 0 0 0 1 0 0 0 -1 placa2x8.dat
1 7 80 -64 60 -1 0 0 0 1 0 0 0 -1 placa2x8.dat
1 7 60 -40 60 -1 0 0 0 1 0 0 0 -1 jacena4.dat
1 7 -30 -128 50 1 0 0 0 1 0 0 0 1 piquito.dat
1 7 -30 -128 30 1 0 0 0 1 0 0 0 1 piquito.dat
1 7 -40 -104 60 0 0 1 0 1 0 -1 0 0 venta2bu.dat
1 7 -20 -104 10 1 0 0 0 1 0 0 0 1 venta2bu.dat
1 7 20 -104 70 -1 0 0 0 1 0 0 0 -1 venta2bu.dat
1 7 80 -72 30 1 0 0 0 1 0 0 0 1 ancl1x2.dat
1 7 73.5 -96 35 0 0 1 0 1 0 -1 0 0 antncruz.dat
1 7 86.5 -96 35 1 0 0 0 1 0 0 0 1 antincv.dat
1 4 190 -34 -30 1 0 0 0 1 0 0 0 1 barca.dat
1 15 90 -74 50 1 0 0 0 1 0 0 0 1 barca.dat
1 4 190 -34 30 1 0 0 0 1 0 0 0 1 barca.dat
1 4 -90 -34 30 1 0 0 0 1 0 0 0 1 barca.dat
1 7 0 -104 40 1 0 0 0 1 0 0 0 1 ancl1x2.dat
1 7 -20 -8 -40 1 0 0 0 1 0 0 0 1 jacena8.dat
1 7 -180 -8 -40 1 0 0 0 1 0 0 0 1 jacena8.dat
1 7 140 -8 -20 1 0 0 0 1 0 0 0 1 jacena6.dat
1 7 40 -32 40 1 0 0 0 1 0 0 0 1 jacena6.dat
1 7 140 -8 40 1 0 0 0 1 0 0 0 1 jacena6.dat
1 7 220 -32 20 1 0 0 0 1 0 0 0 1 jacena4.dat
1 7 -200 -32 20 1 0 0 0 1 0 0 0 1 jacena4.dat
1 7 -40 -32 20 1 0 0 0 1 0 0 0 1 jacena4.dat
1 0 -60 -32 20 1 0 0 0 1 0 0 0 1 bald2.dat
1 0 -340 -64 20 1 0 0 0 1 0 0 0 1 bald2.dat
1 0 -340 -64 -20 1 0 0 0 1 0 0 0 1 bald2.dat
1 0 -340 -64 -60 1 0 0 0 1 0 0 0 1 bald2.dat
1 0 -120 -32 -60 1 0 0 0 1 0 0 0 1 bald2x2.dat
1 0 -20 -32 -20 1 0 0 0 1 0 0 0 1 bald2x2.dat
1 0 20 -32 -20 1 0 0 0 1 0 0 0 1 bald2x2.dat
1 0 60 -32 -20 1 0 0 0 1 0 0 0 1 bald2x2.dat
1 7 220 -32 -40 1 0 0 0 1 0 0 0 1 jacena4.dat
1 7 80 -32 -40 1 0 0 0 1 0 0 0 1 jacena4.dat
1 7 -200 -32 -40 1 0 0 0 1 0 0 0 1 jacena4.dat
1 7 -80 -32 -40 1 0 0 0 1 0 0 0 1 jacena4.dat
1 7 -180 -8 20 1 0 0 0 1 0 0 0 1 jacena8.dat
1 7 -20 -8 20 1 0 0 0 1 0 0 0 1 jacena8.dat
0
