0 Yate (Mallorca)
0 Name: Mar_0550_Yate_Xaloc.ldr
0 Author: CPCBEGIN
0 Los Gigantes del Mar
0 ROTATION CENTER 0 0 0 1 "Custom" 
0 ROTATION CONFIG 0 0
1 1 -70 48 80 0 0 -1 0 1 0 1 0 0 jacena8.dat
1 1 -10 48 80 0 0 -1 0 1 0 1 0 0 jacena8.dat
1 1 -50 48 80 1 0 0 0 1 0 0 0 1 proa4.dat
1 15 -30 24 160 0 0 -1 0 1 0 1 0 0 rallado2.dat
1 15 -70 24 200 0 0 1 0 1 0 -1 0 0 rallado2.dat
1 15 -30 24 80 0 0 -1 0 1 0 1 0 0 rallado2.dat
1 15 -10 24 120 0 0 -1 0 1 0 1 0 0 vnt1x1.dat
1 15 -10 24 140 0 0 -1 0 1 0 1 0 0 vnt1x1.dat
1 15 -30 24 40 0 0 -1 0 1 0 1 0 0 vnt1x1.dat
1 15 -30 24 60 0 0 -1 0 1 0 1 0 0 vnt1x1.dat
1 15 -70 24 80 0 0 1 0 1 0 -1 0 0 vnt1x1.dat
1 15 -70 24 60 0 0 1 0 1 0 -1 0 0 vnt1x1.dat
1 15 -90 24 160 0 0 1 0 1 0 -1 0 0 vnt1x1.dat
1 15 -90 24 140 0 0 1 0 1 0 -1 0 0 vnt1x1.dat
1 15 -70 24 120 0 0 1 0 1 0 -1 0 0 rallado2.dat
1 2 -50 56 60 1 0 0 0 1 0 0 0 1 proa4p.dat
1 2 -90 56 220 0 0 1 0 1 0 -1 0 0 placa4x8.dat
1 15 -90 0 200 0 0 1 0 1 0 -1 0 0 placa4x6.dat
1 2 -10 56 240 -1 0 0 0 1 0 0 0 -1 placa2.dat
1 2 -50 56 240 -1 0 0 0 1 0 0 0 -1 placa2.dat
1 15 -50 24 40 1 0 0 0 1 0 0 0 1 proa4rmt.dat
1 0 -50 24 38 1 0 0 0 1 0 0 0 1 pxaloc.dat
1 15 -50 -8 180 1 0 0 0 1 0 0 0 1 cabant.dat
1 0 -70 48 220 1 0 0 0 1 0 0 0 1 jacena2.dat
1 15 -90 -56 160 1 0 0 0 1 0 0 0 1 bald2r.dat
1 15 -30 -56 160 1 0 0 0 1 0 0 0 1 bald2r.dat
1 15 -70 -56 160 1 0 0 0 1 0 0 0 1 placa2x2.dat
1 14 -60 -68 170 0.173648 0 -0.984808 0 1 0 0.984808 0 0.173648 antnincl.dat
1 14 -40 -68 170 -0.173648 0 -0.984808 0 1 0 0.984808 0 -0.173648 antnincl.dat
1 15 -70 0 40 1 0 0 0 1 0 0 0 1 bald2x2r.dat
1 0 -70 16 0 1 0 0 0 1 0 0 0 1 baldc2x2.dat
1 4 -50 16 -10 1 0 0 0 1 0 0 0 1 pastilla.dat
1 0 -30 -8 100 0 0 -1 0 1 0 1 0 0 baldc2x2.dat
1 4 -20 -8 120 0 0 -1 0 1 0 1 0 0 pastilla.dat
1 4 -80 -8 120 0 0 -1 0 1 0 1 0 0 pastilla.dat
1 15 -30 24 200 1 0 0 0 1 0 0 0 1 bald2.dat
1 15 -90 24 200 1 0 0 0 1 0 0 0 1 bald2.dat
1 15 -30 24 40 1 0 0 0 1 0 0 0 1 bald2.dat
1 15 -90 24 40 1 0 0 0 1 0 0 0 1 bald2.dat
1 0 -60 -64 188.284 0.707107 0 -0.707107 0 1 0 0.707107 0 0.707107 radarneg.dat
0
