0 Scorpion 0543 Unidad Antiaérea
0 Name: Scorpion 0543 Unidad Antiaérea
0 Author: jasolo
0 !LICENSE Free for non-commercial use.
1 330 0 0 -70 1 0 0 0 1 0 0 0 1 placa2x3.dat
1 330 -60 0 -70 1 0 0 0 1 0 0 0 1 placa2x3.dat
1 330 -60 0 -30 1 0 0 0 1 0 0 0 1 placa4x6.dat
1 330 20 24 -50 0 0 -1 0 1 0 1 0 0 jacen2x3.dat
1 330 20 24 10 0 0 -1 0 1 0 1 0 0 jacen2x8.dat
1 330 20 24 170 0 0 -1 0 1 0 1 0 0 jacen2x4.dat
1 330 20 0 50 0 0 -1 0 1 0 1 0 0 placa2x8.dat
1 7 30 24 0 0 0 -1 0 1 0 1 0 0 amortigu.dat
1 7 30 24 20 0 0 -1 0 1 0 1 0 0 amortigu.dat
1 7 -30 24 0 0 0 -1 0 1 0 1 0 0 amortigu.dat
1 7 -30 24 20 0 0 -1 0 1 0 1 0 0 amortigu.dat
1 330 0 -8 170 0 0 -1 0 1 0 1 0 0 platfgir.dat
1 0 0 -24 170 -1 0 0 0 1 0 0 0 -1 popa6p.dat
0 STEP
1 330 0 24 10 -1 0 0 0 1 0 0 0 -1 rues42l.dat
1 330 0 24 150 -1 0 0 0 1 0 0 0 -1 ruescj2t.dat
1 330 0 24 210 -1 0 0 0 1 0 0 0 -1 ruescj2t.dat
1 330 -20 24 -30 -1 0 0 0 1 0 0 0 -1 cuna.dat
1 330 60 24 -30 -1 0 0 0 1 0 0 0 -1 cuna.dat
1 330 0 -32 110 1 0 0 0 1 0 0 0 1 placa2x3.dat
1 330 -60 -32 110 1 0 0 0 1 0 0 0 1 placa2x3.dat
1 0 0 -24 170 1 0 0 0 1 0 0 0 1 popa6p.dat
1 330 -40 -32 170 1 0 0 0 1 0 0 0 1 placa2x2.dat
1 330 0 -32 170 1 0 0 0 1 0 0 0 1 placa2x2.dat
1 330 20 -32 150 -1 0 0 0 1 0 0 0 -1 pico.dat
1 330 20 -40 150 -1 0 0 0 1 0 0 0 -1 jacena2.dat
1 330 20 -64 150 -1 0 0 0 1 0 0 0 -1 placa2.dat
0 STEP
1 330 20 -8 10 1 0 0 0 1 0 0 0 1 asiescor.dat
1 330 -20 -8 10 1 0 0 0 1 0 0 0 1 asiescor.dat
1 330 60 -8 10 1 0 0 0 1 0 0 0 1 asiescor.dat
1 330 40 -8 70 1 0 0 0 1 0 0 0 1 asiescor.dat
1 330 0 -8 70 1 0 0 0 1 0 0 0 1 asiescor.dat
1 330 -20 8 -90 1 0 0 0 1 0 0 0 1 parachoq.dat
1 330 0 -80 150 1 0 0 0 1 0 0 0 1 bispqaba.dat
1 330 0 -80 150 1 0 0 0 0.866 0.5 0 -0.5 0.866 bispqarr.dat
1 330 -20 -86.928 154 0 0 1 -0.5 0.866 0 -0.866 -0.5 0 placa2x3.dat
1 330 20 -76.144 124.679 -1 0 0 0 0.866 -0.5 0 -0.5 -0.866 cuna.dat
1 0 0 -40 120 1 0 0 0 1 0 0 0 1 ancla1x2.dat
1 330 30 -40 180 0 0 1 0 1 0 -1 0 0 chimenea.dat
1 330 -30 -40 180 0 0 1 0 1 0 -1 0 0 chimenea.dat
1 330 -20 0 210 1 0 0 0 1 0 0 0 1 placa2x2.dat
0 STEP
1 330 40 -48 -50 -1 0 0 0 1 0 0 0 -1 bispqaba.dat
1 330 -40 -48 -50 -1 0 0 0 1 0 0 0 -1 bispqaba.dat
1 330 -20 -48 30 1 0 0 0 1 0 0 0 1 bispqaba.dat
1 330 20 -48 30 1 0 0 0 1 0 0 0 1 bispqaba.dat
1 330 40 -8 10 0 0 -1 0 1 0 1 0 0 rallado1.dat
1 330 -40 -8 30 0 0 1 0 1 0 -1 0 0 rallado1.dat
1 330 0 16 -70 0 0 1 0 1 0 -1 0 0 placa2.dat
1 330 20 -8 -50 1 0 0 0 1 0 0 0 1 pico.dat
1 330 -20 -8 -50 1 0 0 0 1 0 0 0 1 pico.dat
1 330 -60 -8 -50 1 0 0 0 1 0 0 0 1 pico.dat
1 330 -20 -40 -30 0 0 1 0 1 0 -1 0 0 bald2.dat
1 330 -40 -8 110 0 0 1 0 1 0 -1 0 0 bald2x2.dat
1 330 0 -8 110 0 0 1 0 1 0 -1 0 0 bald2x2.dat
1 330 0 -8 170 0 0 1 0 1 0 -1 0 0 rotorinf.dat
1 330 30 16 60 1 0 0 0 1 0 0 0 1 cilindro.dat
1 330 -30 16 60 1 0 0 0 1 0 0 0 1 cilindro.dat
1 330 20 -40 150 0 0 1 0 1 0 -1 0 0 baldc2.dat
1 330 -60 -40 150 0 0 1 0 1 0 -1 0 0 baldc2.dat
1 330 0 -123.856 106.038 0 0 -1 0.5 0.866 0 0.866 -0.5 0 pistola.dat
1 330 20 -123.856 106.038 0 0 -1 0.5 0.866 0 0.866 -0.5 0 pistola.dat
1 330 20 -107.321 142.679 -1 0 0 0 -0.5 -0.866 0 -0.866 0.5 cuna.dat
1 330 0 -95.321 163.464 0 0 1 -0.866 -0.5 0 0.5 -0.866 0 rallado1.dat
0 STEP
1 8 0 -40 180 1 0 0 0 1 0 0 0 1 pastilla.dat
1 8 0 -40 200 1 0 0 0 1 0 0 0 1 pastilla.dat
1 330 10 -121.301 178.464 1 0 0 0 -0.5 0.866 0 -0.866 -0.5 chimplac.dat
1 330 30 -90.124 160.464 0 0 1 0.5 -0.866 0 0.866 0.5 0 ejeastr1.dat
1 330 -10 -121.301 178.464 0 0 1 -0.866 -0.5 0 0.5 -0.866 0 chimplac.dat
1 330 20 8 -90 -1 0 0 0 1 0 0 0 -1 pistola.dat
1 330 -60 -40 -30 1 0 0 0 1 0 0 0 1 parabmrc.dat
1 40 -60 -40 -30 1 0 0 0 1 0 0 0 1 parabcrs.dat
1 330 20 -48 30 1 0 0 0 1 0 0 0 1 compuert.dat
1 330 -20 -48 30 1 0 0 0 1 0 0 0 1 compuert.dat
1 330 50 -13 40 0 0 1 0 1 0 -1 0 0 tbescrct.dat
1 330 -50 -13 40 0 0 1 0 1 0 -1 0 0 tbescrct.dat
1 330 20 16 110 0 0 1 0 1 0 -1 0 0 jacena2.dat
1 330 -40 16 110 0 0 1 0 1 0 -1 0 0 jacena2.dat
0 STEP
1 330 20 0 -70 -1 0 0 0 1 0 0 0 -1 rejilla.dat
1 330 50 -32 20 1 0 0 0 1 0 0 0 1 piquito.dat
1 0 -50 -37 20 1 0 0 0 1 0 0 0 1 antena.dat
1 330 40 24 50 0 0 -1 0 1 0 1 0 0 deposito.dat
1 330 -40 24 90 0 0 1 0 1 0 -1 0 0 deposito.dat
1 330 60 -40 130 -1 0 0 0 1 0 0 0 -1 sillastr.dat
1 330 -20 -40 130 -1 0 0 0 1 0 0 0 -1 sillastr.dat
1 330 -10 -150.622 167.679 1 0 0 0 -0.5 0.866 0 -0.866 -0.5 cilindro.dat
1 0 -10 -55.529 170.725 0 0 -1 0.191 0.982 0 0.982 -0.191 0 pinzastr.dat
1 0 50 -55.529 170.725 0 0 -1 0.191 0.982 0 0.982 -0.191 0 pinzastr.dat
1 8 -10 -133.481 117.369 1 0 0 0 0.5 -0.866 0 0.866 0.5 laser.dat
1 8 10 -133.481 117.369 1 0 0 0 0.5 -0.866 0 0.866 0.5 laser.dat
1 330 0 24 150 1 0 0 0 1 0 0 0 1 ruescorl.dat
1 330 0 24 210 1 0 0 0 1 0 0 0 1 ruescorl.dat
1 330 0 24 150 -1 0 0 0 1 0 0 0 -1 ruescorl.dat
1 330 0 24 210 -1 0 0 0 1 0 0 0 -1 ruescorl.dat
