0 Araña lunar
0 Name: Astro_0658_aranalunar.ldr
0 cpcbegin
0 Tente astro
0 ROTATION CENTER 0 0 0 1 "Custom" 
0 ROTATION CONFIG 0 0
1 0 -20 0 0 1 0 0 0 1 0 0 0 1 patastro.dat
1 0 -60 0 0 0 0 -1 0 1 0 1 0 0 patastro.dat
1 0 -20 0 -40 0 0 1 0 1 0 -1 0 0 patastro.dat
1 0 -80 -64 40 0 0 1 0 1 0 -1 0 0 placa4x6.dat
1 0 -60 0 -40 -1 0 0 0 1 0 0 0 -1 patastro.dat
1 0 -40 -64 -20 -1 0 0 0 1 0 0 0 -1 toberast.dat
1 0 70 -110 20 -1 0 0 0 0 1 0 1 0 toberast.dat
1 0 -150 -110 20 -1 0 0 0 0 1 0 1 0 toberast.dat
1 15 40 -96 60 -1 0 0 0 1 0 0 0 -1 placa4x8.dat
1 15 40 -96 -20 -1 0 0 0 1 0 0 0 -1 placa4x8.dat
1 15 -20 -48 0 -1 0 0 0 1 0 0 0 -1 pinzaesq.dat
1 15 -60 -48 0 0 0 1 0 1 0 -1 0 0 pinzaesq.dat
1 15 -60 -48 -40 1 0 0 0 1 0 0 0 1 pinzaesq.dat
1 15 -20 -48 -40 0 0 -1 0 1 0 1 0 0 pinzaesq.dat
1 0 -20 -104 0 0 0 -1 0 1 0 1 0 0 castillo.dat
1 0 -20 -104 -40 0 0 -1 0 1 0 1 0 0 bald2x2.dat
1 0 -10 -104 -60 0 0 -1 0 1 0 1 0 0 chimtubo.dat
1 0 -70 -104 -60 0 0 -1 0 1 0 1 0 0 chimtubo.dat
1 4 -120 -104 -80 0 0 -1 0 1 0 1 0 0 jacena6.dat
1 4 20 -104 -80 0 0 -1 0 1 0 1 0 0 jacena6.dat
1 4 -80 -104 -40 0 0 -1 0 1 0 1 0 0 jacena2.dat
1 4 20 -104 -40 0 0 -1 0 1 0 1 0 0 jacena2.dat
1 4 -20 -104 -60 -1 0 0 0 1 0 0 0 -1 jacena2.dat
1 4 40 -104 60 -1 0 0 0 1 0 0 0 -1 jacena8.dat
1 4 40 -104 -80 -1 0 0 0 1 0 0 0 -1 jacena8.dat
1 4 40 -104 -100 -1 0 0 0 1 0 0 0 -1 viking.dat
1 4 -120 -104 60 1 0 0 0 1 0 0 0 1 viking.dat
1 0 -20 -128 -80 -1 0 0 0 1 0 0 0 -1 pico.dat
1 0 20 -128 0 0 0 1 0 1 0 -1 0 0 pico.dat
1 0 -100 -128 -40 0 0 -1 0 1 0 1 0 0 pico.dat
1 15 20 -128 -40 1 0 0 0 1 0 0 0 1 jacen2x3.dat
1 15 -160 -128 -40 1 0 0 0 1 0 0 0 1 jacen2x3.dat
1 15 20 -128 0 0 0 -1 0 1 0 1 0 0 rallado2.dat
1 15 20 -128 -80 0 0 -1 0 1 0 1 0 0 rallado2.dat
1 15 -100 -128 -40 0 0 1 0 1 0 -1 0 0 rallado2.dat
1 15 -100 -128 40 0 0 1 0 1 0 -1 0 0 rallado2.dat
1 15 -120 -152 0 0 0 1 0 1 0 -1 0 0 placa2.dat
1 15 -110 -152 20 0 0 1 0 1 0 -1 0 0 ancla1x2.dat
1 15 30 -152 0 0 0 1 0 1 0 -1 0 0 ancla1x2.dat
1 15 30 -152 -40 0 0 1 0 1 0 -1 0 0 ancla1x2.dat
1 15 -120 -168 -10 0 0.258819 -0.965926 0 0.965926 0.258819 1 0 0 bispq.dat
1 4 -120 -176 20 1 0 0 0 1 0 0 0 1 placa2x8.dat
1 4 -120 -176 -100 1 0 0 0 1 0 0 0 1 placa2x8.dat
1 4 32.478 -217.138 -60 0 0.258819 -0.965926 0 0.965926 0.258819 1 0 0 baldc4x8.dat
1 4 70 -88 -20 1 0 0 0 1 0 0 0 1 cilindr.dat
1 4 -150 -88 -20 1 0 0 0 1 0 0 0 1 cilindr.dat
1 4 -40 -184 20 1 0 0 0 1 0 0 0 1 semicupp.dat
1 14 10 -184 50 1 0 0 0 1 0 0 0 1 amortigu.dat
1 14 -40 -118 -14 1 0 0 0 0.970296 0.241922 0 -0.241922 0.970296 astcuerv.dat
1 14 -40 -120.994 -13.792 1 0 0 0 -0.0697565 0.997564 0 -0.997564 -0.0697565 astpierv.dat
1 15 10 -213 50 1 0 0 0 1 0 0 0 1 panelast.dat
1 15 0 -128 40 -1 0 0 0 1 0 0 0 -1 cabant.dat
1 15 -80 -128 40 -1 0 0 0 1 0 0 0 -1 cabant.dat
1 15 -80 -128 -80 1 0 0 0 1 0 0 0 1 cabant.dat
1 15 0 -128 -80 1 0 0 0 1 0 0 0 1 cabant.dat
1 15 -110 -152 -60 0 0 1 0 1 0 -1 0 0 ancla1x2.dat
1 15 30 -152 30 0 0 1 0 1 0 -1 0 0 jacena1.dat
1 15 30 -152 -70 0 0 1 0 1 0 -1 0 0 jacena1.dat
1 15 80 -152 -40 0 0 -1 0 1 0 1 0 0 bald2x2r.dat
1 14 -150 -152 -30 0 0 -1 0 1 0 1 0 0 antncruz.dat
1 15 -160 -152 0 0 0 1 0 1 0 -1 0 0 bald2x2r.dat
1 0 -113.153 -72 -28.18 0.5 0 -0.866025 0 1 0 0.866025 0 0.5 tbcb1_8.dat
1 0 34.885 -72 -27.179 -0.5 0 0.866025 0 1 0 0.866025 0 0.5 tbcb1_8.dat
0
