0 Untitled
0 Name: Galeon.ldr
0 Author: MLCad
0 Unofficial Model
0 ROTATION CENTER 0 0 0 1 "Custom" 
0 ROTATION CONFIG 0 0
1 0 -60 -344 -210 -1 0 0 0 1 0 0 0 -1 pico.dat
1 0 -140 -344 -210 -1 0 0 0 1 0 0 0 -1 pico.dat
1 0 -100 -344 230 1 0 0 0 1 0 0 0 1 pico.dat
1 0 -180 -344 230 1 0 0 0 1 0 0 0 1 pico.dat
1 0 -60 -352 -70 1 0 0 0 1 0 0 0 1 proa4.dat
1 0 -60 -344 -90 1 0 0 0 1 0 0 0 1 proa4p.dat
1 0 -60 -336 -90 1 0 0 0 1 0 0 0 1 proa4p.dat
1 4 -60 -376 -110 1 0 0 0 1 0 0 0 1 proa4p.dat
1 0 -51.522 -408 -167.654 -0.382683 0.92388 0 0 0 -1 -0.92388 -0.382683 0 mastilh.dat
0 MLCAD HIDE 1 0 -49.675 -408 -168.419 -0.382683 0.92388 0 0 0 -1 -0.92388 -0.382683 0 mastilm.dat
1 0 -40.384 -408 -113.902 -0.19509 0.980785 0 0 0 -1 -0.980785 -0.19509 0 mastilh.dat
0 MLCAD HIDE 1 0 -38.423 -408 -114.292 -0.19509 0.980785 0 0 0 -1 -0.980785 -0.19509 0 mastilm.dat
1 0 -40 -408 -50 0 1 0 0 0 -1 -1 0 0 mastilh.dat
0 MLCAD HIDE 1 0 -38 -408 -50 0 1 0 0 0 -1 -1 0 0 mastilm.dat
1 0 -40 -408 10 0 1 0 0 0 -1 -1 0 0 mastilh.dat
0 MLCAD HIDE 1 0 -38 -408 10 0 1 0 0 0 -1 -1 0 0 mastilm.dat
1 0 -40 -408 70 0 1 0 0 0 -1 -1 0 0 mastilh.dat
0 MLCAD HIDE 1 0 -38 -408 70 0 1 0 0 0 -1 -1 0 0 mastilm.dat
1 0 -40.384 -408 133.902 0.19509 0.980785 0 0 0 -1 -0.980785 0.19509 0 mastilh.dat
0 MLCAD HIDE 1 0 -38.423 -408 134.292 0.19509 0.980785 0 0 0 -1 -0.980785 0.19509 0 mastilm.dat
1 0 -51.522 -408 187.654 0.382683 0.92388 0 0 0 -1 -0.92388 0.382683 0 mastilh.dat
0 MLCAD HIDE 1 0 -49.675 -408 188.419 0.382683 0.92388 0 0 0 -1 -0.92388 0.382683 0 mastilm.dat
1 4 -180 -376 -110 1 0 0 0 1 0 0 0 1 proa4p.dat
1 0 -60 -344 110 -1 0 0 0 1 0 0 0 -1 proa4p.dat
1 0 -60 -336 110 -1 0 0 0 1 0 0 0 -1 proa4p.dat
1 0 -120 -336 -190 -1 0 0 0 1 0 0 0 -1 placa2x3.dat
1 0 -60 -336 -190 -1 0 0 0 1 0 0 0 -1 placa2x3.dat
1 0 -120 -344 -190 -1 0 0 0 1 0 0 0 -1 popa4p.dat
1 0 -120 -336 210 1 0 0 0 1 0 0 0 1 popa4p.dat
1 0 -80 -336 230 -1 0 0 0 1 0 0 0 -1 placa4.dat
1 0 -140 -352 -50 0 0 1 0 1 0 -1 0 0 placa2x8.dat
1 0 -140 -352 230 0 0 1 0 1 0 -1 0 0 placa2x8.dat
1 0 -140 -344 -50 0 0 -1 0 1 0 1 0 0 placa4x8.dat
1 0 -20 -344 -50 0 0 -1 0 1 0 1 0 0 placa4x8.dat
1 0 -20 -336 -90 0 0 -1 0 1 0 1 0 0 placa4x8.dat
1 0 -140 -336 -90 0 0 -1 0 1 0 1 0 0 placa4x8.dat
1 0 -140 -336 -90 0 0 -1 0 1 0 1 0 0 placa4x8.dat
1 0 -20 -336 -90 0 0 -1 0 1 0 1 0 0 placa4x8.dat
1 0 -20 -344 -90 0 0 -1 0 1 0 1 0 0 placa2.dat
1 0 -200 -344 -90 0 0 -1 0 1 0 1 0 0 placa2.dat
1 0 -40 -352 70 -1 0 0 0 1 0 0 0 -1 placa6x8.dat
1 0 -100 -344 10 0 0 -1 0 1 0 1 0 0 placa2x8.dat
1 0 -40 -336 110 -1 0 0 0 1 0 0 0 -1 placa2x8.dat
1 0 -40 -336 110 0 0 1 0 1 0 -1 0 0 placa2.dat
1 0 -220 -336 110 0 0 1 0 1 0 -1 0 0 placa2.dat
1 0 -40 -344 -50 -1 0 0 0 1 0 0 0 -1 placa2x8.dat
1 0 -200 -360 50 1 0 0 0 1 0 0 0 1 jacen2x8.dat
1 0 -200 -360 -10 1 0 0 0 1 0 0 0 1 jacen2x8.dat
1 0 -200 -360 -70 1 0 0 0 1 0 0 0 1 jacen2x8.dat
1 0 -100 -360 -210 0 0 -1 0 1 0 1 0 0 jacen2x4.dat
1 0 -100 -360 -130 0 0 -1 0 1 0 1 0 0 jacen2x3.dat
1 0 -100 -360 90 0 0 -1 0 1 0 1 0 0 jacen2x3.dat
1 0 -60 -352 90 -1 0 0 0 1 0 0 0 -1 proa4.dat
1 0 -40 -352 90 0 0 1 0 1 0 -1 0 0 jacena8.dat
1 0 -220 -352 90 0 0 1 0 1 0 -1 0 0 jacena8.dat
1 0 -140 -392 30 0 0 1 0 1 0 -1 0 0 jacen2x8.dat
1 0 -140 -392 190 0 0 1 0 1 0 -1 0 0 jacen2x8.dat
1 0 -140 -416 90 0 0 1 0 1 0 -1 0 0 jacen2x8.dat
1 0 -140 -416 170 0 0 1 0 1 0 -1 0 0 jacen2x4.dat
1 0 -120 -416 190 -1 0 0 0 1 0 0 0 -1 enganch2.dat
1 0 -100 -416 190 -1 0 0 0 1 0 0 0 -1 enganch2.dat
1 0 -140 -392 -130 0 0 1 0 1 0 -1 0 0 jacen2x3.dat
1 6 -140 -384 -150 0 0 1 0 1 0 -1 0 0 placa2x2.dat
1 0 -140 -368 210 0 0 1 0 1 0 -1 0 0 jacen2x2.dat
1 0 -160 -440 90 0 0 1 0 1 0 -1 0 0 placa4x8.dat
1 6 -140 -440 190 0 0 1 0 1 0 -1 0 0 placa2x2.dat
1 0 -220 -330 234 -1 0 0 0 0 -1 0 -1 0 extenarr.dat
1 0 -140 -344 230 0 0 1 0 1 0 -1 0 0 placa2x3.dat
1 0 -140 -360 230 0 0 1 0 1 0 -1 0 0 placa2x3.dat
1 0 -140 -440 150 0 0 1 0 1 0 -1 0 0 placa2x3.dat
1 0 -160 -384 10 0 0 1 0 1 0 -1 0 0 placa4x8.dat
1 0 -160 -384 170 0 0 1 0 1 0 -1 0 0 placa4x8.dat
1 0 -180 -360 50 1 0 0 0 1 0 0 0 1 jacena6.dat
1 0 -180 -360 -10 1 0 0 0 1 0 0 0 1 jacena6.dat
1 0 -180 -352 -70 1 0 0 0 1 0 0 0 1 proa4.dat
1 0 -180 -344 -90 1 0 0 0 1 0 0 0 1 proa4p.dat
1 0 -180 -336 -90 1 0 0 0 1 0 0 0 1 proa4p.dat
1 0 -80 -448 -110 1 0 0 0 1 0 0 0 1 proa4p.dat
1 0 -160 -448 -110 1 0 0 0 1 0 0 0 1 proa4p.dat
1 6 -110 -440 -70 0 0 1 0 1 0 -1 0 0 placa4.dat
1 6 -150 -440 -70 0 0 1 0 1 0 -1 0 0 placa4.dat
1 0 -150 -416 -110 1 0 0 0 1 0 0 0 1 jacen2x3.dat
1 0 -150 -416 -150 1 0 0 0 1 0 0 0 1 jacen2x3.dat
1 0 -180 -344 110 -1 0 0 0 1 0 0 0 -1 proa4p.dat
1 0 -180 -336 110 -1 0 0 0 1 0 0 0 -1 proa4p.dat
1 0 -80 -464 150 1 0 0 0 1 0 0 0 1 enganch2.dat
1 6 -100 -464 170 1 0 0 0 1 0 0 0 1 jacena2.dat
1 6 -180 -464 170 1 0 0 0 1 0 0 0 1 jacena2.dat
1 0 -100 -464 150 1 0 0 0 1 0 0 0 1 enganch2.dat
1 0 -100 -464 110 0 0 -1 0 1 0 1 0 0 jacen2x8.dat
1 0 -160 -464 150 1 0 0 0 1 0 0 0 1 enganch2.dat
1 0 -180 -464 150 1 0 0 0 1 0 0 0 1 enganch2.dat
1 0 -80 -520 170 -1 0 0 0 1 0 0 0 -1 proa4p.dat
1 0 -160 -520 170 -1 0 0 0 1 0 0 0 -1 proa4p.dat
1 6 -200 -448 -30 0 0 1 0 1 0 -1 0 0 baldc4x8.dat
1 0 -140 -456 -50 0 0 1 0 1 0 -1 0 0 placa2x2.dat
1 0 -100 -456 -50 0 0 1 0 1 0 -1 0 0 placa2.dat
1 0 -160 -456 -50 0 0 1 0 1 0 -1 0 0 placa2.dat
1 6 -160 -464 -50 0 0 1 0 1 0 -1 0 0 baldgord.dat
1 6 -80 -464 -90 0 0 -1 0 1 0 1 0 0 baldgord.dat
1 6 -200 -448 50 0 0 1 0 1 0 -1 0 0 baldc4x8.dat
1 0 -200 -448 50 1 0 0 0 1 0 0 0 1 placa4x8.dat
1 0 -200 -456 70 1 0 0 0 1 0 0 0 1 placa2x8.dat
1 0 -180 -456 150 1 0 0 0 1 0 0 0 1 placa2x3.dat
1 6 -140 -456 200 1 0 0 0 1 0 0 0 1 placa2x2.dat
1 0 -120 -448 130 0 0 -1 0 1 0 1 0 0 placa2x3.dat
1 0 -80 -448 130 0 0 -1 0 1 0 1 0 0 placa2x3.dat
1 6 -140 -456 110 1 0 0 0 1 0 0 0 1 placa2x2.dat
1 6 -180 -456 110 1 0 0 0 1 0 0 0 1 bald2x2.dat
1 6 -100 -456 110 1 0 0 0 1 0 0 0 1 bald2x2.dat
1 6 -200 -456 30 1 0 0 0 1 0 0 0 1 placa2x2.dat
1 6 -80 -456 30 1 0 0 0 1 0 0 0 1 placa2x2.dat
1 0 -120 -456 50 1 0 0 0 1 0 0 0 1 vntscorm.dat
1 0 -160 -456 70 1 0 0 0 1 0 0 0 1 rallado2.dat
1 0 -200 -480 50 1 0 0 0 1 0 0 0 1 placa2x8.dat
1 0 -200 -464 50 1 0 0 0 1 0 0 0 1 placa2.dat
1 0 -200 -472 50 1 0 0 0 1 0 0 0 1 placa2.dat
1 0 -80 -464 50 1 0 0 0 1 0 0 0 1 placa2.dat
1 0 -80 -472 50 1 0 0 0 1 0 0 0 1 placa2.dat
1 6 -40 -488 70 0 0 -1 0 1 0 1 0 0 baldc4x8.dat
1 6 -120 -496 110 -1 0 0 0 1 0 0 0 -1 pastilla.dat
1 6 -120 -528 250 0 0 -1 0 1 0 1 0 0 baldc4.dat
1 6 -60 -528 210 -1 0 0 0 1 0 0 0 -1 baldc2.dat
1 6 -160 -528 210 -1 0 0 0 1 0 0 0 -1 baldc2.dat
1 6 -160 -528 250 -1 0 0 0 1 0 0 0 -1 baldc2.dat
1 6 -60 -528 250 -1 0 0 0 1 0 0 0 -1 baldc2.dat
1 0 -120 -584 316 1 0 0 0 0 1 0 -1 0 popa4p.dat
1 383 -120 -614 332 0 1 0 0 0 1 1 0 0 eje15.dat
1 57 -120 -628 347 0 0 -1 0 1 0 1 0 0 amortigu.dat
1 14 -128 -604 337 1 0 0 0 1 0 0 0 1 enganche.dat
1 0 -120 -652 347 -1 0 0 0 1 0 0 0 -1 piquito.dat
1 0 -120 -604 328 -1 0 0 0 1 0 0 0 -1 engbarco.dat
1 4 -80 -544 300 0 0 1 -1 0 0 0 -1 0 placa2.dat
1 4 -80 -564 308 0 0 1 -1 0 0 0 -1 0 placa2.dat
1 4 -80 -584 316 0 0 1 -1 0 0 0 -1 0 placa1.dat
1 4 -80 -584 300 0 0 1 -1 0 0 0 -1 0 placa1.dat
1 4 -180 -584 316 0 0 1 -1 0 0 0 -1 0 placa1.dat
1 4 -180 -584 300 0 0 1 -1 0 0 0 -1 0 placa1.dat
1 4 -180 -544 300 0 0 1 -1 0 0 0 -1 0 placa2.dat
1 4 -180 -564 308 0 0 1 -1 0 0 0 -1 0 placa2.dat
1 4 -60 -544 300 -1 0 0 0 0 -1 0 -1 0 tejado.dat
1 4 -100 -544 300 -1 0 0 0 0 -1 0 -1 0 tejado.dat
1 4 -140 -544 300 -1 0 0 0 0 -1 0 -1 0 tejado.dat
1 4 -60 -564 308 -1 0 0 0 0 -1 0 -1 0 tejado.dat
1 4 -100 -564 308 -1 0 0 0 0 -1 0 -1 0 tejado.dat
1 4 -140 -564 308 -1 0 0 0 0 -1 0 -1 0 tejado.dat
1 4 -60 -584 316 -1 0 0 0 0 -1 0 -1 0 tejado.dat
1 4 -100 -584 316 -1 0 0 0 0 -1 0 -1 0 tejado.dat
1 4 -140 -584 316 -1 0 0 0 0 -1 0 -1 0 tejado.dat
1 4 -60 -604 324 -1 0 0 0 0 -1 0 -1 0 tejado.dat
1 4 -180 -584 332 0 0 1 -1 0 0 0 -1 0 bald2r.dat
1 4 -60 -604 332 0 0 -1 1 0 0 0 -1 0 bald2r.dat
1 4 -100 -604 332 0 0 -1 1 0 0 0 -1 0 bald2.dat
1 4 -100 -604 324 -1 0 0 0 0 -1 0 -1 0 tejado.dat
1 4 -140 -604 324 -1 0 0 0 0 -1 0 -1 0 tejado.dat
1 0 -140 -524 284 1 0 0 0 0 1 0 -1 0 placa2.dat
1 6 -80 -528 190 -1 0 0 0 1 0 0 0 -1 placa4.dat
1 6 -80 -528 210 -1 0 0 0 1 0 0 0 -1 placa4.dat
1 6 -60 -488 230 -1 0 0 0 1 0 0 0 -1 placa4x6.dat
1 4 -120 -496 270 -1 0 0 0 1 0 0 0 -1 baldc4.dat
1 0 -120 -488 230 0 0 -1 0 1 0 1 0 0 placa2x3.dat
1 0 -80 -488 230 0 0 -1 0 1 0 1 0 0 placa2x3.dat
1 0 -120 -456 150 1 0 0 0 1 0 0 0 1 placa2x3.dat
1 6 -120 -456 -150 0 0 1 0 1 0 -1 0 0 baldc4.dat
1 6 -80 -456 -150 1 0 0 0 1 0 0 0 1 baldc2.dat
1 6 -180 -456 -150 1 0 0 0 1 0 0 0 1 baldc2.dat
1 0 -120 -456 10 0 0 1 0 1 0 -1 0 0 tubo.dat
1 0 -120 -863 170 -1 0 0 0 0 -1 0 -1 0 mastilh.dat
1 6 -33 -863 170 0 1 0 0 0 -1 -1 0 0 mastf070.dat
1 0 -120 -754 170 -1 0 0 0 0 -1 0 -1 0 mastilh.dat
1 0 -120 -738 210 1 0 0 0 0 -1 0 1 0 mastilh.dat
1 6 -180 -739 210.001 0 -1 0 0.685183 0 -0.728371 0.728371 0 0.685183 mastf050.dat
1 0 -120 -588 170 -1 0 0 0 0 -1 0 -1 0 mastilh.dat
1 6 4 -588 170 0 1 0 0 0 -1 -1 0 0 mastf100.dat
1 0 -120 -763 -10 -1 0 0 0 0 -1 0 -1 0 mastilh.dat
1 6 5 -763 -10 0 1 0 0 0 -1 -1 0 0 mastf100.dat
1 0 -120 -597 -10 -1 0 0 0 0 -1 0 -1 0 mastilh.dat
1 6 4 -597 -10 0 1 0 0 0 -1 -1 0 0 mastf100.dat
1 0 -120 -765 -240 -1 0 0 0 0 -1 0 -1 0 mastilh.dat
1 6 -14 -765 -240 0 1 0 0.55557 0 -0.83147 -0.83147 0 -0.55557 mastf085.dat
1 0 -120 -599 -240 -1 0 0 0 0 -1 0 -1 0 mastilh.dat
1 6 4 -599 -240 0 1 0 -0.382683 0 -0.92388 -0.92388 0 0.382683 mastf100.dat
1 0 -120 -928.4 -10 -1 0 0 0 0 -1 0 -1 0 mastilh.dat
1 0 -120 -874 -240 -1 0 0 0 0 -1 0 -1 0 mastilh.dat
1 6 -33 -874 -240 0 1 0 0 0 -1 -1 0 0 mastf070.dat
1 0 -48 -874 -228 0 0 1 1 0 0 0 1 0 engbarco.dat
1 0 -120 -961 -207 1 0 0 0 0 -1 0 1 0 engbarco.dat
1 0 -120 -971 -232.999 -1 0 0 0 0 -1 0 -1 0 engbarco.dat
1 0 -120 -1026 22.999 1 0 0 0 0 -1 0 1 0 engbarco.dat
1 0 -120 -968 201.999 1 0 0 0 0 -1 0 1 0 engbarco.dat
1 0 -120 -1019 -2.999 -1 0 0 0 0 -1 0 -1 0 engbarco.dat
1 0 -33 -765 -228 0 0 1 1 0 0 0 1 0 engbarco.dat
1 0 -13 -594.408 -228.914 0 0 1 0.92388 0.382683 0 -0.382683 0.92388 0 engbarco.dat
1 0 -229 -594.408 -228.914 0 0 1 0.92388 0.382683 0 -0.382683 0.92388 0 engbarco.dat
1 0 -208 -765 -228 0 0 1 1 0 0 0 1 0 engbarco.dat
1 0 -213 -771.667 -230.023 0 0 1 0.83147 -0.55557 0 0.55557 0.83147 0 engbarco.dat
1 0 -28 -771.667 -230.023 0 0 1 0.83147 -0.55557 0 0.55557 0.83147 0 engbarco.dat
1 0 -193 -874 -228 0 0 1 1 0 0 0 1 0 engbarco.dat
1 0 -130 -881 30 0 -1 0 1 0 0 0 0 1 nrutllnt.dat
1 6 -120 -464 10 0 0 1 0 1 0 -1 0 0 mastg190.dat
1 6 -120 -922 10 0 0 1 0 1 0 -1 0 0 mastf050.dat
1 4 -120 -1047 10 0 0 -1 0 1 0 1 0 0 bandera.dat
1 6 -120 -866 190 0 0 1 0 1 0 -1 0 0 mastf050.dat
1 4 -120 -991 190 0 0 -1 0 1 0 1 0 0 bandera.dat
1 6 -120 -866 -220 0 0 -1 0 1 0 1 0 0 mastf050.dat
1 4 -120 -991 -220 0 0 -1 0 1 0 1 0 0 bandera.dat
1 4 -120 -536 190 -1 0 0 0 1 0 0 0 -1 mastbase.dat
1 6 -120 -544 190 0 0 1 0 1 0 -1 0 0 mastg135.dat
1 0 -120 -504 -220 1 0 0 0 1 0 0 0 1 mastbase.dat
1 6 -120 -512 -220 0 0 1 0 1 0 -1 0 0 mastg150.dat
1 15 -120 -880 -250 1 0 0 0 0.999391 -0.0348995 0 0.0348995 0.999391 vela1.dat
1 15 -120 -760 -250 1 0 0 0 0.99863 -0.052336 0 0.052336 0.99863 vela2.dat
1 6 -14 -762.467 -9.797 0 1 0 0.55557 0 -0.83147 -0.83147 0 -0.55557 mastf085.dat
1 0 -13 -591.875 1.289 0 0 1 0.92388 0.382683 0 -0.382683 0.92388 0 engbarco.dat
1 0 -229 -591.875 1.289 0 0 1 0.92388 0.382683 0 -0.382683 0.92388 0 engbarco.dat
1 0 -213 -769.134 0.18 0 0 1 0.83147 -0.55557 0 0.55557 0.83147 0 engbarco.dat
1 0 -28 -769.134 0.18 0 0 1 0.83147 -0.55557 0 0.55557 0.83147 0 engbarco.dat
1 15 -120 -757.467 -19.797 1 0 0 0 0.99863 -0.052336 0 0.052336 0.99863 vela2.dat
1 6 -14 -754.163 169.878 0 1 0 0.55557 0 -0.83147 -0.83147 0 -0.55557 mastf085.dat
1 6 -14 -928.467 -9.797 0 1 0 0.55557 0 -0.83147 -0.83147 0 -0.55557 mastf085.dat
1 0 -13 -757.875 1.289 0 0 1 0.92388 0.382683 0 -0.382683 0.92388 0 engbarco.dat
1 0 -229 -757.875 1.289 0 0 1 0.92388 0.382683 0 -0.382683 0.92388 0 engbarco.dat
1 0 -213 -935.134 0.18 0 0 1 0.83147 -0.55557 0 0.55557 0.83147 0 engbarco.dat
1 0 -28 -935.134 0.18 0 0 1 0.83147 -0.55557 0 0.55557 0.83147 0 engbarco.dat
1 15 -120 -923.467 -19.797 1 0 0 0 0.99863 -0.052336 0 0.052336 0.99863 vela2.dat
1 0 -48 -863.163 181.878 0 0 1 1 0 0 0 1 0 engbarco.dat
1 0 -80.878 -747.341 201.372 0 0 -1 0.728371 -0.685183 0 -0.685183 -0.728371 0 engbarco.dat
1 15 -120.999 -624.008 332.479 1 0 0 0 -0.685183 0.728371 0 -0.728371 -0.685183 vela3.dat
1 0 -161.877 -747.341 201.372 0 0 -1 0.728371 -0.685183 0 -0.685183 -0.728371 0 engbarco.dat
1 0 -33 -754.163 181.878 0 0 1 1 0 0 0 1 0 engbarco.dat
1 0 -13 -583.571 180.964 0 0 1 0.92388 0.382683 0 -0.382683 0.92388 0 engbarco.dat
1 0 -229 -583.571 180.964 0 0 1 0.92388 0.382683 0 -0.382683 0.92388 0 engbarco.dat
1 0 -208 -754.163 181.878 0 0 1 1 0 0 0 1 0 engbarco.dat
1 0 -213 -760.83 179.855 0 0 1 0.83147 -0.55557 0 0.55557 0.83147 0 engbarco.dat
1 0 -28 -760.83 179.855 0 0 1 0.83147 -0.55557 0 0.55557 0.83147 0 engbarco.dat
1 0 -193 -863.163 181.878 0 0 1 1 0 0 0 1 0 engbarco.dat
1 15 -120 -869.163 159.878 1 0 0 0 0.999391 -0.0348995 0 0.0348995 0.999391 vela1.dat
1 15 -120 -749.163 159.878 1 0 0 0 0.99863 -0.052336 0 0.052336 0.99863 vela2.dat
1 6 -120 -486.817 -232.186 0 0 1 0.930418 0.366502 0 -0.366502 0.930418 0 mastg135.dat
1 6 -120 -589.437 -492.703 0 0 1 0.930418 0.366502 0 -0.366502 0.930418 0 mastf050.dat
1 0 -120 -472 -250 -1 0 0 0 0.930418 -0.366502 0 -0.366502 -0.930418 mastilh.dat
1 0 -120 -497.562 -260.495 1 0 0 0 0.378649 -0.92554 0 0.92554 0.378649 mastbase.dat
1 0 -120 -475.855 -286.662 -1 0 0 0 0.378649 0.92554 0 0.92554 -0.378649 bispqaba.dat
1 0 -120 -614.064 -499.047 1 0 0 0 -0.917061 -0.398749 0 0.398749 -0.917061 mastilh.dat
1 0 -120 -472 -250 -1 0 0 0 1 0 0 0 -1 mastilm.dat
1 0 -180 -352 90 -1 0 0 0 1 0 0 0 -1 proa4.dat
1 4 -180 -376 130 -1 0 0 0 1 0 0 0 -1 proa4p.dat
1 6 -140 -376 130 -1 0 0 0 1 0 0 0 -1 placa2x2.dat
1 6 -60 -376 130 -1 0 0 0 1 0 0 0 -1 placa2x2.dat
1 6 -60 -376 -70 -1 0 0 0 1 0 0 0 -1 placa2x2.dat
1 0 -40 -376 -90 -1 0 0 0 1 0 0 0 -1 placa1.dat
1 0 -60 -384 -150 -1 0 0 0 1 0 0 0 -1 placa1.dat
1 0 -60 -392 -150 -1 0 0 0 1 0 0 0 -1 placa1.dat
1 0 -60 -392 190 -1 0 0 0 1 0 0 0 -1 placa1.dat
1 0 -60 -384 190 -1 0 0 0 1 0 0 0 -1 placa1.dat
1 0 -40 -384 -90 -1 0 0 0 1 0 0 0 -1 respirad.dat
1 0 -40 -384 150 -1 0 0 0 1 0 0 0 -1 respirad.dat
1 0 -40 -384 -30 -1 0 0 0 1 0 0 0 -1 respirad.dat
1 0 -40 -384 30 -1 0 0 0 1 0 0 0 -1 respirad.dat
1 0 -40 -384 90 -1 0 0 0 1 0 0 0 -1 respirad.dat
1 0 -188.478 -408 187.654 0.382683 -0.92388 0 0 0 -1 0.92388 0.382683 0 mastilh.dat
0 MLCAD HIDE 1 0 -190.325 -408 188.419 0.382683 -0.92388 0 0 0 -1 0.92388 0.382683 0 mastilm.dat
1 0 -199.616 -408 133.902 0.19509 -0.980785 0 0 0 -1 0.980785 0.19509 0 mastilh.dat
0 MLCAD HIDE 1 0 -201.577 -408 134.292 0.19509 -0.980785 0 0 0 -1 0.980785 0.19509 0 mastilm.dat
1 0 -200 -408 70 0 -1 0 0 0 -1 1 0 0 mastilh.dat
0 MLCAD HIDE 1 0 -202 -408 70 0 -1 0 0 0 -1 1 0 0 mastilm.dat
1 0 -200 -408 10 0 -1 0 0 0 -1 1 0 0 mastilh.dat
0 MLCAD HIDE 1 0 -202 -408 10 0 -1 0 0 0 -1 1 0 0 mastilm.dat
1 0 -200.001 -408 -50 0 -1 0 0 0 -1 1 0 0 mastilh.dat
0 MLCAD HIDE 1 0 -202 -408 -50 0 -1 0 0 0 -1 1 0 0 mastilm.dat
1 0 -199.616 -408 -113.902 -0.19509 -0.980785 0 0 0 -1 0.980785 -0.19509 0 mastilh.dat
0 MLCAD HIDE 1 0 -201.577 -408 -114.292 -0.19509 -0.980785 0 0 0 -1 0.980785 -0.19509 0 mastilm.dat
1 0 -188.478 -408 -167.654 -0.382683 -0.92388 0 0 0 -1 0.92388 -0.382683 0 mastilh.dat
0 MLCAD HIDE 1 0 -190.325 -408 -168.419 -0.382683 -0.92388 0 0 0 -1 0.92388 -0.382683 0 mastilm.dat
1 0 -180 -392 -169.999 1 0 0 0 1 0 0 0 1 placa1.dat
1 0 -180 -384 -169.999 1 0 0 0 1 0 0 0 1 placa1.dat
1 0 -180 -392 170.001 1 0 0 0 1 0 0 0 1 placa1.dat
1 0 -180 -384 170.001 1 0 0 0 1 0 0 0 1 placa1.dat
1 0 -200.001 -384 110 1 0 0 0 1 0 0 0 1 respirad.dat
1 0 -200 -384 -130 1 0 0 0 1 0 0 0 1 respirad.dat
1 0 -200 -384 50 1 0 0 0 1 0 0 0 1 respirad.dat
1 0 -200 -384 -10 1 0 0 0 1 0 0 0 1 respirad.dat
1 0 -200 -384 -70 1 0 0 0 1 0 0 0 1 respirad.dat
1 4 -20 -376 -70 -1 0 0 0 1 0 0 0 -1 bald2.dat
1 4 -20 -376 -30 -1 0 0 0 1 0 0 0 -1 bald2.dat
1 4 -20 -376 10 -1 0 0 0 1 0 0 0 -1 bald2.dat
1 4 -20 -376 50 -1 0 0 0 1 0 0 0 -1 bald2.dat
1 4 -20 -376 90 -1 0 0 0 1 0 0 0 -1 bald2.dat
1 4 -20 -376 130 -1 0 0 0 1 0 0 0 -1 bald2.dat
1 4 -200 -376 -70 -1 0 0 0 1 0 0 0 -1 bald2.dat
1 4 -200 -376 -30 -1 0 0 0 1 0 0 0 -1 bald2.dat
1 4 -200 -376 10 -1 0 0 0 1 0 0 0 -1 bald2.dat
1 4 -200 -376 50 -1 0 0 0 1 0 0 0 -1 bald2.dat
1 4 -200 -376 90 -1 0 0 0 1 0 0 0 -1 bald2.dat
1 4 -200 -376 130 -1 0 0 0 1 0 0 0 -1 bald2.dat
1 0 -160 -376 -90 -1 0 0 0 1 0 0 0 -1 placa1.dat
1 0 -40 -376 130 -1 0 0 0 1 0 0 0 -1 placa1.dat
1 0 -160 -376 130 -1 0 0 0 1 0 0 0 -1 placa1.dat
1 6 -140 -376 -70 -1 0 0 0 1 0 0 0 -1 placa2x2.dat
1 4 -60 -376 130 -1 0 0 0 1 0 0 0 -1 proa4p.dat
1 0 -60 -424 -270 0 0 -1 0 1 0 1 0 0 enganch2.dat
1 0 -60 -424 -250 0 0 -1 0 1 0 1 0 0 enganch2.dat
1 0 -80 -424 -230 -1 0 0 0 1 0 0 0 -1 enganch2.dat
1 0 -140 -424 -230 -1 0 0 0 1 0 0 0 -1 enganch2.dat
1 0 -180 -424 -230 0 0 1 0 1 0 -1 0 0 enganch2.dat
1 0 -180 -424 -250 0 0 1 0 1 0 -1 0 0 enganch2.dat
1 0 -60 -384 -230 0 0 -1 0 1 0 1 0 0 enganch2.dat
1 0 -180 -384 -210 0 0 1 0 1 0 -1 0 0 enganch2.dat
1 0 -60 -376 -210 -1 0 0 0 1 0 0 0 -1 placa1.dat
1 0 -160 -376 -210 -1 0 0 0 1 0 0 0 -1 placa1.dat
1 0 -100 -376 -210 -1 0 0 0 1 0 0 0 -1 placa2.dat
1 0 -60 -384 30 0 0 -1 0 1 0 1 0 0 enganch2.dat
1 0 -60 -424 30 0 0 -1 0 1 0 1 0 0 enganch2.dat
1 0 -60 -416 30 0 0 -1 0 1 0 1 0 0 placa1.dat
1 0 -60 -408 30 0 0 -1 0 1 0 1 0 0 placa1.dat
1 4 -70 -464 -240 0 0 -1 0 1 0 1 0 0 gruab.dat
1 4 -170 -464 -240 0 0 -1 0 1 0 1 0 0 gruab.dat
1 6 -200 -464 50 1 0 0 0 1 0 0 0 1 pico.dat
1 6 -200 -496 130 1 0 0 0 1 0 0 0 1 placa2x2.dat
1 6 -200 -520 150 1 0 0 0 1 0 0 0 1 placa4.dat
1 6 -120 -520 150 1 0 0 0 1 0 0 0 1 placa4.dat
1 6 -200 -504 150 1 0 0 0 1 0 0 0 1 pico.dat
1 0 -160 -496 170 1 0 0 0 1 0 0 0 1 rallado2.dat
1 0 -120 -496 150 1 0 0 0 1 0 0 0 1 vntscorm.dat
1 6 -80 -496 130 1 0 0 0 1 0 0 0 1 placa2x2.dat
1 6 -60 -504 150 0 0 -1 0 1 0 1 0 0 placa4.dat
1 6 -60 -512 150 0 0 -1 0 1 0 1 0 0 placa4.dat
1 6 -160 -504 150 0 0 -1 0 1 0 1 0 0 placa4.dat
1 6 -160 -512 150 0 0 -1 0 1 0 1 0 0 placa4.dat
1 0 -60 -496 170 0 0 -1 0 1 0 1 0 0 placa2.dat
1 0 -160 -496 170 0 0 -1 0 1 0 1 0 0 placa2.dat
1 6 -140 -496 170 0 0 -1 0 1 0 1 0 0 jacena2.dat
1 6 -80 -496 170 0 0 -1 0 1 0 1 0 0 jacena2.dat
1 6 -80 -504 150 1 0 0 0 1 0 0 0 1 pico.dat
1 6 -80 -464 50 1 0 0 0 1 0 0 0 1 pico.dat
1 6 -56.001 -614.117 -499.125 0 1 0 0.134851 0 -0.990866 -0.990866 0 -0.134851 mastf050.dat
1 0 -60 -464 -230 0 0 -1 0 1 0 1 0 0 enganch2.dat
1 0 -80 -464 -210 -1 0 0 0 1 0 0 0 -1 jacena4.dat
1 0 -100 -488 -210 -1 0 0 0 1 0 0 0 -1 placa2.dat
1 0 -100 -496 -230 0 0 -1 0 1 0 1 0 0 remate_2.dat
1 0 -100 -488 -210 0 0 -1 0 1 0 1 0 0 remate_2.dat
1 0 -100 -472 -170 0 0 1 0 1 0 -1 0 0 jacena2.dat
1 0 -160 -472 -170 0 0 1 0 1 0 -1 0 0 jacena2.dat
1 0 -80 -464 -190 -1 0 0 0 1 0 0 0 -1 placa1.dat
1 0 -140 -464 -190 -1 0 0 0 1 0 0 0 -1 placa1.dat
1 0 -100 -464 -230 0 0 1 0 1 0 -1 0 0 enganch2.dat
1 0 -140 -464 -250 0 0 -1 0 1 0 1 0 0 enganch2.dat
1 0 -180 -464 -210 0 0 1 0 1 0 -1 0 0 enganch2.dat
1 4 -70 -504 -240 1 0 0 0 1 0 0 0 1 ejealfa.dat
1 0 -60 -536 -190 -1 0 0 0 1 0 0 0 -1 bald2r.dat
1 0 -100 -536 -230 0 0 1 0 1 0 -1 0 0 bald2.dat
1 0 -180 -536 -230 0 0 1 0 1 0 -1 0 0 bald2.dat
1 0 -160 -536 -190 -1 0 0 0 1 0 0 0 -1 bald2r.dat
1 0 -200 -520 70 0 0 1 0 1 0 -1 0 0 bald2r.dat
1 0 -40 -520 50 0 0 -1 0 1 0 1 0 0 bald2r.dat
1 0 -80 -520 50 0 0 -1 0 1 0 1 0 0 bald2.dat
1 0 -120 -520 50 0 0 -1 0 1 0 1 0 0 bald2.dat
1 0 -200 -560 170 0 0 1 0 1 0 -1 0 0 bald2r.dat
1 0 -40 -560 150 0 0 -1 0 1 0 1 0 0 bald2r.dat
1 0 -80 -560 150 0 0 -1 0 1 0 1 0 0 bald2.dat
1 0 -120 -560 150 0 0 -1 0 1 0 1 0 0 bald2.dat
1 0 -220 -491 335 0 0 1 0 1 0 -1 0 0 bald2r.dat
1 0 -20 -491 315 0 0 -1 0 1 0 1 0 0 bald2r.dat
1 0 -15.302 -516.92 195 -0.0697565 0 -0.997564 -0.997564 0 0.0697565 0 1 0 eje28.dat
1 0 -45.078 -642.799 195 -0.292372 0 -0.956305 -0.956305 0 0.292372 0 1 0 eje75.dat
1 0 -85.055 -776.971 195 -0.292372 0 -0.956305 -0.956305 0 0.292372 0 1 0 eje75.dat
1 0 -224.86 -518.992 195 0.0697565 0 0.997564 -0.997564 0 0.0697565 0 -1 0 eje28.dat
1 0 -195.084 -644.871 195 0.292372 0 0.956305 -0.956305 0 0.292372 0 -1 0 eje75.dat
1 0 -155.107 -779.043 195 0.292372 0 0.956305 -0.956305 0 0.292372 0 -1 0 eje75.dat
1 0 -100 -491 315 0 0 -1 0 1 0 1 0 0 bald2.dat
1 0 -60 -491 315 0 0 -1 0 1 0 1 0 0 bald2.dat
1 0 -140 -491 315 0 0 -1 0 1 0 1 0 0 bald2.dat
1 4 -70 -504 -220 1 0 0 0 1 0 0 0 1 ejealfa.dat
1 4 -70 -504 -200 1 0 0 0 1 0 0 0 1 ejealfa.dat
1 4 -170 -504 -240 1 0 0 0 1 0 0 0 1 ejealfa.dat
1 4 -150 -504 -240 1 0 0 0 1 0 0 0 1 ejealfa.dat
1 4 -90 -504 -240 1 0 0 0 1 0 0 0 1 ejealfa.dat
1 0 -140 -536 -230 0 0 1 0 1 0 -1 0 0 bald2.dat
1 0 -140 -512 -230 1 0 0 0 1 0 0 0 1 rallado2.dat
1 4 -170 -504 -220 1 0 0 0 1 0 0 0 1 ejealfa.dat
1 4 -170 -504 -200 1 0 0 0 1 0 0 0 1 ejealfa.dat
1 4 -70 -488 60 1 0 0 0 1 0 0 0 1 ejealfa.dat
1 4 -50 -488 60 1 0 0 0 1 0 0 0 1 ejealfa.dat
1 4 -50 -528 160 1 0 0 0 1 0 0 0 1 ejealfa.dat
1 4 -70 -528 160 1 0 0 0 1 0 0 0 1 ejealfa.dat
1 4 -90 -528 160 1 0 0 0 1 0 0 0 1 ejealfa.dat
1 4 -110 -528 160 1 0 0 0 1 0 0 0 1 ejealfa.dat
1 4 -130 -528 160 1 0 0 0 1 0 0 0 1 ejealfa.dat
1 4 -150 -528 160 1 0 0 0 1 0 0 0 1 ejealfa.dat
1 4 -170 -528 160 1 0 0 0 1 0 0 0 1 ejealfa.dat
1 4 -190 -528 160 1 0 0 0 1 0 0 0 1 ejealfa.dat
1 4 -110 -488 60 1 0 0 0 1 0 0 0 1 ejealfa.dat
1 4 -90 -488 60 1 0 0 0 1 0 0 0 1 ejealfa.dat
1 4 -150 -488 60 1 0 0 0 1 0 0 0 1 ejealfa.dat
1 4 -130 -488 60 1 0 0 0 1 0 0 0 1 ejealfa.dat
1 4 -190 -488 60 1 0 0 0 1 0 0 0 1 ejealfa.dat
1 4 -170 -488 60 1 0 0 0 1 0 0 0 1 ejealfa.dat
1 4 -180 -464 -210 0 1 0 1 0 0 0 0 -1 baldc4in.dat
1 0 -80 -601.732 -500.035 0 0 -1 0.113203 0.993572 0 0.993572 -0.113203 0 engbarco.dat
1 0 -160 -601.732 -500.035 0 0 -1 0.113203 0.993572 0 0.993572 -0.113203 0 engbarco.dat
1 15 -120 -759.237 -414.914 1 0 0 0 0.87462 0.48481 0 -0.48481 0.87462 vela3.dat
1 0 -119.883 -829.503 -349.043 0 0.48481 -0.87462 -0.746057 0.582394 0.322826 0.665882 0.652516 0.361696 eje75.dat
1 0 -120.398 -891.824 -293.318 0 0.48481 -0.87462 -0.746057 0.582394 0.322826 0.665882 0.652516 0.361696 eje75.dat
1 0 -120.244 -996.055 -116.709 0 0.48481 -0.87462 -0.25038 0.846761 0.469367 0.968148 0.218987 0.121387 eje75.dat
1 0 -120.244 -1002.31 -92.505 0 0.48481 -0.87462 -0.25038 0.846761 0.469367 0.968148 0.218987 0.121387 eje75.dat
1 0 -120.101 -993.53 102.302 0 0.48481 -0.87462 -0.329691 -0.825719 -0.457703 -0.944089 0.288354 0.159837 eje625.dat
1 4 -30 -494 142 0 0 1 1 0 0 0 1 0 gruab.dat
1 4 -30 -514 182 0 0 1 1 0 0 0 1 0 gruab.dat
1 4 -30 -474 102 0 0 1 1 0 0 0 1 0 gruab.dat
1 4 -40 -484 78 0 0 1 1 0 0 0 1 0 bald1.dat
1 4 -30 -494 166 -1 0 0 0 0 1 0 1 0 jacena1.dat
1 4 -210 -474 174 -1 0 0 0 0 1 0 1 0 jacena1.dat
1 4 -200 -484 174 0 0 -1 -1 0 0 0 1 0 placa1.dat
1 4 -200 -464 182 0 0 -1 -1 0 0 0 1 0 placa2.dat
1 4 -30 -474 174 -1 0 0 0 0 1 0 1 0 jacena1.dat
1 4 -20 -484 174 0 0 -1 -1 0 0 0 1 0 placa1.dat
1 4 -20 -464 182 0 0 -1 -1 0 0 0 1 0 placa2.dat
1 4 -210 -494 166 -1 0 0 0 0 1 0 1 0 jacena1.dat
1 4 -30 -474 126 0 0 1 1 0 0 0 1 0 jacena1.dat
1 4 -20 -484 150 -1 0 0 0 0 1 0 1 0 jacena4.dat
1 4 -140 -484 150 -1 0 0 0 0 1 0 1 0 jacena4.dat
1 0 -140 -484 126 -1 0 0 0 0 1 0 1 0 placa2.dat
1 0 -60 -484 126 -1 0 0 0 0 1 0 1 0 placa2.dat
1 0 -60 -484 118 -1 0 0 0 0 1 0 1 0 rejilla.dat
1 0 -140 -484 118 -1 0 0 0 0 1 0 1 0 rejilla.dat
1 4 -40 -504 118 0 0 1 1 0 0 0 1 0 enganc2.dat
1 4 -40 -524 158 0 0 1 1 0 0 0 1 0 enganc2.dat
1 4 -210 -494 142 0 0 1 1 0 0 0 1 0 gruab.dat
1 4 -210 -514 182 0 0 1 1 0 0 0 1 0 gruab.dat
1 4 -210 -474 102 0 0 1 1 0 0 0 1 0 gruab.dat
1 4 -220 -484 78 0 0 1 1 0 0 0 1 0 bald1.dat
1 4 -210 -474 126 0 0 1 1 0 0 0 1 0 jacena1.dat
1 4 -220 -504 118 0 0 1 1 0 0 0 1 0 enganc2.dat
1 4 -220 -524 158 0 0 1 1 0 0 0 1 0 enganc2.dat
1 4 -99.939 -434 -220.609 -1 0 0 0 0 -1 0 -1 0 chimenea.dat
1 0 -79.939 -434 -228.609 -1 0 0 0 0 -1 0 -1 0 chimplac.dat
1 6 -100 -424 -230 -1 0 0 0 1 0 0 0 -1 placa2x2.dat
1 6 -100 -432 -230 -1 0 0 0 1 0 0 0 -1 placa2x2.dat
1 0 -100 -448 -210 0 0 1 0 1 0 -1 0 0 placa2x3.dat
1 0 -100 -456 -250 1 0 0 0 1 0 0 0 1 placa2x2.dat
1 6 -180 -456 -250 1 0 0 0 1 0 0 0 1 placa2x2.dat
1 6 -160 -456 -210 1 0 0 0 1 0 0 0 1 placa4.dat
1 0 -140 -456 -230 1 0 0 0 1 0 0 0 1 placa2.dat
1 6 -100 -448 -230 0 0 -1 0 1 0 1 0 0 placa2x2.dat
1 6 -110 -424 -230 0 0 -1 0 1 0 1 0 0 jacena2.dat
1 6 -110 -400 -230 0 0 -1 0 1 0 1 0 0 jacena2.dat
1 0 -150 -384 -230 1 0 0 0 1 0 0 0 1 placa2x3.dat
1 0 -150 -392 -230 1 0 0 0 1 0 0 0 1 placa2x3.dat
1 0 -180 -448 -210 0 0 1 0 1 0 -1 0 0 placa2x3.dat
1 4 -99.25 -434 -206.785 -0.980785 -0.19509 0 0 0 -1 0.19509 -0.980785 0 chimenea.dat
1 4 -60 -460 -210 0 -1 0 0 0 1 -1 0 0 baldc4in.dat
1 4 -52 -484 -230 0 -1 0 0 0 -1 1 0 0 bispqaba.dat
1 0 -54.163 -514.924 -220 -0.0697565 -0.997564 0 -0.997564 0.0697565 0 0 0 -1 eje26.dat
1 0 -68.55 -639.054 -220 -0.128796 -0.991671 0 -0.991671 0.128796 0 0 0 -1 eje75.dat
1 0 -88.514 -792.761 -220 -0.128796 -0.991671 0 -0.991671 0.128796 0 0 0 -1 eje75.dat
1 0 -99.202 -875.069 -220 -0.128796 -0.991671 0 -0.991671 0.128796 0 0 0 -1 eje75.dat
1 4 -188 -484 -230 0 1 0 0 0 -1 -1 0 0 bispqaba.dat
1 0 -185.837 -514.924 -220.001 0.0697565 0.997564 0 -0.997564 0.0697565 0 0 0 1 eje26.dat
1 0 -171.449 -639.054 -220 0.128796 0.991671 0 -0.991671 0.128796 0 0 0 1 eje75.dat
1 0 -151.486 -792.761 -220 0.128796 0.991671 0 -0.991671 0.128796 0 0 0 1 eje75.dat
1 0 -140.798 -875.069 -220 0.128796 0.991671 0 -0.991671 0.128796 0 0 0 1 eje75.dat
1 4 -140 -464 -250 0 -1 0 0 0 -1 1 0 0 bald2.dat
1 4 -100 -464 -230 0 1 0 0 0 -1 -1 0 0 bald2.dat
1 0 -100 -464 -170 -1 0 0 0 1 0 0 0 -1 vntscorm.dat
1 6 -140 -496 -190 -1 0 0 0 1 0 0 0 -1 pico.dat
1 6 -60 -496 -190 -1 0 0 0 1 0 0 0 -1 pico.dat
1 6 -60 -472 -170 -1 0 0 0 1 0 0 0 -1 pico.dat
1 6 -140 -472 -170 -1 0 0 0 1 0 0 0 -1 pico.dat
1 0 -60 -488 -170 -1 0 0 0 1 0 0 0 -1 placa2x2.dat
1 0 -140 -488 -170 -1 0 0 0 1 0 0 0 -1 placa2x2.dat
1 0 -140 -488 -210 -1 0 0 0 1 0 0 0 -1 placa2x2.dat
1 0 -60 -496 -250 0 0 -1 0 1 0 1 0 0 placa2x3.dat
1 0 -140 -496 -250 0 0 -1 0 1 0 1 0 0 placa2x3.dat
1 0 -60 -488 -210 -1 0 0 0 1 0 0 0 -1 placa2x2.dat
1 0 -70 -472 -180 -1 0 0 0 1 0 0 0 -1 cilindro.dat
1 0 -170 -472 -180 -1 0 0 0 1 0 0 0 -1 cilindro.dat
1 0 -170 -464 -180 0 0 -1 0 1 0 1 0 0 chimplac.dat
1 0 -70 -464 -180 0 0 -1 0 1 0 1 0 0 chimplac.dat
1 0 -60 -456 -170 0 0 -1 0 1 0 1 0 0 placa1.dat
1 0 -160 -456 -170 0 0 -1 0 1 0 1 0 0 placa1.dat
1 0 -80 -464 -190 0 0 -1 0 1 0 1 0 0 placa2.dat
1 0 -140 -464 -190 0 0 -1 0 1 0 1 0 0 placa2.dat
1 0 -12.327 -424 10.089 0 -1 0 0 0 1 -1 0 0 compuert.dat
1 4 -12.327 -424 10.089 0 -1 0 0 0 1 -1 0 0 bispqaba.dat
1 4 -20.327 -484 10.089 0 -1 0 0 0 -1 1 0 0 bispqaba.dat
1 0 -36.114 -573.166 10.089 -0.177944 -0.984041 0 -0.984041 0.177944 0 0 0 -1 eje75.dat
1 0 -68.144 -750.293 10.089 -0.177944 -0.984041 0 -0.984041 0.177944 0 0 0 -1 eje75.dat
1 0 -91.276 -878.22 10.089 -0.177944 -0.984041 0 -0.984041 0.177944 0 0 0 -1 eje75.dat
1 4 -219.327 -484 10.089 0 1 0 0 0 -1 -1 0 0 bispqaba.dat
1 0 -203.54 -573.166 10.089 0.177944 0.984041 0 -0.984041 0.177944 0 0 0 1 eje75.dat
1 0 -171.51 -750.293 10.089 0.177944 0.984041 0 -0.984041 0.177944 0 0 0 1 eje75.dat
1 0 -148.377 -878.22 10.089 0.177944 0.984041 0 -0.984041 0.177944 0 0 0 1 eje75.dat
1 4 -28.327 -484 -29.911 0 -1 0 1 0 0 0 0 1 bald1.dat
1 4 -28.327 -484 30.089 0 -1 0 1 0 0 0 0 1 bald1.dat
1 4 -28.327 -484 50.089 0 -1 0 1 0 0 0 0 1 bald1.dat
1 6 -36.327 -424 -9.911 0 -1 0 0 0 -1 1 0 0 placa4.dat
1 6 -36.327 -424 -89.911 0 -1 0 0 0 -1 1 0 0 placa4.dat
1 0 -36.327 -444 -89.911 0 -1 0 0 0 -1 1 0 0 placa2x8.dat
1 6 -36.327 -464 70.089 0 -1 0 1 0 0 0 0 1 placa2x2.dat
1 0 -42.989 -444 -137.415 0 -0.19509 -0.980785 1 0 0 0 -0.980785 0.19509 enganch2.dat
1 0 -72.413 -434 -131.562 0 -0.19509 -0.980785 1 0 0 0 -0.980785 0.19509 jacena1.dat
1 0 -73.974 -434 -139.409 0.980785 -0.19509 0 0 0 1 -0.19509 -0.980785 0 chimplac.dat
1 0 -46.327 -434 -97.911 -1 0 0 0 0 -1 0 -1 0 chimplac.dat
1 4 -48.096 -434 -111.97 0.980785 -0.19509 0 0 0 1 -0.19509 -0.980785 0 chimenea.dat
1 6 -28.327 -464 30.089 0 -1 0 1 0 0 0 0 1 placa4.dat
1 6 -28.327 -464 90.089 0 -1 0 1 0 0 0 0 1 placa4.dat
1 6 -28.327 -464 -29.911 0 -1 0 1 0 0 0 0 1 placa4.dat
1 6 -28.327 -464 -89.911 0 -1 0 1 0 0 0 0 1 placa4.dat
1 0 -60.327 -424 30.089 0 -1 0 1 0 0 0 0 1 placa2.dat
1 0 -60 -384 -30 0 0 -1 0 1 0 1 0 0 enganch2.dat
1 0 -60 -424 -30 0 0 -1 0 1 0 1 0 0 enganch2.dat
1 0 -60 -416 -30 0 0 -1 0 1 0 1 0 0 placa1.dat
1 0 -60 -408 -30 0 0 -1 0 1 0 1 0 0 placa1.dat
1 0 -60.327 -424 -29.911 0 -1 0 0 0 -1 1 0 0 jacena4.dat
1 0 -60.327 -424 -29.911 0 -1 0 1 0 0 0 0 1 placa2.dat
1 0 -180 -384 -10 0 0 1 0 1 0 -1 0 0 enganch2.dat
1 0 -180 -424 -10 0 0 1 0 1 0 -1 0 0 enganch2.dat
1 0 -60 -424 -10 0 0 -1 0 1 0 1 0 0 enganch2.dat
1 0 -180 -424 10 0 0 1 0 1 0 -1 0 0 enganch2.dat
1 0 -60 -424 10 0 0 -1 0 1 0 1 0 0 enganch2.dat
1 0 -180 -424 30 0 0 1 0 1 0 -1 0 0 enganch2.dat
1 0 -180 -416 -10 0 0 1 0 1 0 -1 0 0 placa1.dat
1 0 -180 -408 -10 0 0 1 0 1 0 -1 0 0 placa1.dat
1 0 -179.673 -424 -10.089 0 1 0 1 0 0 0 0 -1 placa2.dat
1 0 -180 -384 49.999 0 0 1 0 1 0 -1 0 0 enganch2.dat
1 0 -180 -424 49.999 0 0 1 0 1 0 -1 0 0 enganch2.dat
1 0 -180 -416 49.999 0 0 1 0 1 0 -1 0 0 placa1.dat
1 0 -180 -408 49.999 0 0 1 0 1 0 -1 0 0 placa1.dat
1 6 -187.673 -424 109.911 0 1 0 1 0 0 0 0 -1 jacena2.dat
1 6 -187.673 -424 49.911 0 1 0 1 0 0 0 0 -1 jacena2.dat
1 6 -187.673 -424 -10.089 0 1 0 1 0 0 0 0 -1 jacena2.dat
1 6 -187.673 -424 -70.089 0 1 0 1 0 0 0 0 -1 jacena2.dat
1 0 -179.673 -424 49.911 0 1 0 0 0 -1 -1 0 0 jacena4.dat
1 0 -179.673 -424 49.911 0 1 0 1 0 0 0 0 -1 placa2.dat
1 0 -179.673 -424 109.911 0 1 0 1 0 0 0 0 -1 placa2.dat
1 0 -179.673 -424 -70.089 0 1 0 1 0 0 0 0 -1 placa2.dat
1 4 -20.327 -424 -29.911 0 -1 0 0 0 -1 1 0 0 bald2.dat
1 0 -28.327 -424 30.089 0 -1 0 -1 0 0 0 0 -1 remate_2.dat
1 0 -28.327 -424 90.089 0 -1 0 -1 0 0 0 0 -1 remate_2.dat
1 4 -20.327 -384 -29.911 0 -1 0 0 0 -1 1 0 0 bald2r.dat
1 4 -20.327 -424 30.089 0 -1 0 0 0 -1 1 0 0 bald2.dat
1 4 -20.327 -384 30.089 0 -1 0 0 0 -1 1 0 0 bald2r.dat
1 0 -12.327 -424 70.089 0 -1 0 0 0 1 -1 0 0 compuert.dat
1 4 -12.327 -424 70.089 0 -1 0 0 0 1 -1 0 0 bispqaba.dat
1 0 -60 -424 110 0 0 -1 0 -1 0 -1 0 0 enganch2.dat
1 0 -60 -400 110 0 0 -1 0 -1 0 -1 0 0 enganc2.dat
1 4 -20.327 -424 90.089 0 -1 0 0 0 -1 1 0 0 bald2.dat
1 4 -20.327 -384 90.089 0 -1 0 0 0 -1 1 0 0 bald2r.dat
1 0 -13.583 -424 -112.839 -0.19509 -0.980785 0 0 0 1 -0.980785 0.19509 0 compuert.dat
1 4 -13.583 -424 -112.839 -0.19509 -0.980785 0 0 0 1 -0.980785 0.19509 0 bispqaba.dat
1 0 -44.925 -484 -147.388 0 -0.980785 0.19509 1 0 0 0 0.19509 0.980785 placa2x3.dat
1 6 -37.079 -464 -148.949 0 -0.980785 0.19509 1 0 0 0 0.19509 0.980785 placa4.dat
1 4 -29.233 -424 -150.51 0.19509 -0.980785 0 0 0 -1 0.980785 0.19509 0 bald2.dat
1 0 -25.372 -424 -90.102 0 -0.980785 -0.19509 -1 0 0 0 0.19509 -0.980785 remate_2.dat
1 4 -29.233 -384 -150.51 0.19509 -0.980785 0 0 0 -1 0.980785 0.19509 0 bald2r.dat
1 4 -25.374 -464 -90.102 0 -0.980785 -0.19509 -1 0 0 0 0.19509 -0.980785 bald2r.dat
1 4 -33.178 -464 -129.334 0 -0.980785 -0.19509 -1 0 0 0 0.19509 -0.980785 bald1.dat
1 0 -59.129 -444 -182.555 0 -0.382683 -0.923879 1 0 0 0 -0.923879 0.382683 enganch2.dat
1 0 -86.846 -434 -171.074 0.92388 -0.382683 0 0 0 0.999999 -0.382683 -0.923879 0 jacena1.dat
1 0 -96.031 -434 -193.248 0.923879 -0.382683 0 0 0 1 -0.382683 -0.923879 0 chimtubo.dat
1 4 -139.939 -434 -220.609 1 0 0 0 0 1 0 -1 0 chimenea.dat
1 0 -159.939 -434 -228.609 1 0 0 0 0 1 0 -1 0 chimplac.dat
1 4 -140.628 -434 -206.785 0.980785 0.19509 0 0 0 1 0.19509 -0.980785 0 chimenea.dat
1 0 -143.846 -434 -193.248 -0.923879 0.382683 0 0 0 -1 -0.382683 -0.923879 0 chimtubo.dat
1 4 -59.174 -434 -156.603 0.923879 -0.382683 0 0 0 1 -0.382683 -0.923879 0 chimenea.dat
1 0 -29.32 -424 -173.426 -0.382683 -0.923879 0 0 0 1 -0.923879 0.382683 0 compuert.dat
1 4 -29.32 -424 -173.426 -0.382683 -0.923879 0 0 0 1 -0.923879 0.382683 0 bispqaba.dat
1 0 -66.8 -484 -201.198 0 -0.923879 0.382683 1 0 0 0 0.382683 0.923879 placa2x3.dat
1 4 -36.448 -464 -148.826 0 -0.923879 -0.382683 -1 0 0 0 0.382683 -0.923879 bald2r.dat
1 4 -51.756 -464 -185.782 0 -0.923879 -0.382683 -1 0 0 0 0.382683 -0.923879 bald1.dat
1 6 -59.41 -464 -204.259 0 -0.923879 0.382683 1 0 0 0 0.382683 0.923879 placa4.dat
1 4 -52.019 -424 -207.321 0.382683 -0.923879 0 0 0 -1 0.923879 0.382683 0 bald2.dat
1 0 -36.448 -424 -148.827 0 -0.923879 -0.382683 -1 0 0 0 0.382683 -0.923879 remate_2.dat
1 4 -52.019 -384 -207.321 0.382683 -0.923879 0 0 0 -1 0.923879 0.382683 0 bald2r.dat
1 0 -36.327 -424 110.089 0 0 -1 -1 0 0 0 1 0 enganch2.dat
1 0 -66.327 -434 110.089 0 0 -1 -1 0 0 0 1 0 jacena1.dat
1 4 -36.327 -424 62.089 0 0 -1 -1 0 0 0 1 0 bald2.dat
1 0 -42.989 -424 157.592 0 -0.19509 -0.980785 -1 0 0 0 0.980785 -0.19509 enganch2.dat
1 0 -72.413 -434 151.739 0 -0.19509 -0.980785 -1 0 0 0 0.980785 -0.19509 jacena1.dat
1 0 -73.974 -433.999 159.587 0.980785 -0.19509 0 0 0 -1 0.19509 0.980785 0 chimplac.dat
1 0 -46.327 -434 118.089 -1 0 0 0 0 1 0 1 0 chimplac.dat
1 6 -36.327 -444 86.089 -1 0 0 0 0 1 0 1 0 jacena2.dat
1 4 -48.096 -434 132.148 0.980785 -0.19509 0 0 0 -1 0.19509 0.980785 0 chimenea.dat
1 0 -13.583 -424.001 133.017 0.19509 -0.980785 0 0 0 1 -0.980785 -0.19509 0 compuert.dat
1 4 -13.583 -424.001 133.017 0.19509 -0.980785 0 0 0 1 -0.980785 -0.19509 0 bispqaba.dat
1 6 -44.925 -423.999 167.566 0 -0.980785 0.19509 -1 0 0 0 -0.19509 -0.980785 placa2x2.dat
1 6 -37.079 -384 169.127 0 -0.980785 0.19509 -1 0 0 0 -0.19509 -0.980785 placa4.dat
1 4 -25.331 -384 151.072 -0.19509 -0.980785 0 0 0 -1 0.980785 -0.19509 0 bald2r.dat
1 0 -33.176 -423.999 149.511 0 -0.980785 0.19509 -1 0 0 0 -0.19509 -0.980785 remate_2.dat
1 4 -29.233 -463.999 170.688 0.19509 -0.980785 0 0 0 1 -0.980785 -0.19509 0 bald2.dat
1 0 -59.128 -424 202.733 0 -0.382683 -0.923879 -1 0 0 0 0.923879 -0.382683 enganch2.dat
1 0 -86.845 -434 191.252 0 -0.382683 -0.923879 -1 0 0 0 0.923879 -0.382683 jacena1.dat
1 0 -89.907 -434 198.644 0.923879 -0.382683 0 0 0 -1 0.382683 0.923879 0 chimplac.dat
1 4 -59.174 -434 176.78 0.923879 -0.382683 0 0 0 -1 0.382683 0.923879 0 chimenea.dat
1 0 -29.32 -424.001 193.604 0.382683 -0.923879 0 0 0 1 -0.923879 -0.382683 0 compuert.dat
1 4 -29.32 -424.001 193.604 0.382683 -0.923879 0 0 0 1 -0.923879 -0.382683 0 bispqaba.dat
1 0 -66.8 -424 221.376 0 -0.923879 0.382683 -1 0 0 0 -0.382683 -0.923879 placa2x3.dat
1 0 -66.8 -384 221.376 0 -0.923879 0.382683 -1 0 0 0 -0.382683 -0.923879 placa2.dat
1 6 -44.364 -464 209.021 0 -0.923879 0.382683 -1 0 0 0 -0.382683 -0.923879 placa4.dat
1 0 -59.671 -464 245.976 0 -0.923879 0.382683 -1 0 0 0 -0.382683 -0.923879 placa4.dat
1 0 -78.805 -524 292.17 0 -0.923879 0.382683 -1 0 0 0 -0.382683 -0.923879 bisnrarr.dat
1 4 -79.804 -524 292.171 0 0 -0.999999 1 0 0 0 -0.999999 0 bisnrarr.dat
1 0 -79.804 -524 292.171 0 0 -0.999999 1 0 0 0 -0.999999 0 bisnreje.dat
1 0 -67.062 -504 242.915 0.382683 -0.923879 0 0 0 0.999999 -0.92388 -0.382683 0 placa2x3.dat
1 4 -40.8 -484 221.322 0.382683 -0.923879 0 0 0 0.999999 -0.92388 -0.382683 0 placa2.dat
1 4 -18.364 -484 208.967 -0.382684 -0.923879 0 0 0 -0.999999 0.92388 -0.382683 0 bispqaba.dat
1 0 -78.805 -504 292.17 0.382683 -0.923879 0 0 0 0.999999 -0.92388 -0.382683 0 placa2.dat
1 0 -78.805 -584 292.171 0.382683 -0.923879 0 0 0 0.999999 -0.92388 -0.382683 0 placa2x3.dat
1 4 -40.8 -524 221.321 0.382683 -0.923879 0 0 0 0.999999 -0.92388 -0.382683 0 baldc2x2.dat
1 4 -56.107 -464 258.276 0 -0.923879 0.382683 -1 0 0 0 -0.382683 -0.923879 bald2r.dat
1 4 -56.107 -524 258.276 0.382683 -0.923879 0 0 0 0.999999 -0.92388 -0.382683 0 baldc2x2.dat
1 4 -71.414 -524 295.231 0.382683 -0.923879 0 0 0 0.999999 -0.92388 -0.382683 0 baldc2x2.dat
1 4 -71.414 -564 295.231 0.382683 -0.923879 0 0 0 0.999999 -0.92388 -0.382683 0 baldc2x2.dat
1 4 -71.414 -604 295.231 0.382683 -0.923879 0 0 0 0.999999 -0.92388 -0.382683 0 baldc2x2.dat
1 4 -56.108 -524 258.277 0 -0.923879 0.382683 -1 0 0 0 -0.382683 -0.923879 baldc4in.dat
1 0 -59.41 -384 224.437 0 -0.923879 0.382683 -1 0 0 0 -0.382683 -0.923879 placa4.dat
1 4 -44.365 -384.001 209.021 -0.382683 -0.923879 0 0 0 -1 0.923879 -0.382683 0 bald2r.dat
1 0 -51.755 -424 205.96 0 -0.923879 0.382683 -1 0 0 0 -0.382683 -0.923879 remate_2.dat
1 4 -52.019 -463.999 227.499 0.382683 -0.923879 0 0 0 1 -0.923879 -0.382683 0 bald2.dat
1 0 -180 -424 90 0 0 1 0 -1 0 1 0 0 enganch2.dat
1 0 -180 -400 90 0 0 1 0 -1 0 1 0 0 enganc2.dat
1 0 -227.673 -424 69.911 0 1 0 0 0 1 1 0 0 compuert.dat
1 4 -227.673 -424 69.911 0 1 0 0 0 1 1 0 0 bispqaba.dat
1 0 -203.673 -444 69.911 0 1 0 0 0 -1 -1 0 0 placa2x8.dat
1 6 -203.673 -424 69.911 0 1 0 0 0 -1 -1 0 0 placa4.dat
1 6 -203.673 -424 109.911 0 1 0 0 0 -1 -1 0 0 placa2x2.dat
1 6 -203.673 -424 -10.089 0 1 0 0 0 -1 -1 0 0 placa4.dat
1 0 -203.673 -444 109.911 0 0 1 1 0 0 0 1 0 enganch2.dat
1 0 -173.673 -434 109.911 0 0 1 1 0 0 0 1 0 jacena1.dat
1 4 -203.673 -444 61.911 0 0 1 1 0 0 0 1 0 bald2.dat
1 0 -197.011 -444 157.414 0 0.19509 0.980785 1 0 0 0 0.980785 -0.19509 enganch2.dat
1 0 -167.587 -434 151.561 0 0.19509 0.980785 1 0 0 0 0.980785 -0.19509 jacena1.dat
1 0 -166.026 -434 159.409 -0.980785 0.19509 0 0 0 1 0.19509 0.980785 0 chimplac.dat
1 0 -193.673 -434 117.911 1 0 0 0 0 -1 0 1 0 chimplac.dat
1 6 -203.673 -424 85.911 1 0 0 0 0 -1 0 1 0 jacena2.dat
1 4 -191.904 -434 131.97 -0.980785 0.19509 0 0 0 1 0.19509 0.980785 0 chimenea.dat
1 6 -211.673 -464 49.911 0 1 0 1 0 0 0 0 -1 placa4.dat
1 6 -211.673 -464 109.911 0 1 0 1 0 0 0 0 -1 placa4.dat
1 6 -211.673 -464 -70.089 0 1 0 1 0 0 0 0 -1 placa4.dat
1 6 -211.673 -464 -10.089 0 1 0 1 0 0 0 0 -1 placa4.dat
1 4 -219.674 -424 109.911 0 1 0 0 0 -1 -1 0 0 bald2.dat
1 0 -211.673 -424 49.911 0 1 0 -1 0 0 0 0 1 remate_2.dat
1 4 -211.673 -464 49.911 0 1 0 -1 0 0 0 0 1 bald1.dat
1 4 -211.673 -464 -30.089 0 1 0 -1 0 0 0 0 1 bald1.dat
1 4 -211.673 -464 29.911 0 1 0 -1 0 0 0 0 1 bald1.dat
1 0 -211.673 -424 -10.089 0 1 0 -1 0 0 0 0 1 remate_2.dat
1 4 -219.674 -384 109.911 0 1 0 0 0 -1 -1 0 0 bald2r.dat
1 4 -219.673 -424 49.911 0 1 0 0 0 -1 -1 0 0 bald2.dat
1 4 -219.673 -384 49.911 0 1 0 0 0 -1 -1 0 0 bald2r.dat
1 0 -227.673 -424 9.911 0 1 0 0 0 1 1 0 0 compuert.dat
1 4 -227.673 -424 9.911 0 1 0 0 0 1 1 0 0 bispqaba.dat
1 4 -219.673 -424 -10.089 0 1 0 0 0 -1 -1 0 0 bald2.dat
1 4 -219.673 -384 -10.089 0 1 0 0 0 -1 -1 0 0 bald2r.dat
1 0 -226.417 -424 132.839 0.19509 0.980785 0 0 0 1 0.980785 -0.19509 0 compuert.dat
1 4 -226.417 -424 132.839 0.19509 0.980785 0 0 0 1 0.980785 -0.19509 0 bispqaba.dat
1 6 -195.075 -462 167.388 0 0.980785 -0.19509 1 0 0 0 -0.19509 -0.980785 placa2x2.dat
1 6 -202.921 -464 168.949 0 0.980785 -0.19509 1 0 0 0 -0.19509 -0.980785 placa4.dat
1 4 -210.767 -424 170.51 -0.19509 0.980785 0 0 0 -1 -0.980785 -0.19509 0 bald2.dat
1 0 -214.628 -424 110.102 0 0.980785 0.19509 -1 0 0 0 -0.19509 0.980785 remate_2.dat
1 4 -210.767 -384 170.51 -0.19509 0.980785 0 0 0 -1 -0.980785 -0.19509 0 bald2r.dat
1 0 -180.871 -444 202.555 0 0.382683 0.923879 1 0 0 0 0.923879 -0.382683 enganch2.dat
